UUID,Rank,GameID,Country,Date
8a7bd5ac-1a20-4a67-8e5e-ce6b40d921ff,1,730,AT,2024-08-10
b7d9c96a-bf3f-421e-b197-6e93adf2ba21,2,306130,AT,2024-08-10
f6ffa535-53bd-45f4-a083-3d77adac67a7,3,1675200,AT,2024-08-10
48d28497-8d12-4e34-84fc-6b7d865f8e07,4,1593500,AT,2024-08-10
f795115b-02b3-47a2-b5a4-431dee93c4fc,5,2074920,AT,2024-08-10
ce829578-660b-4c96-8f4c-433ce7195905,6,236390,AT,2024-08-10
366072b2-7fbc-4e1c-b526-5cff8cc2a628,7,1222670,AT,2024-08-10
60e10970-6fb2-4b6c-86ac-fd36ac2c0c58,8,2933620,AT,2024-08-10
ed62be9a-3e38-4856-8de1-2fe3aca7ef10,9,33369,AT,2024-08-10
7e2f11f0-e6e0-45ec-b0ff-b2e361e78055,10,397540,AT,2024-08-10
e672e774-d5f0-4ff1-a7eb-ef9970f92e5f,11,1086940,AT,2024-08-10
f2552a79-3491-450d-b1b3-2b69cff261eb,12,238960,AT,2024-08-10
bf20ee24-1f0f-4941-95e6-4b0a37eb2d74,13,578080,AT,2024-08-10
edb7b52d-6fbd-48d2-a5af-3fab4186e7d3,14,1857090,AT,2024-08-10
80b630ca-7fe1-4775-96cc-ce58ea7a9266,15,2183900,AT,2024-08-10
8b1865ee-1091-46f2-a873-86b923fb3bac,16,2638370,AT,2024-08-10
a071894e-e77b-4c51-a874-025c2cfb9575,17,381210,AT,2024-08-10
a9b31aef-1236-402b-8f78-e2aa05f93e09,18,553850,AT,2024-08-10
852ade04-46df-4008-ad08-e4f8aaa3bdfd,19,15435,AT,2024-08-10
633a4647-3483-4337-963c-1325f5775ad2,20,2139460,AT,2024-08-10
0543f511-3149-4d16-88bc-242c6f165194,21,230410,AT,2024-08-10
a223b14e-4fbe-45ae-a283-54c2751b5eb3,22,782330,AT,2024-08-10
fc656e9c-e483-4c28-b7a4-8f10b7ed808d,23,29857,AT,2024-08-10
84191a39-095a-47e4-8b0f-da0e643ce6ec,24,2195250,AT,2024-08-10
1054b355-a8a2-442b-be79-a140285cbd4a,25,1245620,AT,2024-08-10
1e2420ef-936c-41c3-ab64-16547275fa25,26,252490,AT,2024-08-10
762ee9d4-6365-4379-91fd-db28679f7fd0,27,15366,AT,2024-08-10
3da66d78-867c-4afc-b354-9c9598f419aa,28,2344520,AT,2024-08-10
63d283bc-7eaf-4231-822d-85e90b8094ce,29,271590,AT,2024-08-10
1fa4f899-cb99-48ab-8ac8-99af91439450,30,1172470,AT,2024-08-10
8b5ad784-4666-42a1-905b-c992ad248aa7,31,2808930,AT,2024-08-10
dc0b285e-6241-417c-99a8-0e512689952c,32,41570,AT,2024-08-10
c8a4fa75-8d91-4d26-8e58-1dded109f41c,33,1449850,AT,2024-08-10
11ddd9f9-5e29-43a3-8d71-35620552d250,34,377160,AT,2024-08-10
16ba9906-372c-44f3-b6d0-df3af42f177f,35,39210,AT,2024-08-10
2f3a32c0-8722-4e3a-a442-10f30b61ffba,36,2751000,AT,2024-08-10
e950fe4a-305f-4864-880e-d7de11bc3c72,37,1599340,AT,2024-08-10
ed7c12ee-14ce-45f9-9dc8-acad4ce052a7,38,1716740,AT,2024-08-10
fb4f5ba5-35ad-4bcb-93bd-dab62e9ee9ad,39,27654,AT,2024-08-10
0bd560fb-480a-4a81-b570-e93c0be2b54e,40,1717250,AT,2024-08-10
12a5b4c7-6837-4b2f-984d-70fdd571ca7a,41,38150,AT,2024-08-10
5b903f2f-ceab-4702-b32d-dbfb152800b4,42,1237970,AT,2024-08-10
7b1732af-e3c5-4dc9-b0ca-93ea4d083235,43,2362300,AT,2024-08-10
bef80e50-1406-4a11-b8be-e35ff5e532ee,44,2669320,AT,2024-08-10
fa1389c9-6210-4fa6-9e22-46401d3ad74f,45,2358720,AT,2024-08-10
388d7c39-d2bb-4a03-aa58-12df5c666494,46,489830,AT,2024-08-10
d3d6d3dc-2b6e-46ef-a85d-ee37ddc9c85b,47,24066,AT,2024-08-10
852fb7e0-d838-4480-94a9-e12e8502ae09,48,570,AT,2024-08-10
4c6b3764-be3f-45da-8078-ba7d2b425aab,49,2567870,AT,2024-08-10
2526d652-48ca-40f0-b318-8c3bc222ce8c,50,1250410,AT,2024-08-10
d0c8fa19-d769-469b-9acd-3bcd39178e93,51,34872,AT,2024-08-10
64b595e6-8886-402a-bf71-d96896ccc7af,52,2142790,AT,2024-08-10
db9b3558-b14a-40a4-a336-086cc54fff66,53,1151340,AT,2024-08-10
d6d17ed5-a65f-463b-9be1-5e124852ba8d,54,2488620,AT,2024-08-10
91ed5a03-9db5-4706-b4c0-411ae1b868cd,55,440,AT,2024-08-10
b32e652e-41c7-41a0-adbc-aff00f544d9d,56,1962663,AT,2024-08-10
27ad41fc-5e86-4665-a6a1-d509cca6152b,57,28780,AT,2024-08-10
54125f9a-0934-4d8f-8f22-51c2191d8f1c,58,2396240,AT,2024-08-10
6ca6db68-113a-4c2c-bc2f-7249aa330443,59,227300,AT,2024-08-10
0d85acf1-42ce-4ed6-a04c-aa697d78115e,60,49520,AT,2024-08-10
5c3a8c55-62bd-4572-9a03-5d3c3c1424b0,61,1085660,AT,2024-08-10
19a465ce-26bc-468b-96d9-66395fb0a809,62,1286680,AT,2024-08-10
1abc6114-9967-46fe-b271-f9a2c95aa6cf,63,2215430,AT,2024-08-10
f2f41cb9-cbdf-430a-99a5-5dcf5764c4d1,64,359550,AT,2024-08-10
2113d6c2-77e0-4f72-bcb4-e41c27177fec,65,1158310,AT,2024-08-10
31c399f6-b5e9-4117-8487-7fc3f822833e,66,1643310,AT,2024-08-10
268832f0-e0a5-4956-a858-5f62a25fc52e,67,1203620,AT,2024-08-10
ea389944-49f0-43d5-a0eb-e63a7b23c936,68,2662170,AT,2024-08-10
e774653f-fde2-4b96-a441-a2f4af5e8a68,69,304390,AT,2024-08-10
543aeff0-4720-4dfc-b790-3d13b690ddfb,70,1144200,AT,2024-08-10
3429843c-9564-454f-ba39-8d499bab988b,71,40740,AT,2024-08-10
3cb22df5-ebc9-490f-b38c-f5b3219691b0,72,552990,AT,2024-08-10
4cf6cfcb-403f-4ccc-aa80-3d956e5e7cd6,73,380600,AT,2024-08-10
a98ab8a0-fd79-4be1-8a42-b7277925fdbe,74,1818450,AT,2024-08-10
21ef6027-12ae-47fd-9d1b-211580e81c6d,75,494840,AT,2024-08-10
bbc7dfb1-36d6-4bcb-a44a-88099309cd5d,76,1248130,AT,2024-08-10
e63ef355-b287-426d-8461-f4f12914b486,77,2280,AT,2024-08-10
83818fc9-2fd3-4d14-8b2f-fe44354cf15e,78,12661,AT,2024-08-10
fd86a04a-a5d9-4594-aa26-6e852a12e94b,79,2141910,AT,2024-08-10
5eb42071-50cd-406b-934b-21557a7d3f4a,80,1149460,AT,2024-08-10
fb13b01f-0e57-4b6c-96f6-b83269b51a43,81,546560,AT,2024-08-10
2f81ee8f-20b9-438e-8a83-65d7ef3e8fd6,82,739630,AT,2024-08-10
9fdec1e2-356b-4d1d-872b-9899b958c373,83,2244470,AT,2024-08-10
a7c9a971-09a3-440b-a629-06949c4d5d40,84,311210,AT,2024-08-10
559d0ad6-9d2c-4cd1-88fe-008256052d02,85,2400510,AT,2024-08-10
2cd5d1be-c30a-4be4-82ab-085cc5a16f06,86,1091500,AT,2024-08-10
92160d19-adac-4067-bebc-8955f0825c51,87,1551360,AT,2024-08-10
d47bf227-d675-457d-acb3-79471744b7c2,88,2964020,AT,2024-08-10
7c3e7cbe-42e8-4338-b38c-a3048c50af55,89,43385,AT,2024-08-10
b9952392-acf0-4cdd-bd11-5920b386e541,90,413150,AT,2024-08-10
bb69e5dc-550e-44db-8ce7-39d1eb35b6aa,91,41138,AT,2024-08-10
f5ba805b-94cc-49d5-9a17-dbf257237354,92,1017180,AT,2024-08-10
577409d4-32e0-4818-8386-bb164dfcce37,93,444200,AT,2024-08-10
1f4fb07a-5217-4037-b1d8-983c3345e152,94,1232580,AT,2024-08-10
849e20cd-2b04-4b1f-9d09-2f94a6c037e0,95,41962,AT,2024-08-10
76ade7d4-b5ff-40f5-adf2-e62846e245ae,96,2300320,AT,2024-08-10
b66f842e-d23b-4ff6-941b-6ff0a77c1559,97,18726,AT,2024-08-10
6bd66dfc-c6c7-4d0c-84f2-bb1517180355,98,394360,AT,2024-08-10
5cf2fbae-2bd4-4bc5-93bd-6f2aa42bc0b3,99,39887,AT,2024-08-10
10801f4f-53f5-4a4a-8c29-84429c9ceb8e,100,43419,AT,2024-08-10
c8c103fc-d0ec-4889-a1c6-a41d42567a40,1,2358720,global,2024-08-10
7c0d9498-75c3-4b29-b25a-15971b54bdb3,2,730,global,2024-08-10
f5ccddbe-90ee-455c-98ed-d2f4723e6f56,3,578080,global,2024-08-10
a854e0cf-9aea-4bba-b23d-a9eff2abc8fa,4,1675200,global,2024-08-10
eff88e21-1fb2-4bb3-a72d-c81a3ca6ffcb,5,1593500,global,2024-08-10
bc38337f-d5e1-42b8-ad0b-c404d6929692,6,2074920,global,2024-08-10
394a7d9a-7d0f-4c9b-8fd3-36416e237dab,7,570,global,2024-08-10
ce78f8a1-2aa6-4a95-bc65-b92e70be7587,8,2933620,global,2024-08-10
a924a230-e141-4466-97ee-284d8bb42835,9,33369,global,2024-08-10
71151cec-3631-4f84-88f8-31cdd4ad17b0,10,2183900,global,2024-08-10
9942c850-df5d-4a8d-9c0a-4866b788804b,11,397540,global,2024-08-10
ae567524-13f0-428b-924c-0e8b021b43dd,12,1245620,global,2024-08-10
b92b0181-0a7e-467f-a9f7-49afbc315dfd,13,553850,global,2024-08-10
09cedd4d-1ee5-4202-a806-206968a2b2e0,14,306130,global,2024-08-10
c48651a7-e153-4bc2-b42d-2a5043abd411,15,236390,global,2024-08-10
e5fecf37-0fc0-4c2a-882c-b91c1e990a7c,16,1449850,global,2024-08-10
acef7156-549a-4413-a3da-868fe63f978b,17,1086940,global,2024-08-10
2be20562-7b3f-4604-9d46-c74f6393a00e,18,1203220,global,2024-08-10
390dc091-5186-4d92-aa7a-a7bc4b5d8c94,19,2638370,global,2024-08-10
183ba826-7f82-4cbf-b705-95eab5276104,20,2139460,global,2024-08-10
846e9641-814a-49b9-bbeb-4c17856b3960,21,230410,global,2024-08-10
4c5e0b23-521a-435b-8ad0-754f3bfb6aad,22,1172470,global,2024-08-10
1504ce5a-69c6-44e6-8326-167db6af9897,23,1085660,global,2024-08-10
08c97370-6f2d-4e7f-a3b0-fff6dacf82ed,24,1222670,global,2024-08-10
1a5c83a3-8e25-42a1-ae6e-366631b1d502,25,1237970,global,2024-08-10
16b34f5e-588b-4af2-b167-d8fbfb36463a,26,311210,global,2024-08-10
241cfb2c-b9f8-47ea-9b2a-cb9cab94ef01,27,271590,global,2024-08-10
dfd3e00f-4998-4bb6-88c8-2a6053dcc852,28,2344520,global,2024-08-10
3791be0b-8ad8-4efc-8f9f-564da60f1148,29,381210,global,2024-08-10
6f4fef07-8b51-4d0a-bf9b-215d11eb57da,30,489830,global,2024-08-10
73e12c4c-3c16-438b-b7ed-00976d51dcb2,31,377160,global,2024-08-10
91a781ff-4640-4a77-a73f-af5399144f98,32,782330,global,2024-08-10
ed592f6e-93b1-407a-a806-7b530ff18644,33,2142790,global,2024-08-10
aa439d6c-40dd-4eaa-965b-6bbe90abfebd,34,1151340,global,2024-08-10
8d269a84-2784-4f84-8096-5fc49ef3841d,35,413150,global,2024-08-10
1219f68c-2ff6-449a-817d-43cf76cf22bc,36,2778580,global,2024-08-10
3a34137b-d495-4c14-8419-749e73077eb0,37,252490,global,2024-08-10
ea50a189-1b3e-42d1-969f-668323c28c63,38,49520,global,2024-08-10
2b424f85-e165-4d5c-8bc5-d0b1e158e319,39,2400510,global,2024-08-10
90e183b6-6a2f-468d-9066-a7b006c41a25,40,5700,global,2024-08-10
06e360aa-0fed-4e96-b9e9-0786cb33371c,41,2567870,global,2024-08-10
170de4e8-1544-4ed9-93c9-0cb1cbf2563b,42,2751000,global,2024-08-10
6eb9dea4-11ce-4019-9585-250fb6075e78,43,440,global,2024-08-10
b6c5eacd-1136-4c3e-8d0d-572077ca2d8f,44,359550,global,2024-08-10
45ab1ef2-5cd4-4ff7-9dbd-e459be146de2,45,739630,global,2024-08-10
2c07108b-7633-40e5-9b7e-49a5e89576f1,46,1286680,global,2024-08-10
c8ee0e5e-922d-4b74-af26-2362445226f3,47,1716740,global,2024-08-10
5997c3c3-70a0-4503-8ddb-9800acf8e7c1,48,38150,global,2024-08-10
24afc212-04d5-43eb-a682-3c8b031af3f1,49,2669320,global,2024-08-10
35f3f0de-b83d-4227-a1ca-2e08cdb0e1bb,50,15435,global,2024-08-10
3982dc30-2e92-4173-a16a-eb8b7309aa3f,51,1962663,global,2024-08-10
3e4e3ad8-2ea2-4b88-9e32-1b5fe66a546f,52,427410,global,2024-08-10
c6196f8e-2d5f-41d8-9ec6-7a7ce3ee92c5,53,202970,global,2024-08-10
d907d139-daa9-4f83-b4f7-f2ac08876ff7,54,2215430,global,2024-08-10
8c32ae96-0ca2-4919-8616-0e0902945b5c,55,1091500,global,2024-08-10
d182dc84-3a52-449f-8449-da0e0e631814,56,30424,global,2024-08-10
327aaa61-cb2c-4d15-97eb-55c7e1d9c3e2,57,1938090,global,2024-08-10
a64cc73e-70ae-46df-adc1-94dd21194cad,58,199943,global,2024-08-10
eac38afa-b274-4ab8-b063-e359f738c2b0,59,1144200,global,2024-08-10
f9b46d03-a10c-4392-877c-8fc951ae5799,60,2195250,global,2024-08-10
15878c11-4ba7-4780-807d-745a2aa34ce6,61,1973710,global,2024-08-10
8aa56267-c158-41e5-ba4b-10a9035de214,62,2396980,global,2024-08-10
10af3b9c-3248-4c44-9f66-b7381bf4cc86,63,261640,global,2024-08-10
8360e2c8-fa7d-4697-b0dc-922131e51e4d,64,552990,global,2024-08-10
8919bfa2-a2e2-4ee7-b70c-02e95d5c2033,65,2396240,global,2024-08-10
d544c2e8-66f5-4595-bf67-fbae648f8163,66,251570,global,2024-08-10
f175c1ca-ebff-4270-a56d-2e486b692cab,67,1316680,global,2024-08-10
44e585eb-40fe-41b4-941b-c015c1ca28d2,68,431960,global,2024-08-10
1e96a5d3-b2cd-4514-b82e-f1bbe79f14ac,69,1985810,global,2024-08-10
4c8bfaae-272f-4d66-81d2-1614dc06bb85,70,1172620,global,2024-08-10
cd287d14-9e8e-4668-a3f1-d393353369cb,71,582660,global,2024-08-10
a68795b6-16e7-4cc4-995a-f961f09789d4,72,548430,global,2024-08-10
2584b8e5-eb18-470d-a883-ccc9bdc4e3d5,73,2338770,global,2024-08-10
8873bec6-5a24-4f7c-92cb-2350eb8a057c,74,2280,global,2024-08-10
2fda8500-f6c4-49bb-8b45-2cfe666fe03c,75,546560,global,2024-08-10
4e26ab56-3d42-47da-9be3-78c02bb3aa5a,76,814380,global,2024-08-10
718f4cdb-eb22-4705-a346-703c15dfad1c,77,15366,global,2024-08-10
bb3c1118-9eca-425a-9f84-6d5351091ca2,78,1629520,global,2024-08-10
4a0a8103-4671-4774-ba54-50acb59185bb,79,2519060,global,2024-08-10
87ce61a0-0a42-4c36-bfed-6564ed6c455a,80,1238810,global,2024-08-10
71a1ab5e-f153-489a-a8ce-e2959c396884,81,1326470,global,2024-08-10
40c59b7f-54b6-43ed-99a8-351aa0d6cb81,82,2305840,global,2024-08-10
def1dcd7-df33-44ad-b4c8-e80059f2a2eb,83,444200,global,2024-08-10
97ab6bcb-4e72-4fe7-969c-21271de981e1,84,1282100,global,2024-08-10
074e615e-bb8f-4c37-a348-909e74bad22a,85,1149460,global,2024-08-10
3ea45928-e997-4d51-a503-71cc6059a258,86,1477070,global,2024-08-10
37029b80-786e-477a-9bb2-dc44a5acb71d,87,1517290,global,2024-08-10
aaab68ba-7432-4c66-b5bf-3489b59d981e,88,2526380,global,2024-08-10
1e13fdd9-ae03-40f6-9f85-6e7e7152830e,89,1966720,global,2024-08-10
76a7eb0e-20e7-44e9-abc8-f6e7d774ba79,90,1562430,global,2024-08-10
799dcc01-077b-4e50-ac8a-30ed0e7f2675,91,2379780,global,2024-08-10
43666220-36f0-4b9f-a86d-e77fdc3557a8,92,1551360,global,2024-08-10
b8b730d9-e4cc-47af-a50c-103096a54898,93,3782,global,2024-08-10
dd147f4a-0a3a-4226-a35b-4eaf85795eac,94,2016590,global,2024-08-10
c552ca00-7252-4dae-9ca7-f016579d4ed1,95,992300,global,2024-08-10
c353044a-0d0c-4e45-b015-8308ba49eaf9,96,1623730,global,2024-08-10
e155f0f1-954f-4d54-90db-1b80704efa70,97,2366980,global,2024-08-10
b03b5936-0ad6-4832-bb27-cd28a7d81b94,98,1174180,global,2024-08-10
c0d9d219-24f4-4d3a-8ec9-14847364ba6b,99,2881650,global,2024-08-10
323e7ffe-4de9-4dfd-87f4-540a3728841a,100,612880,global,2024-08-10
8ad4cc7a-c182-4d40-b60e-a410cf6c1844,1,730,PL,2024-08-10
dc4495e3-d362-4927-a6bd-9171e6399f4d,2,1675200,PL,2024-08-10
9a25bfc7-c303-4747-91ae-3d4b51743764,3,1593500,PL,2024-08-10
9c57b932-5343-451c-875f-85656038cb0e,4,238960,PL,2024-08-10
3a6da68a-56a0-40b3-ad84-e66a0d7db892,5,1326470,PL,2024-08-10
8d21f441-befc-484c-8095-f21379221e94,6,236390,PL,2024-08-10
0ec6287b-c6ef-4832-a4b7-e2fb355c3ec7,7,33369,PL,2024-08-10
25f7309e-eccd-4a01-acc5-40e13b6bb390,8,2638370,PL,2024-08-10
226f7b82-aeb1-4913-aec8-06e46f9fcb97,9,397540,PL,2024-08-10
479e1638-7668-4b08-89a6-50398db08877,10,570,PL,2024-08-10
1225a0d2-72d5-481d-b279-fa24b14f6fdf,11,2669320,PL,2024-08-10
7772cfa4-2a88-46eb-ae6f-1fae47a2ba41,12,1086940,PL,2024-08-10
867b98d3-96f4-4d34-b5e2-f8e5f0112d9d,13,2183900,PL,2024-08-10
bcbc879a-1edc-40d0-8586-2f040c86f46f,14,739630,PL,2024-08-10
70f3e08c-dad2-42d1-8f67-2b27082869a4,15,1245620,PL,2024-08-10
62eacf75-3bcf-45dd-ba42-8471d5d8d9d4,16,489830,PL,2024-08-10
34740d33-e74b-400d-b37f-32a0bc41f3e9,17,15435,PL,2024-08-10
527d3f6a-e43d-4586-a480-e68ec02c9149,18,782330,PL,2024-08-10
19a93cb8-9228-42bf-ade4-28a22a07cb21,19,578080,PL,2024-08-10
469ea224-8c4a-408d-b48f-6f9cc07472de,20,227300,PL,2024-08-10
5520f9e0-5503-47f2-b7d4-26c83821e588,21,553850,PL,2024-08-10
28b1cb91-bc48-41b2-a41b-ae82e8b514be,22,381210,PL,2024-08-10
4f9fd06a-b740-437f-8f9f-2cd309a98cbc,23,1222670,PL,2024-08-10
3671b9c4-b185-4432-bdbd-00ccaef93972,24,306130,PL,2024-08-10
98cd9146-a4e4-4b2a-a303-54383e13b5fa,25,444200,PL,2024-08-10
87542737-05a4-4134-ace3-a732fe906f8c,26,5700,PL,2024-08-10
13f60e37-0653-4612-a8aa-78d14d27a420,27,271590,PL,2024-08-10
541f98a8-af1a-410c-b033-244d9ce30a2d,28,377160,PL,2024-08-10
5d63fff7-4b1b-489f-ba5f-610bfa83c207,29,2074920,PL,2024-08-10
e3bdeb88-1108-49f4-a260-c41f2d1ed9bc,30,582660,PL,2024-08-10
4c45486d-b058-4c87-9331-71cd801c2bfc,31,2139460,PL,2024-08-10
17907d14-c552-4e7f-9d36-8fa9e1c4de0f,32,380600,PL,2024-08-10
fde6d5be-d4f0-41f9-beb8-6e3ac834cde9,33,1237970,PL,2024-08-10
1ba7bb65-58e6-42b6-808d-7194f7321afd,34,2344520,PL,2024-08-10
dd2df06c-6635-4b10-8553-ccaa39da572f,35,49520,PL,2024-08-10
80cdd08f-bfa0-4731-8721-c7636a4f3e95,36,2778580,PL,2024-08-10
3db3a36d-9ac5-4ec4-b119-682d3df0368d,37,2933620,PL,2024-08-10
0c711a39-e5ff-41bd-aaaa-b2f6e9609b86,38,1846380,PL,2024-08-10
798854db-17f4-4e30-86d2-9c4d75fc8e90,39,440,PL,2024-08-10
4bad79ba-20ef-4441-9c87-87892d6fcea2,40,2751000,PL,2024-08-10
5fcf1a42-0ca5-466d-a8a7-dd2c41567333,41,230410,PL,2024-08-10
885dee0b-59f5-4706-ade9-5a0bb05babed,42,1091500,PL,2024-08-10
dad607b0-aaed-4706-82a4-acdef0be324f,43,2567870,PL,2024-08-10
7ff51f05-2d49-4435-a4f0-2c14524c8b7f,44,2358720,PL,2024-08-10
be0a1f50-29be-4831-9413-4867f1dced6a,45,546560,PL,2024-08-10
ce07f239-580b-4a01-b14d-0fd2f7b9a6c6,46,2215430,PL,2024-08-10
45273374-d8a7-47a2-a3e0-7f8b9914b82b,47,413150,PL,2024-08-10
4937e8a3-71dc-4e67-8f07-e404bf280445,48,1172470,PL,2024-08-10
a7ec7ae8-20e1-4e4e-b58f-ed8f5e9a5ff6,49,1818450,PL,2024-08-10
59a6c6ac-9ff7-4e5c-8520-c0da2787f3e2,50,2195250,PL,2024-08-10
5fa6b10f-feab-4454-b832-d4586c761cd9,51,284160,PL,2024-08-10
a482766c-b3b7-42f6-b794-297e6c077a5f,52,1551360,PL,2024-08-10
e652e6e3-f41f-4c03-90b6-7b334d4bf75f,53,27500,PL,2024-08-10
825d9cd7-6a08-4c0c-b9c2-238bc0f81768,54,1151340,PL,2024-08-10
3f39fd4a-50bc-4433-b2ab-60a7fe1d0856,55,252490,PL,2024-08-10
df5d8ad8-a643-46a1-aec2-60e550fd69b2,56,199943,PL,2024-08-10
b9d98ace-1697-49dd-8218-e165ee1f41fe,57,2808930,PL,2024-08-10
4507aaf9-e357-41c0-bc8b-bcf15969a2ba,58,1286680,PL,2024-08-10
95c9f359-8791-49f9-87e9-fd20cecfa10a,59,379720,PL,2024-08-10
01259366-fb78-4fc3-96b8-420a96c1ae87,60,35840,PL,2024-08-10
e686dd6c-4de8-4af2-a66c-1cfed845a771,61,1248130,PL,2024-08-10
a943193c-0ed1-40aa-a141-56607d874bf0,62,2300320,PL,2024-08-10
1b1cc4c8-5092-4419-96e1-42febf5633da,63,30424,PL,2024-08-10
14de6e38-6286-4aae-be72-fc2920c0cb07,64,2488620,PL,2024-08-10
5406b13c-0c29-4456-9445-35afbbd7e957,65,1222680,PL,2024-08-10
7bc375f3-15e4-476c-bff3-05a9845dff84,66,612880,PL,2024-08-10
e2c5b496-dfaa-4c5c-9936-86613fda7a1f,67,38150,PL,2024-08-10
149d1559-05d0-4a52-929c-43a6c3ca952d,68,1985810,PL,2024-08-10
29acab26-8cd3-42fd-a968-618279182c9e,69,15366,PL,2024-08-10
3f10fb17-ec0c-4b1d-9b18-aa74df0c14d9,70,1092790,PL,2024-08-10
e7b72476-82a9-40fe-81e0-9a8d1299ae5d,71,1172620,PL,2024-08-10
f9b3d9cb-8d99-4c8c-be60-748b53e7a87f,72,2138330,PL,2024-08-10
5eb1bb95-c5ce-4e0c-b381-48f1f99ad232,73,761890,PL,2024-08-10
9f53e8d9-a45a-4172-83d8-dea4bcb78797,74,2000950,PL,2024-08-10
ca114f21-4c5c-4ca2-a211-2e94078d3c84,75,1144200,PL,2024-08-10
1631e49d-b9ea-4a08-9aa9-8606bc8f753b,76,261640,PL,2024-08-10
db374427-fe72-41b0-a010-9057e7f5fac9,77,1774580,PL,2024-08-10
2df574b9-c72b-4369-916d-de8148c70323,78,201810,PL,2024-08-10
1fff77bb-a0c4-496c-a33b-73d57e8c8b13,79,359550,PL,2024-08-10
52f3f25e-f246-4554-b34a-89960c8661cc,80,1962663,PL,2024-08-10
2453d54d-da18-4ce5-a1f8-59e49235f537,81,242760,PL,2024-08-10
88fa8a44-828b-4d3c-a005-969402218550,82,1222700,PL,2024-08-10
0440c8dc-5e6a-4ca1-8b36-302ebb097cc9,83,1716740,PL,2024-08-10
ef727dbc-e3e6-43dc-b661-a6e33b3f9027,84,898590,PL,2024-08-10
d11152e0-d3fa-45ac-b5c6-cdf088d58305,85,1085660,PL,2024-08-10
915f3e09-b991-441b-ba3d-22f05f913931,86,250900,PL,2024-08-10
a74a2e98-e0a7-4a54-8ad6-52e31821535c,87,1517290,PL,2024-08-10
76034469-c070-4970-937b-a1c97b207a3b,88,494840,PL,2024-08-10
92f2d456-6c98-4a4e-b90b-65d8460e2936,89,1407200,PL,2024-08-10
e2cd51bc-e00d-4db5-8115-9becf76083f4,90,438040,PL,2024-08-10
663bd71d-9f2b-4a29-9f6b-e65fab367883,91,2004210,PL,2024-08-10
13629abd-9ead-48b9-8f36-a6fe6b1b7a45,92,548430,PL,2024-08-10
8f14fcbf-3a79-4c0e-ae6a-fb43891efe1a,93,36406,PL,2024-08-10
a5f15964-2ff2-4b83-94ea-b68e75ce18f0,94,343780,PL,2024-08-10
dcf2fca2-420d-455b-8484-569b09d66221,95,2379780,PL,2024-08-10
d91ef4c7-9a10-4c34-87d0-04bd8ed73684,96,394360,PL,2024-08-10
8a682f77-0609-4342-834a-57fa29067d5f,97,236850,PL,2024-08-10
e028ac65-900d-40eb-8ed0-9bbb1ab95d6f,98,784150,PL,2024-08-10
a9c94ab8-f8bd-4c04-98d8-e8894ee603e5,99,534380,PL,2024-08-10
a7f3c767-f8e5-4584-a16d-d4e293e409c3,100,1232580,PL,2024-08-10
8ffc3e24-bf8f-4196-a47d-d978a8cc2aaf,1,730,AU,2024-08-10
e49ce722-1077-47c7-873d-0ca5887e7dc2,2,33369,AU,2024-08-10
2cf557f5-77c5-4011-83a3-6389fc93b0b9,3,2183900,AU,2024-08-10
bf82a434-2aa8-4a56-8ab8-bc18bbc792a7,4,2933620,AU,2024-08-10
e1e5fd2e-8eb9-4487-ad3e-d0a7c45e956b,5,397540,AU,2024-08-10
c1cd7b2b-9156-4205-9b73-670a62c927da,6,553850,AU,2024-08-10
5825b492-c6d4-4a34-a5c7-7dfb7ad267ec,7,1593500,AU,2024-08-10
b3fd23ab-58ce-4ff9-9a9a-13ea41e34180,8,2074920,AU,2024-08-10
51c18c14-060b-4ce7-bd3e-d1563621026c,9,236390,AU,2024-08-10
af41ac2b-c951-42df-951d-4b1aab1b88cf,10,1245620,AU,2024-08-10
59062db1-ba5d-42c9-9241-291fb788007a,11,578080,AU,2024-08-10
1ae70b23-156e-4cc6-8ec6-256c637e4866,12,306130,AU,2024-08-10
82a1032c-13ef-4ef2-a89b-beb1775b2770,13,2638370,AU,2024-08-10
23052302-64bb-41ce-866b-a48ee3852062,14,252490,AU,2024-08-10
117bd1b7-17d3-42ff-b6b5-70aca497f253,15,1085660,AU,2024-08-10
2ca4c949-345f-4202-b3db-627f91e8defe,16,238960,AU,2024-08-10
d288b190-6411-4143-97c2-83421c8c8bde,17,230410,AU,2024-08-10
3bfe96bf-b807-4c4d-840c-063ec47ff31a,18,2358720,AU,2024-08-10
f606e51c-c07c-4213-afaa-9c3fdcdb6abe,19,311210,AU,2024-08-10
e3cd9d57-59a4-4ce7-a1f2-ed9206f6e029,20,38150,AU,2024-08-10
043a8698-07c5-417b-90ac-828fa062ffa1,21,1086940,AU,2024-08-10
2bb9de68-f09a-4d4b-97e6-a2171e49ea36,22,15435,AU,2024-08-10
0327fdbb-070d-48c8-b859-c4e89c70ea32,23,570,AU,2024-08-10
74261f94-dc6c-486a-9135-b3225c701405,24,1151340,AU,2024-08-10
38678f2a-35f1-40a0-977e-5ca558386663,25,30424,AU,2024-08-10
db7f8506-2910-4ca8-adc8-24ba3c74bb40,26,377160,AU,2024-08-10
18b2cad4-7dca-4b5c-b3b4-61431ce1967c,27,782330,AU,2024-08-10
5cb01678-abb4-4936-b71a-696738e620e9,28,1222670,AU,2024-08-10
34191ef6-1a25-4929-bbd0-748a4cd85d4c,29,2139460,AU,2024-08-10
6b0e743e-9e32-44ef-ae81-f77020196201,30,1985810,AU,2024-08-10
1db42581-f0e5-4f1c-b10a-f16a7c24372b,31,49520,AU,2024-08-10
19a8967b-f019-4987-b21f-5ef46750f095,32,2357570,AU,2024-08-10
7fa2d21f-8f18-4124-897d-4c44856ddfd7,33,489830,AU,2024-08-10
f53baa1f-8f93-4522-a934-b1c690e7fbe0,34,199943,AU,2024-08-10
aec7ada5-16e8-4023-92f7-b485600811fa,35,2400510,AU,2024-08-10
76f828f3-0cf5-4e25-b795-31d0096a11d5,36,39210,AU,2024-08-10
50559965-7da8-4fd7-9df7-1d60687d1b66,37,2778580,AU,2024-08-10
39001cef-2629-4ac1-8b3e-92467c7f6951,38,359550,AU,2024-08-10
3c5892c8-6d7e-408b-a85c-060bd844199d,39,381210,AU,2024-08-10
46a1aacc-b919-4129-81bd-ac19cfc4b0ba,40,427410,AU,2024-08-10
c861205d-5e19-42d4-a595-c6072980006d,41,2142790,AU,2024-08-10
9575fe65-b32a-4e39-81c7-91c405eb4fd1,42,1449850,AU,2024-08-10
99a0d88a-d68c-4759-a7f6-522fdd953f12,43,1237970,AU,2024-08-10
3041c35c-c86a-4b60-9599-79af30447a1d,44,2751000,AU,2024-08-10
684ade8c-02cb-4149-b994-4f69cf1f04d6,45,1938090,AU,2024-08-10
c2e04649-ac44-40a3-b722-6a7543908e23,46,440,AU,2024-08-10
f8e45198-6998-4b40-a155-cf629ee46deb,47,1286680,AU,2024-08-10
6be7e308-4a03-4c61-9c0b-97d575ccce7c,48,1716740,AU,2024-08-10
d1d05ffc-31f8-447e-9ab4-f03c1e325e65,49,271590,AU,2024-08-10
91fecb46-dae5-447e-9394-68c1a2a28bfc,50,2567870,AU,2024-08-10
cc9c427e-02bc-4ca5-9fc6-220c9222ac5b,51,2519060,AU,2024-08-10
69e5e9cc-957b-4b5b-adfc-ebf2b6408981,52,413150,AU,2024-08-10
82e5473a-d508-41bf-ad5c-07836231d033,53,1172470,AU,2024-08-10
4e2583ab-c6b0-4865-8aac-4d35581c5712,54,5700,AU,2024-08-10
6cb9200b-2064-4ec4-89aa-4fabd9c9b4f9,55,2195250,AU,2024-08-10
8a1492a6-f744-483a-91a4-7012dec4dde0,56,216150,AU,2024-08-10
f72c2c03-10c9-4c01-b09e-9bf2dba37add,57,2215430,AU,2024-08-10
a70601f7-ed46-4944-a7e2-d3b468bd8974,58,1599340,AU,2024-08-10
9ad325ad-803c-4563-ba75-09fab65984f8,59,1091500,AU,2024-08-10
b2f173d0-b446-447d-bd74-41678cf954bd,60,739630,AU,2024-08-10
146dc147-5239-47b4-bb74-1a6d58424bd1,61,261640,AU,2024-08-10
1fc7bc3c-2fcb-4785-ae10-a0e7a960658e,62,15366,AU,2024-08-10
d789590b-360a-425e-a715-90c3b4d7893d,63,202970,AU,2024-08-10
5a9f55f1-59b5-482a-8bca-6de9b05f5187,64,2669320,AU,2024-08-10
f6190e6a-71aa-4d9f-ab70-57cf43c15d4c,65,2790720,AU,2024-08-10
4a7732ed-fe24-4eb5-abce-328e425022c9,66,3782,AU,2024-08-10
3ba57cff-bdf1-437b-a353-81be46a3a04a,67,2141910,AU,2024-08-10
0fed4be1-c30a-4c65-91f6-1afea37949a8,68,2366980,AU,2024-08-10
0b407392-9053-4369-8192-8805eeef316c,69,1962663,AU,2024-08-10
4912af97-de09-4577-8ff9-433987601a10,70,2280,AU,2024-08-10
01aad3a6-8031-4ea8-b0ef-5c83a68f4746,71,1149460,AU,2024-08-10
4d531fd3-0cf7-4364-ba6e-233f9802479c,72,2396240,AU,2024-08-10
0e3d2b93-18ac-4c29-9b1e-77b8bb5d482d,73,2336880,AU,2024-08-10
f9bea24f-ede2-44cb-aa94-4287d7e63263,74,1962660,AU,2024-08-10
e021ea69-a029-4602-9891-1540ed45aef1,75,1144200,AU,2024-08-10
5a8592bf-41e5-4f43-8c95-9edfbc9c1e78,76,1562430,AU,2024-08-10
bfbd8e3c-57d8-4e8c-bb89-f017f128b8fd,77,1172620,AU,2024-08-10
8134231f-4a3e-43b1-9317-fe9f3dac7e12,78,1629520,AU,2024-08-10
0802b3ec-9b2a-4285-b7ff-031eaff84c53,79,546560,AU,2024-08-10
476056a5-4e32-4a81-9dbe-6caa055dbc55,80,2396980,AU,2024-08-10
93aba81b-fac7-475b-b02a-9f21971d6687,81,1250410,AU,2024-08-10
e5b8ca32-617f-467b-be97-64c2fe2b8396,82,2344520,AU,2024-08-10
6aa6e751-17a1-4318-a4dd-de269068a4c6,83,548430,AU,2024-08-10
dd840ba2-ebe8-4b84-88da-65a341ca6fb0,84,2338770,AU,2024-08-10
ccd2dc87-b269-45a3-a15c-6bf35f98d665,85,2488620,AU,2024-08-10
43de1d87-408e-4dae-927c-cc3201bd7f5b,86,1282100,AU,2024-08-10
9a15e2ae-0f96-4278-ac05-4a2285c0ae41,87,266410,AU,2024-08-10
05c6e32d-d8a9-4b35-b4d7-59baaf1de448,88,15587,AU,2024-08-10
0d0e20ac-a660-4b7c-8006-bf20d52ebd61,89,22380,AU,2024-08-10
e674d749-f558-4b11-adec-ad680c2d3515,90,1142710,AU,2024-08-10
cae29b74-741d-4685-9aa7-89939f8691cb,91,686810,AU,2024-08-10
e0926eea-095f-4399-8e0b-2034cd3888a6,92,251570,AU,2024-08-10
a477ee74-b05a-4033-b437-7a4c2dc99e44,93,2244470,AU,2024-08-10
fe752fd1-310f-4dfd-bf9b-2804b007ac6f,94,1985820,AU,2024-08-10
80980048-4fda-461c-a062-44642b6de5b8,95,379720,AU,2024-08-10
481ebb1a-c919-4e4f-a5fe-dd1bbdb56dbe,96,294100,AU,2024-08-10
680715b0-6a0f-4a14-bea4-b06f2697939d,97,582660,AU,2024-08-10
c52fb1ed-56a5-4827-982e-173fc5a6ccf6,98,960090,AU,2024-08-10
9172f744-dfdf-4a31-929f-7b23779873e2,99,37745,AU,2024-08-10
7ee00b62-7df7-404f-949c-9cd56367e5a4,100,11505,AU,2024-08-10
7bac2e36-cef8-428b-99ec-162b4ced7358,1,1449850,JP,2024-08-10
94572fbd-ba82-420c-8467-eeff52afb3c5,2,1973710,JP,2024-08-10
7237d219-e189-4cf3-a932-f6636f1385fd,3,1172470,JP,2024-08-10
3454fc6d-c896-4b1f-b9c7-ad03a35c8062,4,2074920,JP,2024-08-10
bfb510a5-2071-4a25-8c45-e7833eb588a0,5,1672500,JP,2024-08-10
edf41fd1-f964-4893-80ab-ab051e21518f,6,2344520,JP,2024-08-10
8a169d5f-50fd-40d6-bfda-56fa9f5b982a,7,1336980,JP,2024-08-10
5b89897d-cd2d-469e-b661-4e98f8aac70f,8,2764370,JP,2024-08-10
82fc7f75-7f6a-48fc-bec0-45249111b5af,9,2291060,JP,2024-08-10
c99d6602-b910-4170-8cd0-2aeb54567875,10,1245620,JP,2024-08-10
e94721c4-fb18-4f62-af70-97730cb32236,11,1364780,JP,2024-08-10
a7158800-80fa-4cee-bfcc-87c7933579a0,12,2396980,JP,2024-08-10
472c4c04-2757-4e3c-b882-bae57a3103ca,13,2526380,JP,2024-08-10
26ba180c-e531-437b-8297-f3a7065a4a28,14,2972990,JP,2024-08-10
97f7a47b-5e24-4dc1-b142-8465501032ff,15,2668080,JP,2024-08-10
871076be-d170-4ca3-abe4-78e07def0ce0,16,251570,JP,2024-08-10
a20a86d7-20c1-4645-a55c-f7d044f0a5d9,17,2358720,JP,2024-08-10
b831cb36-c4d2-436b-91bf-f65e04a2057f,18,2586520,JP,2024-08-10
67b4eb4e-d876-451e-998c-753ef52a8a07,19,2400510,JP,2024-08-10
acc53951-da77-4f95-a151-f4e0fbb95425,20,582010,JP,2024-08-10
94b0bc9a-7e44-4aa1-a23a-f469d1a8c456,21,1875830,JP,2024-08-10
99bb4596-c1ff-4fbe-88b8-952c286862be,22,2215430,JP,2024-08-10
b2fa9e72-66c7-444f-baef-aaf7204fa621,23,381210,JP,2024-08-10
5f8b1cf4-d6df-4b7a-9831-7313246795ed,24,21478,JP,2024-08-10
248fa1d4-e930-410e-bf70-c403457c0def,25,271590,JP,2024-08-10
a2ed6eb3-2517-4d32-ad1a-0bfcb76e7102,26,2139460,JP,2024-08-10
4a2a0c9b-99f4-4251-b7e2-0b49b1642a20,27,5700,JP,2024-08-10
09027803-9b15-4589-a99d-50cb264af539,28,252490,JP,2024-08-10
ef37be1e-a9de-421e-9f8d-09db7818e07c,29,33369,JP,2024-08-10
57c1a76f-45e2-4c80-9758-7b94e47b1e5d,30,397540,JP,2024-08-10
7a2c75c8-9323-4ace-b1e1-ae1d4e4ee79c,31,1593500,JP,2024-08-10
cc383862-3b06-40fc-b35a-c44e343ddbae,32,1151340,JP,2024-08-10
0bb396c6-907e-43dc-9c66-8626a2e8b9ce,33,2399830,JP,2024-08-10
d0e6716b-2a54-4bbc-9aae-983a48b6664f,34,898750,JP,2024-08-10
d3e577d0-a956-48b1-8a2b-d2e1d58e7835,35,2567870,JP,2024-08-10
c8890956-e600-437f-821c-2e6367c98b45,36,1422440,JP,2024-08-10
4b475fec-a3ae-48ba-8498-155e4e634673,37,1790310,JP,2024-08-10
1c0363b7-efae-4682-91be-167ec0bb18bf,38,2322010,JP,2024-08-10
9f5e76d6-387f-4da4-98a2-fb07f98b1946,39,377160,JP,2024-08-10
1261710e-5105-45e0-8501-af19d697cafd,40,13560,JP,2024-08-10
8dd63cf7-09f6-40b4-ab21-0b2edc7b6164,41,1222670,JP,2024-08-10
29387532-31e2-4db2-8ac9-cd13755c914d,42,30424,JP,2024-08-10
ffd59639-abd9-451f-9b3b-3b2e4292f752,43,1623730,JP,2024-08-10
e8b7d8e8-1f65-4bdb-9bb0-a2751f4e91fb,44,199943,JP,2024-08-10
c8443199-9fc0-49b7-895d-19a8dba3cfd5,45,2933620,JP,2024-08-10
8fe4775e-41bf-4d16-a244-95bbe1222522,46,413150,JP,2024-08-10
6a959c5b-75aa-4ef0-ac64-52fb9960f4cd,47,39210,JP,2024-08-10
3990c1c4-e967-43b4-aac6-6c0de46150f6,48,2051010,JP,2024-08-10
30b6c2e1-789b-42f0-b593-143ced95be38,49,992300,JP,2024-08-10
0b605b34-a859-46a6-8de2-c12b6032933f,50,489830,JP,2024-08-10
5f745a93-24b9-4765-9421-685b86b25961,51,578080,JP,2024-08-10
cb26539b-9772-4898-b718-596e446dc702,52,2778580,JP,2024-08-10
7704850d-061d-41c2-b711-c5cece2f5c04,53,2154770,JP,2024-08-10
6c51a592-1c14-47f8-88aa-d032a71243ce,54,730,JP,2024-08-10
e94c3127-307f-41df-94d5-78864cb5ec28,55,2016590,JP,2024-08-10
bf25715c-6928-4f36-a486-d51262786bff,56,2490990,JP,2024-08-10
28433a7b-01d6-492b-bde6-f9ce840b3347,57,2305840,JP,2024-08-10
b8fa31fd-f4a0-44f7-b8f8-663cde226e65,58,2739590,JP,2024-08-10
65e531ec-0df4-4c9a-8257-1b07bb9fda3c,59,1085660,JP,2024-08-10
2b547cb8-54a6-4454-8caf-060f00334400,60,36119,JP,2024-08-10
ff852c18-9062-4fb7-a1ef-6c063af997d3,61,346110,JP,2024-08-10
aa7ed33f-a940-45ec-861c-a131ba59fddc,62,1118010,JP,2024-08-10
3969b154-a1d1-4bde-bece-b9995d8baa3c,63,1367080,JP,2024-08-10
04e8b3ac-d6f3-47f5-a6c8-1b583969ade1,64,13013,JP,2024-08-10
a4625d36-e9a6-4043-9285-f55f32ce070e,65,230410,JP,2024-08-10
8abccab9-25a2-4a8c-b9b8-19304c23915a,66,728530,JP,2024-08-10
5c20b152-6316-4340-b3a7-ffb8e981ea78,67,2357570,JP,2024-08-10
03a1069f-6c16-47e7-a822-c3380d18ac46,68,2510710,JP,2024-08-10
f66b5741-54c6-4cd5-8ba4-04d98da3d757,69,1973530,JP,2024-08-10
ec83e6f8-d6d7-4270-8986-031702b76359,70,739630,JP,2024-08-10
1cf89643-479f-4fbe-a843-fb3bde0fdf53,71,2064650,JP,2024-08-10
788567a5-0242-4952-8052-5e7903fe8cd0,72,1716740,JP,2024-08-10
45d7f7ad-73f7-4655-8e62-b5a66afb3ed6,73,38285,JP,2024-08-10
231ec0a3-3eac-4745-a291-736457a3a6db,74,1361350,JP,2024-08-10
8c4edbcb-a1c7-4884-a740-0f2e27ea7356,75,2963870,JP,2024-08-10
7ecd4785-9d59-47b8-893a-368d1384bd21,76,1031500,JP,2024-08-10
5f5a0a21-3079-42c0-a7c9-2dd0576710b1,77,1665460,JP,2024-08-10
6f08962e-c4d4-494e-b64a-4c74fb268e51,78,1295510,JP,2024-08-10
03dd9166-fd33-47da-bee0-c78aecd12e6c,79,427410,JP,2024-08-10
06e49599-2c4c-40c6-9cc8-7683283840dd,80,1149460,JP,2024-08-10
2462bdae-7a90-4ffd-ba83-770dba014f1f,81,37745,JP,2024-08-10
fbb38d62-9fcb-45b6-b019-33a9a6643992,82,1384160,JP,2024-08-10
5506911f-1984-4fd3-91eb-03ea3470353b,83,1477070,JP,2024-08-10
946293b4-cca5-45fa-87a6-adfa868a9ce2,84,1475810,JP,2024-08-10
e05ba949-084b-4bb9-8751-c8d9f9434cff,85,1276760,JP,2024-08-10
d9c7e0b3-870d-4c3c-a588-9b57e6f64079,86,1091500,JP,2024-08-10
b3c94cb4-cc52-4a96-8590-4f4d9ddcb1a4,87,1730700,JP,2024-08-10
5306dfe1-5951-40e6-9bce-9d3eb237a177,88,2701660,JP,2024-08-10
ead8a521-c4b3-40bb-b906-fdf71247fe59,89,1888160,JP,2024-08-10
07c8472a-f4e4-4c56-b962-c00ca92e482a,90,363090,JP,2024-08-10
67f45064-0b90-4f2b-a044-4e749c7d8759,91,41962,JP,2024-08-10
12a6484c-882e-40bc-a733-1b17720d4cee,92,2751000,JP,2024-08-10
d5111718-30a1-49bc-bf0d-96efffd9be4d,93,1092790,JP,2024-08-10
a9c7d021-eda6-4a11-9d8c-f4c9c7c40ddf,94,2825190,JP,2024-08-10
76343511-9fbf-403a-afea-17510617e4c2,95,1237970,JP,2024-08-10
a6cfba8e-23a4-458e-900f-02918ae87dff,96,3040390,JP,2024-08-10
330c1351-8a4a-4746-9108-3249c1c468cd,97,1031510,JP,2024-08-10
41b9249d-5d41-4620-beca-8172bdf98ce7,98,394360,JP,2024-08-10
445c73fd-4779-4e06-bc7f-484ec1a5c7a5,99,1607250,JP,2024-08-10
cc89c9ba-c418-453a-a27c-790c08bd56b0,100,1446780,JP,2024-08-10
9d83731c-ba38-44c5-a8a6-a663c4800d7a,1,1593500,BR,2024-08-10
00570925-2118-4053-8a60-7165de571113,2,730,BR,2024-08-10
846e0399-d7e1-4417-8e2d-e2ac526a49ca,3,2933620,BR,2024-08-10
da80069a-0666-4e79-a656-c4c4f73f0de0,4,2638370,BR,2024-08-10
6e092f36-f161-4fc4-a208-fea11c159beb,5,578080,BR,2024-08-10
ad4d805a-97c2-4fc5-823b-04ec47b269fc,6,5700,BR,2024-08-10
815d307b-35af-4b78-ad64-5c9721ce794b,7,489830,BR,2024-08-10
d1dda3de-bc62-4e07-b911-48d4bdf67801,8,33369,BR,2024-08-10
f58ea4f2-984b-4f8c-854f-b53e79feabdf,9,570,BR,2024-08-10
b50543b5-5db5-4473-b6bc-72bb431890d3,10,271590,BR,2024-08-10
0ad16c39-70c3-4051-ae72-21050afdc57b,11,1245620,BR,2024-08-10
63b63210-4ac9-48f6-b4c1-70040e0a5c40,12,397540,BR,2024-08-10
23c401a3-3ee0-4022-ac9c-b34762a31b34,13,2358720,BR,2024-08-10
d8abd84f-f651-4eb1-ad50-ad1b24e94945,14,2669320,BR,2024-08-10
17fcfcc8-81e5-4eac-b4db-aedb8b1e8bbb,15,108600,BR,2024-08-10
584fc916-6f02-4c03-9413-fdc3fdf4dfb2,16,413150,BR,2024-08-10
54140344-256d-4f35-80af-268ed92502de,17,238960,BR,2024-08-10
bcd6122b-c1f6-4b91-8490-cca368ebc684,18,381210,BR,2024-08-10
9b5f4639-9d56-49ad-8c4e-de17e96831ad,19,1237970,BR,2024-08-10
7d2fb8fc-afe1-420c-a136-873d6790a0f1,20,2344520,BR,2024-08-10
20b20f3d-298e-4d72-bf4c-a08ee693f2e7,21,377160,BR,2024-08-10
d6de2610-b342-4eaf-85c4-eb83744759d9,22,782330,BR,2024-08-10
18a02f2a-4474-445a-9d89-8f3969bbb60f,23,1962663,BR,2024-08-10
064964f9-f486-4911-98de-251be993b1c1,24,1086940,BR,2024-08-10
cbde81f4-7e0f-44b3-b74f-9e2bc1649e66,25,39210,BR,2024-08-10
d94c67b7-4737-48cc-9509-2eebc99ed146,26,739630,BR,2024-08-10
992ccb53-a5d0-4cc8-bed2-a341e4f40faa,27,2074920,BR,2024-08-10
658549a3-2206-4f47-bfc7-2ba0a08c9006,28,230410,BR,2024-08-10
4f3b855d-515a-40bf-b32f-c76aaa4003cf,29,1665460,BR,2024-08-10
1a3c32a6-f83d-4754-bd79-bb62015124bb,30,1517290,BR,2024-08-10
0aa85859-f8dd-4883-8baf-93a9743723ae,31,2567870,BR,2024-08-10
1ab512e3-b696-435d-8d41-5a5c5b248c8b,32,2778580,BR,2024-08-10
c909433f-5803-4a9b-a7a3-36496b10dbfb,33,1222670,BR,2024-08-10
9ba7f70f-7945-4cb9-bb45-dd2edfb24849,34,985810,BR,2024-08-10
3a01279e-a8f1-4009-9e27-6df0ccfcba9a,35,1938090,BR,2024-08-10
db73a346-8c52-4cf8-9fa5-f3e03423d2ca,36,306130,BR,2024-08-10
1ab3ff3d-86ca-4302-ad41-23e161a46144,37,311210,BR,2024-08-10
12491140-1b53-4adf-8af7-7020f14a55f6,38,582660,BR,2024-08-10
81c546e4-3d0f-469d-9558-bf98ee33e033,39,199943,BR,2024-08-10
50b1f43f-6cde-49d2-a5d6-db6a92840600,40,2195250,BR,2024-08-10
40a543e9-260d-4c59-8912-4726bf98fcd5,41,379720,BR,2024-08-10
c1e2c228-26fb-4e85-9156-c04e2eee37c6,42,2139460,BR,2024-08-10
fe891b0f-4796-4635-a6a1-18d1fcad5cdd,43,1085660,BR,2024-08-10
8f7f406a-72af-4e97-b925-557022023e22,44,553850,BR,2024-08-10
177da3a6-1054-4756-a8fa-374955df96eb,45,49520,BR,2024-08-10
58d5cab9-e073-496c-8474-37e4fdd7f97b,46,1250410,BR,2024-08-10
c2864a42-f4d9-4e62-ac8f-ae731f01dca8,47,15435,BR,2024-08-10
c12646a1-66cd-48d0-94da-5cbcacef5c91,48,2751000,BR,2024-08-10
023df0fa-1ee1-4c61-9385-319da22f912a,49,2142790,BR,2024-08-10
cafcffbf-ea6c-46da-9333-48f31fd98b1c,50,431960,BR,2024-08-10
c2168afe-64cf-4e9e-ab46-c3aa9445de90,51,202970,BR,2024-08-10
e61c01a2-7510-403b-98a7-283985101e26,52,1846380,BR,2024-08-10
a6877b2b-b88b-4bc9-b97c-417ffd84ebd6,53,1091500,BR,2024-08-10
53f1a243-0d18-4ff0-9de4-7a840ffece46,54,2519060,BR,2024-08-10
2dfc0630-3e91-4f99-97b6-804f77f69f1f,55,1716740,BR,2024-08-10
6de844d9-c804-4aed-b51f-f55ae9ca718d,56,1599340,BR,2024-08-10
4d698ee3-21db-4657-ac05-bdb7dcb7d3a6,57,1222680,BR,2024-08-10
cd71b657-0611-4725-bad7-ce6f5ce75ef9,58,236390,BR,2024-08-10
101a403d-8409-439f-bea2-26a0f213b6f6,59,1966720,BR,2024-08-10
975d7679-9b38-43b4-8957-ecf22f324d2c,60,38150,BR,2024-08-10
0fa476d8-d255-431e-82bc-8664caa5f5a5,61,2780980,BR,2024-08-10
8fb2a5aa-1d58-4c0f-8f7d-9a1b9018c0a5,62,447040,BR,2024-08-10
86bc796f-c931-440a-aa12-bcc1c8937c65,63,1174180,BR,2024-08-10
5d8a7dc3-0b76-4737-b46f-110fc4ca5ccb,64,227300,BR,2024-08-10
3f780d2e-106e-452b-a284-84048f08ace3,65,1985810,BR,2024-08-10
5169d2da-9f51-4c55-86c5-1e63085fc356,66,993090,BR,2024-08-10
e4eb511d-54f9-49db-b896-fa03c85d283e,67,359550,BR,2024-08-10
10a1d56e-e511-4f0c-bfdb-146afdef1474,68,1222700,BR,2024-08-10
8d9b4b38-a249-4eae-817e-f19292bcfca5,69,6465,BR,2024-08-10
7b3a7596-f861-4f5a-ae31-62f6c6aff4c8,70,2395210,BR,2024-08-10
732d671e-2377-4f6b-9203-0bc9c5080f45,71,2215430,BR,2024-08-10
af79b272-66d9-489b-a4b9-31b3ea0eeec1,72,1289670,BR,2024-08-10
330e5089-9e9e-4850-ad10-4681137b7e40,73,1151340,BR,2024-08-10
aa64642c-497d-4f8e-b2b2-0e33e2594bae,74,1092790,BR,2024-08-10
6c89f942-f45b-497e-bcdc-a537f356e296,75,1286680,BR,2024-08-10
f5a10c99-a2df-4183-bd3d-d7bffc28a3e8,76,440,BR,2024-08-10
6b9497ae-800c-4271-9796-1f30866fdce7,77,1238810,BR,2024-08-10
bc029f76-77d1-4b06-a684-a2d00c02f7bc,78,2000950,BR,2024-08-10
ef6fccf2-1dfa-4131-8599-85183a42d5e8,79,1962660,BR,2024-08-10
4d8faa7a-9f40-46f0-840b-b13f354fb8c8,80,1149460,BR,2024-08-10
d5057761-876b-4cd6-9f57-88a80e4d402b,81,612880,BR,2024-08-10
20fcdab5-dc72-4ae6-a384-f1ccaa71b0eb,82,2526380,BR,2024-08-10
605af313-7422-4cfb-83d7-64bc892605bf,83,221100,BR,2024-08-10
7b78cd53-f679-4307-80b8-205f45938afc,84,252490,BR,2024-08-10
a94e8ada-fd83-4274-906c-03d9fac380f9,85,266410,BR,2024-08-10
0b7faf9e-2d7f-498a-a727-7c4abbb48e96,86,1274570,BR,2024-08-10
3cadb2ed-55f4-4bee-9b78-de5086eb5558,87,2881650,BR,2024-08-10
6f8b7caa-97d8-446d-870d-a50907138a3a,88,2790720,BR,2024-08-10
379002c1-baac-406e-aa3d-52127c3b34de,89,1284210,BR,2024-08-10
6923c846-6e77-4c31-82d7-ed7dddf354d8,90,548430,BR,2024-08-10
f75a0f6d-35ea-4baa-abc0-76265752e064,91,1562430,BR,2024-08-10
8623cbc4-caf1-40b7-9aaa-8a7a29baaa12,92,346110,BR,2024-08-10
efe22367-9618-4cb4-8844-dede360c46ab,93,2016590,BR,2024-08-10
878dd7a4-10ab-46c9-8188-c65ed3129a87,94,2488620,BR,2024-08-10
5f414727-4cab-4a85-96e7-334b4563b6c9,95,43079,BR,2024-08-10
4026d578-27aa-45a9-a81e-7d852d15fd05,96,648800,BR,2024-08-10
3b968cac-58ce-4e1b-9d00-09d13eea5492,97,597820,BR,2024-08-10
392d38c6-70d6-4f7f-a64d-956621a37b05,98,2141910,BR,2024-08-10
4860d1de-0ece-4130-b076-772e48ceacdb,99,268910,BR,2024-08-10
5eb926d3-9177-4747-bbc2-3358c3f33c62,100,22380,BR,2024-08-10
ee7e1efb-e945-433f-8636-6101443f5374,1,1593500,IT,2024-08-10
b131322c-a848-44e0-828f-ceaf3aebb90d,2,33369,IT,2024-08-10
3a77b649-8919-48f8-88c8-04698a5b332a,3,1675200,IT,2024-08-10
7e783cf6-50b8-410c-8b05-9012bfd78968,4,2074920,IT,2024-08-10
d21ac3fd-a4d9-4c66-9e72-2aa77f1e23f3,5,1086940,IT,2024-08-10
19cc62eb-4228-4819-8deb-6e45c7a37378,6,397540,IT,2024-08-10
dfc2e01d-816c-4ca2-9b0d-b46b3127935b,7,730,IT,2024-08-10
629a8e29-edb8-4108-bde6-72d43aecf748,8,2358720,IT,2024-08-10
76ce80fe-77ac-432e-8140-f68aeab1311c,9,2933620,IT,2024-08-10
1124154f-3ba4-426d-9e14-10d1b4575903,10,2638370,IT,2024-08-10
c1ddc622-d5e2-4b04-a3c2-3f023ed79dd0,11,1245620,IT,2024-08-10
389a96f4-5fb3-4d6d-8644-ba908fbdde40,12,2751000,IT,2024-08-10
1af461e2-6060-4896-bd0a-fb137b6e48e8,13,2141910,IT,2024-08-10
f3196f98-0e77-4ddd-b943-fee4061a67dc,14,489830,IT,2024-08-10
1ff3c1b7-0adf-4c15-b653-d4edd2c1e332,15,306130,IT,2024-08-10
657b662e-c811-4de0-ae5e-a51fd3e4974b,16,782330,IT,2024-08-10
a13ff6a0-171b-4162-bc00-c59ffa1d23db,17,1599340,IT,2024-08-10
bdafe459-5f09-4f56-a2eb-32111bcfe120,18,1716740,IT,2024-08-10
fb8a602d-56c1-4eb9-a730-5d317d42f72a,19,1449850,IT,2024-08-10
47e065e0-f2e0-43e9-8416-dc448346b43e,20,553850,IT,2024-08-10
d558ee27-3483-46c0-9456-eb15822c36a0,21,377160,IT,2024-08-10
d706bf0d-68cb-410a-9bf3-b630e618d078,22,2183900,IT,2024-08-10
88684222-7bbf-479f-a3e7-45da03bc1e74,23,230410,IT,2024-08-10
5e8b1491-9655-42a4-baec-c499db320182,24,578080,IT,2024-08-10
eada1e33-4974-415b-a2f9-330a2978e36f,25,49520,IT,2024-08-10
cd98fc61-d513-4346-a3aa-7d0f0e5e1077,26,26447,IT,2024-08-10
80caf5aa-211a-48f1-82f2-de7cd83873d3,27,570,IT,2024-08-10
94c1eb20-ad35-42bc-b6dd-99d07df3f982,28,236390,IT,2024-08-10
2970083f-fc61-4c4e-825b-4292570d2e34,29,1237970,IT,2024-08-10
bf67dd5b-6f2d-4ad4-83d9-1470d7f06ba7,30,1151340,IT,2024-08-10
5657878b-8a05-4121-a6c0-d6baf273b745,31,1085660,IT,2024-08-10
f9789365-d043-44ab-ab5f-e6fade1adb21,32,2778580,IT,2024-08-10
2dd1788d-67f0-4865-80fd-981a4561bfe8,33,311210,IT,2024-08-10
0e5942ef-42bc-408f-9b37-8037a307c646,34,15435,IT,2024-08-10
c6d167ab-ea7e-43b7-b73b-10fa36abc41c,35,2808930,IT,2024-08-10
002efe4a-f8dc-4e77-8394-52ab91940e3b,36,2669320,IT,2024-08-10
720567a4-91c6-485e-b826-7162355a368f,37,227300,IT,2024-08-10
466b230d-a345-4b4e-b36e-914a41769b75,38,1172470,IT,2024-08-10
445a1089-a79c-4ddf-b3d8-8e98acb210ce,39,199943,IT,2024-08-10
08c5b183-0b22-4986-87d3-71711c134dfe,40,34549,IT,2024-08-10
09f8e594-d280-4ebc-88e2-a8a4a1ef10ff,41,2139460,IT,2024-08-10
9262cc22-c2d0-4d1d-a9ff-d1d37b78b19c,42,1091500,IT,2024-08-10
e95e6ebb-9dc1-4ae0-a4a3-da9f3c612265,43,1203220,IT,2024-08-10
eaf9db1a-36bc-401b-9f50-5fbd4a685de2,44,2488620,IT,2024-08-10
cf16fcc7-abcf-4261-8b8a-531671bc8a96,45,1997040,IT,2024-08-10
ff029b74-284a-432f-9ec1-a66ecae7cf17,46,413150,IT,2024-08-10
a9dbb756-230c-4cd3-8780-2eb2874c1a71,47,1286680,IT,2024-08-10
53bb53a7-7daa-4bba-a673-a14fa0f91c38,48,1665460,IT,2024-08-10
0153ccb6-d7bb-4755-8cf7-b1ec75292ca2,49,27490,IT,2024-08-10
a6d8956f-7314-477d-8a57-0a44643108d6,50,739630,IT,2024-08-10
602f4eb8-31d2-4014-acea-53f374ca421f,51,38150,IT,2024-08-10
fa7759b2-0bf9-4c62-b904-c65b18841f90,52,1790600,IT,2024-08-10
3f41a390-fc09-4ab9-bd96-3d9eb8e7fe75,53,1222670,IT,2024-08-10
d3b19851-aa15-41a2-b9e4-34447fda8fe6,54,2280,IT,2024-08-10
3f059502-c58d-4d49-bc4d-bb545c3bbd4a,55,252490,IT,2024-08-10
37e9295e-e5a0-470d-85d7-0bc3b3357315,56,238960,IT,2024-08-10
2e35ae77-3bf4-49e6-888c-34b970982264,57,261640,IT,2024-08-10
5c7a912c-e154-40c0-8da2-641d349f1e7c,58,1172620,IT,2024-08-10
1032fc9e-3bc0-418b-a00d-85e782c7d978,59,271590,IT,2024-08-10
826d5c01-8834-4677-a533-7f7f65896ccd,60,381210,IT,2024-08-10
61b89e02-6c13-4616-923c-f66350cef402,61,359550,IT,2024-08-10
9057829c-9225-479c-b144-992275fda183,62,2344520,IT,2024-08-10
2593af75-f1f9-4288-ba3c-69a250f61d2e,63,1717250,IT,2024-08-10
f4c9f22a-45e2-4d31-a553-87f2a4dc2ea1,64,2305840,IT,2024-08-10
5f7db18f-d919-421e-bc4d-13008fc2df14,65,30335,IT,2024-08-10
779f2ab5-8757-4743-a65e-d5404e2a5c3d,66,39210,IT,2024-08-10
8fb6286a-5e8c-462a-b66c-abf7e2424821,67,1659040,IT,2024-08-10
767373e4-39d2-4a93-a3d0-eaa16e224ba2,68,44370,IT,2024-08-10
12d58e7a-80b6-441e-80c7-702822a6b601,69,32291,IT,2024-08-10
b25f4b14-8f67-4aa1-bf78-e4783258d580,70,1962663,IT,2024-08-10
3238151e-5581-4615-bad5-2b4fc6e9940d,71,202970,IT,2024-08-10
d064a802-f73c-46dd-b3fc-ee169e0c36b4,72,39119,IT,2024-08-10
eb06e8aa-99a0-447b-94db-82bfeec60e94,73,379720,IT,2024-08-10
fb09ff69-31a3-4999-8e54-f493afdd07a5,74,1938090,IT,2024-08-10
ae7ece0c-8d1c-448e-8b19-4c90e122bd1d,75,546560,IT,2024-08-10
7cf0a174-4063-4274-85bc-2cc6d39f8762,76,40705,IT,2024-08-10
8a0d3366-a988-4974-9aeb-1c8b7325b7f2,77,1092790,IT,2024-08-10
ff48db50-6f6c-46f3-9db7-50f052097232,78,2567870,IT,2024-08-10
e8d0d768-e3e9-44c1-a744-2aa9ba745cbd,79,2396980,IT,2024-08-10
998bd1b6-a91e-4436-858f-ef425e8dd169,80,444200,IT,2024-08-10
3b3ba42a-8e3c-4714-93cc-22ab2495ce3f,81,2406770,IT,2024-08-10
6ab1be28-7811-4cc5-9c8c-1b090b807dfd,82,15366,IT,2024-08-10
e334e96f-10ee-45bc-83ee-68a086864a88,83,2851150,IT,2024-08-10
423ddcc4-47e0-4a28-b42c-3bc755c32ff8,84,20872,IT,2024-08-10
17b551bd-ca96-4ff3-8fd1-584663a2ece9,85,2142790,IT,2024-08-10
89e6a066-2f6d-4b18-8c7d-5c202b5c995b,86,1174180,IT,2024-08-10
9d9c304f-6628-450f-869c-74b9f1cd8a7f,87,15347,IT,2024-08-10
c3359af9-57c1-4138-b431-08d0981843a7,88,1778820,IT,2024-08-10
26db9d75-5cf9-43d6-ac20-4c000e695454,89,2400510,IT,2024-08-10
efab88b8-2bd6-4989-b452-b811e93cb247,90,22380,IT,2024-08-10
86348141-4315-4a61-b916-7bb4923584c4,91,2138330,IT,2024-08-10
a09d30c4-c8f6-4b3e-9822-e34b3213fa83,92,2396240,IT,2024-08-10
5d0b198d-59be-4f71-9ec6-603fb8aae600,93,266410,IT,2024-08-10
96a6ee6f-13b4-4deb-b4fa-1242376544bd,94,612880,IT,2024-08-10
c09fa938-b2a9-4308-b09c-614cd1556bf0,95,427520,IT,2024-08-10
0cadda50-f2f7-48f7-b376-73a9f72bacb2,96,14169,IT,2024-08-10
bd9e6e16-5fd2-48d1-95ee-4c7f42a83b39,97,460,IT,2024-08-10
798afc47-940e-479c-80ba-4b897456668a,98,784150,IT,2024-08-10
4d64369a-0333-486f-a662-47960fb2b962,99,5700,IT,2024-08-10
7f6431e6-afc2-4bbe-9ef5-4a615bfbc574,100,436150,IT,2024-08-10
72227300-0a3a-4b33-9665-d7b0a263296c,1,730,CZ,2024-08-10
daa7c4ed-851a-4172-8464-a87e0501f94c,2,1593500,CZ,2024-08-10
d221baa4-2bac-488f-9308-c558a6ef1fbf,3,1675200,CZ,2024-08-10
feb97f81-a66a-49cf-99e7-7c49c8f09339,4,570,CZ,2024-08-10
67fb3e83-844a-4906-9481-4eb0ddd2567e,5,33369,CZ,2024-08-10
c425138b-bf08-4828-b05f-bb77fa5a6f7a,6,578080,CZ,2024-08-10
aa20fbd4-9f81-4f4f-9b71-8ae3e7c8626e,7,236390,CZ,2024-08-10
1eb25168-1592-4261-abf5-ff736a52a6e7,8,397540,CZ,2024-08-10
06984c3c-0973-439c-8c70-f8379a9c3fce,9,15435,CZ,2024-08-10
3184fb0e-bd4d-44d0-b64e-96f3a6d1db4c,10,306130,CZ,2024-08-10
fb74305b-55d1-41a9-883c-01c5f6ab7e23,11,782330,CZ,2024-08-10
38df76d9-a324-449a-9f8d-a007a4912952,12,1222670,CZ,2024-08-10
c9ea4885-b309-491e-a923-87dcdf713655,13,238960,CZ,2024-08-10
940a61c8-a1e3-4828-bd72-dbcc26573e45,14,2183900,CZ,2024-08-10
9df53c53-c1b7-412d-b41f-c71462778cfc,15,1086940,CZ,2024-08-10
5834b7d3-ac5b-4e59-ae3f-b347d1d229b3,16,2074920,CZ,2024-08-10
2345365e-5ca3-4b44-9c9e-71961c0f70d3,17,444200,CZ,2024-08-10
b86eab2e-664c-446d-8f59-1d892fdf520c,18,553850,CZ,2024-08-10
f815b2f9-68cf-452e-a102-7000d1e24ef3,19,227300,CZ,2024-08-10
607619f2-150e-4f83-9f45-141fad3ab6d3,20,2933620,CZ,2024-08-10
ea95f4a5-50a8-4d58-a668-4cfceb1aa702,21,38150,CZ,2024-08-10
85fcda11-f44d-4ed1-b982-eacc8ebc809f,22,1245620,CZ,2024-08-10
faa640a7-ae15-4916-9317-782c184dabcd,23,252490,CZ,2024-08-10
214429b2-1553-404f-9aec-6de133cfd5c2,24,489830,CZ,2024-08-10
7e909b1c-3162-4c08-9fcf-0f153d8f1cd0,25,2638370,CZ,2024-08-10
351ac82c-436d-4d0d-9563-a2df92726641,26,271590,CZ,2024-08-10
2642dd07-9691-442d-bb36-6da41327aaa9,27,2669320,CZ,2024-08-10
f0dd3cb2-e2df-4375-8ff5-c3f0986ab5ae,28,354231,CZ,2024-08-10
6f42e385-3ee2-4164-aafa-cbbf5ff11eb8,29,377160,CZ,2024-08-10
6e102253-03ae-4f81-8ad1-e77dbd632284,30,3096,CZ,2024-08-10
58058b8c-53d5-4b31-88a9-506c82505508,31,739630,CZ,2024-08-10
f2f3c527-9f8f-43aa-a352-39b8c005e3bb,32,2139460,CZ,2024-08-10
079558a5-8546-4c34-95d6-66bd6c257dea,33,5700,CZ,2024-08-10
61f8e50a-b8c3-4893-aa7b-287389def3ab,34,1237970,CZ,2024-08-10
b8a01094-9649-493c-9153-868e8d299580,35,230410,CZ,2024-08-10
6a74dac9-5a10-4915-b91b-b937e783df63,36,2041,CZ,2024-08-10
467b048e-ccea-4df4-8ad8-2ab50ab043ca,37,1599340,CZ,2024-08-10
10c2c1f7-0a9d-4f16-9759-2ae5892a43bf,38,1172470,CZ,2024-08-10
52b372fd-bdd1-4e2f-a893-e39e6b8563e0,39,2358720,CZ,2024-08-10
ec409659-26d3-4127-b450-14c359b5ca90,40,494840,CZ,2024-08-10
8b390da9-94c9-4abe-bfdb-181692d0cd61,41,381210,CZ,2024-08-10
7cdd95dd-1ab0-47fa-aa9b-0f6158b6a34f,42,49520,CZ,2024-08-10
d5d51d06-d53c-499a-be11-a64470853cf4,43,1059530,CZ,2024-08-10
8616c569-605a-46f6-9edb-adcc8602f19f,44,24337,CZ,2024-08-10
2e97bbd9-545d-461c-b795-2e8917fa5006,45,1286680,CZ,2024-08-10
65014cb5-b498-4f81-9870-eaf312e5054c,46,440,CZ,2024-08-10
8ae440a4-8930-4497-ab51-5e0f0c632630,47,1716740,CZ,2024-08-10
91e69fcf-04d5-45be-b287-d5d72027d787,48,2808930,CZ,2024-08-10
a9d0382a-dc27-4244-83eb-940871b67d02,49,612880,CZ,2024-08-10
37fd53eb-bad1-4ec0-89cc-f0f386a593ae,50,15587,CZ,2024-08-10
dc1c9d27-5928-42fd-903b-8af3cf8d12b1,51,1818450,CZ,2024-08-10
640a2d29-9ef6-400e-a806-3f3fb972208f,52,2751000,CZ,2024-08-10
01f03e6c-b713-4335-aa27-da20cb39b6cc,53,201810,CZ,2024-08-10
d44a0d7e-35b5-472b-81dd-dbe9af737cf7,54,1151340,CZ,2024-08-10
bb261358-e56e-42ae-b8f9-de23606ba82d,55,546560,CZ,2024-08-10
5e47d974-96ad-4f66-b11e-752024c62aa5,56,2778580,CZ,2024-08-10
e6b9b8e2-4af2-4bce-8b46-aa1a22cd8bd5,57,2280,CZ,2024-08-10
e9ca7c03-2d2c-4969-8158-7108fa692ae1,58,1469610,CZ,2024-08-10
f971be72-9566-4038-beae-778a29e6a354,59,30424,CZ,2024-08-10
24f86dee-d6c5-4f8f-82d3-3799ad5b47a2,60,359550,CZ,2024-08-10
31347164-e771-4474-b2ab-5059c4dbaec9,61,2195250,CZ,2024-08-10
b6dc90c8-43b6-4b04-b150-38475b0346b9,62,1091500,CZ,2024-08-10
e3008529-0a98-4754-8841-b92b38e296e5,63,2670630,CZ,2024-08-10
e8e274f8-1977-4767-8c39-cc7705bdcac1,64,413150,CZ,2024-08-10
5dcc3852-fce7-4f6c-bbca-efc4306b0893,65,1407200,CZ,2024-08-10
e20a8c56-d28a-448e-b4f1-a6431b575273,66,5141,CZ,2024-08-10
e0fe41dd-7c05-44ed-87bb-3f5cac5745c8,67,2344520,CZ,2024-08-10
2e84f937-8eb2-4708-81c1-a9b7e8273530,68,379720,CZ,2024-08-10
52676b45-626a-401b-823e-1833fbf0854a,69,2488620,CZ,2024-08-10
6b559284-eef2-4c2d-93ff-a950f3e3eb89,70,2698780,CZ,2024-08-10
b9698358-c942-4ccb-807c-9acb278f5f4a,71,199943,CZ,2024-08-10
2c38ea06-7af0-45cb-9a50-8dc06d497368,72,2567870,CZ,2024-08-10
2f08c048-c9d8-4ad4-a79d-62d6c2769254,73,15366,CZ,2024-08-10
a91d68b1-e35c-40c8-832b-ffd8425f4ef1,74,1144200,CZ,2024-08-10
2292a985-d132-49f1-a12b-f9b211d7cdca,75,1056960,CZ,2024-08-10
192b3bb4-20c8-4e25-a4b5-05029bdcfaa2,76,2215430,CZ,2024-08-10
7316bcf5-d923-4d7d-b99d-eae2414cec86,77,438040,CZ,2024-08-10
aa01f370-8cbb-4a9e-970e-d1b07361c62a,78,1717250,CZ,2024-08-10
cbd07236-4edf-4292-94a0-dd903b2dc280,79,350080,CZ,2024-08-10
2fee86b2-a20f-42d0-b417-56f4db4fc3c4,80,34712,CZ,2024-08-10
4431fbfa-a8be-4acf-b5cf-1e62d715ba06,81,1551360,CZ,2024-08-10
6ec914f6-bc18-49ee-a491-7717779aa222,82,27490,CZ,2024-08-10
418a0eed-e84e-41d7-a203-413fa1baed9d,83,2322010,CZ,2024-08-10
c08560b4-1c9d-456e-b8a9-11fd6ba1545f,84,2396240,CZ,2024-08-10
90804c17-9b40-4438-85eb-5c0e1db45f77,85,1250410,CZ,2024-08-10
5eb6a748-da11-4cd4-bbb6-802241c8b838,86,1177980,CZ,2024-08-10
e5aad844-4a6c-412f-867d-b0c0575864a6,87,2109270,CZ,2024-08-10
550ef725-629d-4663-9bb2-663d8528a08d,88,261640,CZ,2024-08-10
8d7cc77a-858c-47c0-8261-ed3bd49fae35,89,284160,CZ,2024-08-10
0e1c0d8e-aa22-4643-b75f-c6f78470bad7,90,1465360,CZ,2024-08-10
57f10d29-2a9d-4ac6-994d-4b4c61bb959a,91,1962663,CZ,2024-08-10
36c870a5-1c76-4789-ab68-ef3f132a6b3e,92,480490,CZ,2024-08-10
a7b808dd-d4bc-427d-9a80-65cf04857bc9,93,784150,CZ,2024-08-10
47209196-5745-4b3e-830e-4f52efd7228f,94,221100,CZ,2024-08-10
060279c0-7365-4db1-a8fd-c3fbddd7be24,95,2138330,CZ,2024-08-10
5276f387-ddea-42ac-84db-9c8cbd44c5c9,96,548430,CZ,2024-08-10
018bdeb4-a944-4509-beb2-13cbe49ee7d5,97,1172620,CZ,2024-08-10
a52b0db2-dcfb-4f62-8fcd-7177d734857d,98,394360,CZ,2024-08-10
9dfc5b91-fdd8-49f9-ab37-90ee729a796d,99,28061,CZ,2024-08-10
b93c4f50-24aa-4ef4-8b7f-5e8046c7363f,100,1174180,CZ,2024-08-10
5bd7759d-ab36-4c96-b697-dcaedef6f155,1,730,NZ,2024-08-10
c1d8e9f0-e43d-49c2-9baa-2e7b143c135a,2,1593500,NZ,2024-08-10
9ee644b1-820b-4cc1-8526-14a186ab786f,3,33369,NZ,2024-08-10
1ef5fdf8-56b7-4072-b641-2082af00f1c4,4,2074920,NZ,2024-08-10
760b60a0-a54f-44f9-a2f7-e4e83cb6f12d,5,397540,NZ,2024-08-10
73403471-237d-494b-a66a-d5f8b1e8c5f1,6,1245620,NZ,2024-08-10
fdc11a95-1116-4850-ac2e-e0a5ef22d1bd,7,236390,NZ,2024-08-10
1fef195c-3b46-4cf9-81d2-262452350742,8,553850,NZ,2024-08-10
8803e9ed-8d73-4887-9fd5-557748b322df,9,238960,NZ,2024-08-10
df4a1936-d4fb-4240-bc82-a6e9f23f6140,10,440,NZ,2024-08-10
c01dce8f-e231-4acc-864e-6b08ac64a32e,11,578080,NZ,2024-08-10
081f10a0-9113-4f78-a912-3539c45b0991,12,306130,NZ,2024-08-10
6cdadc71-4cdc-4ab9-8a62-38eb60a20979,13,377160,NZ,2024-08-10
15c7baab-1a5c-4f92-a2e6-920f4f3bcd32,14,1086940,NZ,2024-08-10
05d0aab0-971c-4025-8cd2-831520ded9b2,15,252490,NZ,2024-08-10
c0cb7bc0-d035-4916-8985-f5c41ab150da,16,2778580,NZ,2024-08-10
53d97620-9686-4e9e-9ae4-6703d181f04d,17,2183900,NZ,2024-08-10
764816a6-97ad-4c58-b365-388ffa9663fc,18,2139460,NZ,2024-08-10
dca18f77-c05b-4323-b1fa-21c7ebeaf316,19,489830,NZ,2024-08-10
b79b1c3a-b454-439b-afb2-8a8040cd6592,20,311210,NZ,2024-08-10
0d3f67d6-3c89-48c4-9d36-da34ece0ac5d,21,230410,NZ,2024-08-10
17c8a21c-bea1-48eb-9db4-29c22ff05c6f,22,27656,NZ,2024-08-10
a3563fd5-4202-440d-97b0-f0a3e9f4b893,23,2358720,NZ,2024-08-10
99cfec68-f4cc-4416-93f8-b008a53e73da,24,5700,NZ,2024-08-10
ff14eed7-d5e7-4c2d-834e-faa0e9aadf47,25,570,NZ,2024-08-10
9a001fd6-5fde-4b0e-a593-77c89285c094,26,2933620,NZ,2024-08-10
3980653e-dc6d-4877-9e5f-c2751a7c0054,27,782330,NZ,2024-08-10
7a9c5e3c-d880-41f3-8d43-3b79d992f149,28,1151340,NZ,2024-08-10
35b2ed53-7e8d-46dd-8210-0e726b290c35,29,1085660,NZ,2024-08-10
0bbe29a2-6123-4ff3-82d4-76e83445c1a0,30,30424,NZ,2024-08-10
3914505c-a7c4-4971-a8c0-a4b0beb01bed,31,2400510,NZ,2024-08-10
d30d7e94-832f-4c99-86f8-b55fb8cfa1ab,32,28820,NZ,2024-08-10
f3a2b4c8-86f5-4305-970a-adc6c1ed8064,33,49520,NZ,2024-08-10
d04d54db-c548-4de8-91b0-3237fc2fd25b,34,1237970,NZ,2024-08-10
c7458668-c05f-4313-aefa-21e535df1221,35,21478,NZ,2024-08-10
c5d590f0-27c0-41ff-97d1-d91ea5727b18,36,39210,NZ,2024-08-10
9012bd3d-dc2d-48ff-a268-9fb1a62cd566,37,1222670,NZ,2024-08-10
4cbd62d9-16fa-4c13-bd1a-40bb91baa089,38,2142790,NZ,2024-08-10
e10064ca-0303-4de9-bb01-c5433739794b,39,199943,NZ,2024-08-10
bb9778bb-9ca1-4d6f-b826-2d3d9be187d3,40,2638370,NZ,2024-08-10
6e46149b-aa7b-4aaf-9920-ae0db2a115e5,41,271590,NZ,2024-08-10
3e588b89-2c06-469e-b411-01a26e18016b,42,1286680,NZ,2024-08-10
79623702-6ff1-4090-aa3c-75f9848a58d6,43,1962663,NZ,2024-08-10
90bd7a0e-b970-43d7-b42f-f8ea9ba28b8b,44,2751000,NZ,2024-08-10
eb5c2cd7-c11b-483f-8543-157f0b300681,45,15435,NZ,2024-08-10
66d45783-cd60-44a3-9df8-16ff981881fa,46,1091500,NZ,2024-08-10
296ae716-4bb4-4b52-96f7-dd74f591a034,47,413150,NZ,2024-08-10
3a0c1628-4700-41be-b63d-51b56ebacc3a,48,266410,NZ,2024-08-10
fe11a46b-7c5e-4907-a491-0a6c4ff7a776,49,1174180,NZ,2024-08-10
e7993107-61cb-49a1-8ad1-691bee2560fd,50,427410,NZ,2024-08-10
93ff4d66-9a49-4138-a60c-9756ae691a02,51,2366980,NZ,2024-08-10
4f372dcb-cd1d-4a72-9979-3fcae7ab6322,52,29655,NZ,2024-08-10
c2768720-935b-42f5-a2c7-97dad1f40a01,53,1985810,NZ,2024-08-10
f259bd57-e506-48cf-8b9f-775892383593,54,2215430,NZ,2024-08-10
29a428cf-8490-4662-aaea-07cfb87704e8,55,26454,NZ,2024-08-10
aeb998de-30bb-4429-b801-d3eb96a47f83,56,546560,NZ,2024-08-10
7a65ea66-fb1e-45c7-8831-006721802562,57,916440,NZ,2024-08-10
eb500730-cb24-4e98-87b6-6d0b5f288bdd,58,1599340,NZ,2024-08-10
a9f6eb0f-2011-4223-81bd-7cd980c096ce,59,381210,NZ,2024-08-10
0d315672-6ee2-4da1-8214-15a4ce14b139,60,2244470,NZ,2024-08-10
e905a287-2c18-459b-822d-f075e11f0e94,61,1934680,NZ,2024-08-10
b59db613-a4ed-4b7a-9af9-7889a3b4a0f8,62,24815,NZ,2024-08-10
d2a07d21-752f-47b3-864f-bf6195cbe848,63,1172470,NZ,2024-08-10
389ba219-a1c6-4504-9ef5-ee0f13d08ab7,64,620620,NZ,2024-08-10
3886a166-a4bb-4c38-866f-abce272c648b,65,1659040,NZ,2024-08-10
612b742a-f63c-4da5-a9a6-0bf8dd085814,66,960090,NZ,2024-08-10
2548becd-1a8e-4ea7-91c8-35cff6f4e8ae,67,2396240,NZ,2024-08-10
6eaa6a5a-5f7f-4740-89cc-c0060c570a23,68,1282100,NZ,2024-08-10
d2b62f25-d519-4a51-8ed2-1275d4430fe4,69,2138330,NZ,2024-08-10
5833e338-2ee2-4b2d-b838-ad7812138091,70,1629520,NZ,2024-08-10
886ebebd-095f-45ad-b32e-7a6ae67e6efa,71,1203220,NZ,2024-08-10
d60c5402-24ca-492f-ad5f-9eefe52bde33,72,270880,NZ,2024-08-10
fcfc3fb3-6349-4e1e-8e2b-f312de92c262,73,2344520,NZ,2024-08-10
f5a77d63-4203-4854-b205-ac6ebcaa3bee,74,2526380,NZ,2024-08-10
79c6dd7a-209e-424c-85d3-dd155365b7c7,75,1717250,NZ,2024-08-10
abdb147d-0255-4417-b494-22fa0a611243,76,30757,NZ,2024-08-10
3f622994-6707-489b-94da-d5ba11fd55e4,77,2567870,NZ,2024-08-10
141590e6-680a-4c9a-9d63-da651d547a38,78,1449850,NZ,2024-08-10
587cc56f-e6b0-41e1-a107-e20c093bdb35,79,1326470,NZ,2024-08-10
adada859-f20e-465e-9c31-f27b54c846fe,80,359550,NZ,2024-08-10
69de619d-8636-45cb-a028-50250fc0160c,81,1716740,NZ,2024-08-10
4daf7463-99af-4fb4-9ad3-7bd3df5512c4,82,23266,NZ,2024-08-10
420d8899-e153-4b19-bba9-8285f9d2947f,83,2669320,NZ,2024-08-10
ca1dd773-2bce-4d8d-88f2-85b2b41fd276,84,18270,NZ,2024-08-10
e499d3ce-d87b-488e-accf-14154afa8b63,85,2488620,NZ,2024-08-10
fe01c69a-db2f-4a06-bc18-e84b78bbc217,86,739630,NZ,2024-08-10
034ee8cb-b960-4a74-9c19-2009d8223015,87,261640,NZ,2024-08-10
b24c088a-5f4a-43e1-a0cc-ca4d686a3683,88,38150,NZ,2024-08-10
97d36759-7213-4691-9c63-bd48a83394cd,89,612880,NZ,2024-08-10
f8066497-600b-4df7-b881-6d1f123cb280,90,480490,NZ,2024-08-10
2ce9f62e-9ec0-4771-b7fc-627a7dcb1643,91,1260320,NZ,2024-08-10
32f88bb9-7e23-48bc-badd-5db158f97b98,92,949230,NZ,2024-08-10
aa8fadff-b093-4838-a15a-0797d76d8562,93,2280,NZ,2024-08-10
2b82d8a4-75c2-4067-ae4e-e136bf444f56,94,201810,NZ,2024-08-10
3bbd2c3a-9bbc-4a04-9c36-739571204bf0,95,264710,NZ,2024-08-10
ab8fa562-fc6f-4d00-951d-e6a3db43fd66,96,379720,NZ,2024-08-10
f5cdb112-2e6c-4a72-8774-a4e7401a6aea,97,1144200,NZ,2024-08-10
983ad212-237a-4546-9d54-15fc512b9855,98,28931,NZ,2024-08-10
2a463bfe-73fd-482f-ab0a-94633d64a0bc,99,2396980,NZ,2024-08-10
401e5a75-2d49-472b-95d8-dec13532b0c1,100,1938090,NZ,2024-08-10
071aa86d-5e6a-4680-bf5a-9572dd0b01de,1,730,DK,2024-08-10
6b75e4ff-cffa-4ef7-b845-b5cb59018793,2,1675200,DK,2024-08-10
9a4eb6f9-869b-4d28-9b1b-e52178cdf869,3,2183900,DK,2024-08-10
9edeb8a9-b168-4b16-b4cf-7e1d693cb03f,4,1593500,DK,2024-08-10
55fdce9b-0367-47ea-9848-acd519af9bae,5,238960,DK,2024-08-10
2b489698-76ad-4aa0-8987-31dd57a36777,6,33369,DK,2024-08-10
a096b9cb-ebe7-4ca7-8ee8-4597efdd3a64,7,553850,DK,2024-08-10
6f371a76-6ea9-4abf-bf20-7518cb202da7,8,306130,DK,2024-08-10
6c757176-07be-4f80-b27d-98f2728d7dea,9,252490,DK,2024-08-10
0540b3b3-4e2f-4959-b591-9c8972e79c31,10,236390,DK,2024-08-10
a32246bf-289b-4a85-9035-a661109d8169,11,397540,DK,2024-08-10
9123ffc8-2614-4242-b85f-da140d4c96f3,12,983380,DK,2024-08-10
4af26c19-b0f6-462b-8e7c-3d630f991f40,13,578080,DK,2024-08-10
b5ce6a9d-2316-4dd1-80c3-d60e2bed301d,14,1059530,DK,2024-08-10
144c9482-1bbf-40b9-a47b-2c6c2a02eb39,15,2669320,DK,2024-08-10
70d6f4be-e813-4dfd-8076-af2329dc668a,16,2567870,DK,2024-08-10
e8d01ad7-3be4-4fc7-a9fd-05b2969e1407,17,1245620,DK,2024-08-10
230dbd0f-49bc-4861-809f-8acb1c06d044,18,32454,DK,2024-08-10
b2fe9f4c-6993-4e11-a751-0334b7f2ce26,19,1086940,DK,2024-08-10
317c8630-5e28-4651-bc35-d135f66ad32d,20,15435,DK,2024-08-10
2691886c-856b-47fd-b6ec-23bd54d32fbd,21,2074920,DK,2024-08-10
6b3a9aa2-da95-4950-8d08-4ff872595e91,22,271590,DK,2024-08-10
a8be483d-3d3a-40a8-b94f-41bc923e2764,23,582660,DK,2024-08-10
2d769787-14cb-4154-a983-f70161fb6376,24,230410,DK,2024-08-10
d8f9d442-b514-4e48-9e83-934193507c47,25,2139460,DK,2024-08-10
0fb31f7b-4ce6-497a-9fdb-6d2b8b92b959,26,359550,DK,2024-08-10
136951ff-6d16-4a43-aec0-90d2e6d298b8,27,2195250,DK,2024-08-10
3cc29cf7-2ecf-49b8-808c-535d9a91ee93,28,1222670,DK,2024-08-10
b74e6739-4e83-44dd-9a4b-442e0d76bcf6,29,30424,DK,2024-08-10
0acb46bb-601c-4c2a-bb4a-7da80c260744,30,570,DK,2024-08-10
2a4ffaf3-854f-4f01-bbac-16cad81d6f03,31,227300,DK,2024-08-10
312cfe06-e6a4-44ff-a893-f43444b48b21,32,38150,DK,2024-08-10
d34dafbf-1ab0-4169-bd7b-f88546c9cccb,33,2638370,DK,2024-08-10
868e438c-4f47-4304-84c3-d233bfd6ba19,34,11048,DK,2024-08-10
77a16b85-10f8-46ae-a012-e5e97e878b85,35,377160,DK,2024-08-10
fa763ba6-34ee-4d98-8581-1059208c4e07,36,39210,DK,2024-08-10
9534c0ad-9b65-4801-8b1a-335d7b110afc,37,3782,DK,2024-08-10
61e920ec-6162-40f1-b11e-ce12994500c5,38,381210,DK,2024-08-10
f99af9c0-3679-4d32-b38b-8b9573e1cb85,39,1716740,DK,2024-08-10
a6160528-d794-4377-9cb7-a6be72555f3f,40,40379,DK,2024-08-10
fe707c64-434b-4bd3-a06a-07d1ee16b453,41,2933620,DK,2024-08-10
2acced82-4132-420d-8871-52e92780b68b,42,1250410,DK,2024-08-10
eeed07e7-6134-4892-92e2-0978b5edff78,43,5700,DK,2024-08-10
abda7d66-47c0-4fe1-8b04-046f76f1ee85,44,782330,DK,2024-08-10
548a9c8e-3018-49c4-ab09-a21c021641c9,45,1151340,DK,2024-08-10
c058d472-1722-43cb-a755-d89d9f6efb96,46,2141910,DK,2024-08-10
73cd288e-6fd5-4bef-9b71-74de2f1f344e,47,2778580,DK,2024-08-10
6e744a4b-29c1-4f65-8a7b-84aafdfe228b,48,2488620,DK,2024-08-10
c371aa30-20a9-4600-b987-024b1b0244d6,49,2300320,DK,2024-08-10
3727ac18-30a4-452f-9ab8-06a391500bab,50,739630,DK,2024-08-10
0d663018-81c6-44fb-97c7-0e78da9c594f,51,489830,DK,2024-08-10
7b32922d-516e-4a1b-9b27-237cb4428516,52,5699,DK,2024-08-10
4215bb1b-f0f7-4f61-942b-e4f311265922,53,311210,DK,2024-08-10
5a4e8a7f-3cae-40b1-8b86-71f0689873fe,54,1237970,DK,2024-08-10
ec975cfc-96e2-443b-90e0-053041f99b7f,55,1232580,DK,2024-08-10
2c223aab-2c8d-4e7d-91a4-7f0333f72968,56,1085660,DK,2024-08-10
7c2871d7-ad77-4596-ab8c-5d66bb975518,57,440,DK,2024-08-10
60c64d91-5eb9-4af9-b39d-e1376990332d,58,2396240,DK,2024-08-10
10a0b1ef-1fe1-494b-b440-324c1ef14d1f,59,2400510,DK,2024-08-10
f9d517c3-d4b2-40b0-bacd-d65554c740a0,60,1286830,DK,2024-08-10
201a5b08-65c2-49ae-a896-4a6bedefde59,61,1286680,DK,2024-08-10
da8f4796-e2a0-4857-9713-0e1977999760,62,1551360,DK,2024-08-10
dc66d9e4-5ab7-4745-b3d1-ac681f885277,63,1172470,DK,2024-08-10
9a6416fe-0da4-4c4a-86f9-7068e1855854,64,1203620,DK,2024-08-10
0c767c09-fff4-4d6c-9435-855340ef4bc9,65,2961880,DK,2024-08-10
087ce00e-13cb-40b2-aa0e-af174bb3142f,66,2808930,DK,2024-08-10
f3edadca-c987-41ab-b74f-ff1f01ef9b68,67,27500,DK,2024-08-10
32450330-e287-4f8f-84d7-a818afdc137d,68,49520,DK,2024-08-10
6742c8c2-acc8-48df-bb8b-0d4b30c2f243,69,1599340,DK,2024-08-10
598e5d00-06fd-4bbc-9625-d03117ebbdfb,70,413150,DK,2024-08-10
0ed187b1-2e76-4e2d-9ebd-2c6200acc3e8,71,2751000,DK,2024-08-10
375f4b05-89f7-4d0b-9621-038de9d3a94e,72,1091500,DK,2024-08-10
e2fb1186-5955-4d60-bbb4-2e4a58bd30db,73,2344520,DK,2024-08-10
5631fa72-8d4b-402d-b230-89d6bf75a0c8,74,199943,DK,2024-08-10
42dd67dc-8ee2-4c52-8e71-e6fb76c94ca3,75,1248130,DK,2024-08-10
14b559d2-eace-408b-b984-33f43b06a0c2,76,2358720,DK,2024-08-10
10bbf171-211c-4615-b5b3-0e2a8460b6d5,77,949230,DK,2024-08-10
375f6a0b-4c40-4e8c-b223-a0d7b13777c2,78,2215430,DK,2024-08-10
1aeda128-4093-4317-b0c2-5504b88223b9,79,9164,DK,2024-08-10
c0e38cf0-d444-4c9f-8b58-1ced028c3028,80,6429,DK,2024-08-10
1734c23f-9b61-4530-b2e4-bb4a2b70f3fa,81,1643310,DK,2024-08-10
51028119-15f5-414b-8a60-fa742b924919,82,1172620,DK,2024-08-10
15793907-d984-48de-9589-a36453414c96,83,1222700,DK,2024-08-10
8581838b-65cb-4385-bf81-b270e5d60859,84,427410,DK,2024-08-10
003adb49-17ec-433a-8537-526d3c532997,85,1363080,DK,2024-08-10
cba27227-132d-4a43-88cd-e8a6a9406301,86,548430,DK,2024-08-10
f8b573f0-d785-430e-8678-bbc0afe254a3,87,1379130,DK,2024-08-10
6a3c328b-fe52-415c-8eb5-3d5a7d97bdc4,88,1623730,DK,2024-08-10
7878d9d7-e411-45ff-a281-9229e9e92629,89,1326470,DK,2024-08-10
9bbbb0ba-a5a4-4f5f-a203-267f91ad33c0,90,26188,DK,2024-08-10
f6f2eac6-f377-43be-ba3c-2abb6cf1e406,91,960090,DK,2024-08-10
ffcc47c3-4163-4cb1-9e50-4e36edf83b38,92,2670630,DK,2024-08-10
35e6f8db-6eb3-433f-9606-b5882088e944,93,2362300,DK,2024-08-10
8de7e830-d2f6-44ff-9b91-43be777f9942,94,1934680,DK,2024-08-10
6257b58f-cb7a-448e-bcc7-2ef2c1a04703,95,2142790,DK,2024-08-10
bbab2ff5-6af0-4fdc-b16b-96b7104b9de1,96,8133,DK,2024-08-10
37c0955b-aaf5-4e94-a5c1-3ebf1bc19455,97,648800,DK,2024-08-10
e7b2de56-d6fb-4992-937f-11ccc5808acf,98,1629520,DK,2024-08-10
adcffa16-a332-402d-9552-113aa7dcfc08,99,9211,DK,2024-08-10
d3bbdc4c-2734-4245-95e3-d1fdd9705b1f,100,1717250,DK,2024-08-10
fe751e91-97a1-42ee-9366-e79a262a2cf1,1,1675200,CA,2024-08-10
58d65588-08a9-43d9-bbec-b42e03f413fb,2,730,CA,2024-08-10
937549ec-36f3-4d88-8fbd-b1b6433b91a4,3,2183900,CA,2024-08-10
fe794c2d-8768-44ea-b9f7-38485e3cc5f3,4,553850,CA,2024-08-10
a2d76f3f-0ce3-4e3e-9825-9b76d6fbf0d6,5,1245620,CA,2024-08-10
5584e9e3-76b6-491f-9aee-fc75617dd676,6,33369,CA,2024-08-10
22a1e1d4-533b-4423-ace4-f0c1e357e04d,7,2933620,CA,2024-08-10
02ddc771-dced-42eb-992a-706927fc1342,8,1593500,CA,2024-08-10
fe6b54be-d429-4f66-a7d4-12f0bdfeb11c,9,397540,CA,2024-08-10
5aadabb0-feaa-4232-b778-71e4f447a100,10,2074920,CA,2024-08-10
ba184ac0-da43-4f15-80e6-1a1e6721405e,11,2358720,CA,2024-08-10
70da917e-5cfe-41ce-8fea-5fa28223bd2b,12,306130,CA,2024-08-10
f5a48498-b9e2-4035-a5f3-0de6aa217afd,13,1086940,CA,2024-08-10
3c3375cb-b2ff-4c6a-9408-46314c382602,14,2142790,CA,2024-08-10
addf9de0-ee40-4131-8b3f-31800c58e9f3,15,1222670,CA,2024-08-10
8a7a16ed-370b-42f3-8379-71f8e87916bc,16,230410,CA,2024-08-10
4dc8801d-1817-4b35-a381-d950ace9a0ba,17,311210,CA,2024-08-10
502ee980-5ccd-4e15-ae75-1d528df83ff0,18,236390,CA,2024-08-10
8eab4eb6-5e47-46c4-980c-715ad6d039c2,19,238960,CA,2024-08-10
9e4ea01a-7e28-4f8d-84b0-4c797be38b70,20,489830,CA,2024-08-10
07844acf-68fd-4dff-a3b9-1c1a548cc11f,21,1085660,CA,2024-08-10
ab0e3ed9-b9d9-4645-adae-5d05f9cd27c5,22,2638370,CA,2024-08-10
9eaff757-41fd-4f3e-a651-b90c99c28adc,23,2778580,CA,2024-08-10
a8c83a14-125c-4892-8988-291d2dc4c3f7,24,782330,CA,2024-08-10
07de9145-8c49-4a95-acbe-603f3c560b5a,25,377160,CA,2024-08-10
dc0b9d1d-5135-41f8-a692-2d4bb0aab42a,26,1151340,CA,2024-08-10
a30654e6-1f04-4f4d-9c13-8682ca5d9823,27,2400510,CA,2024-08-10
5603f893-aadf-4429-9d60-0a6843a30a52,28,216150,CA,2024-08-10
9fb8d443-174a-4590-b845-04a87368507e,29,2139460,CA,2024-08-10
fb811063-0c80-41b3-bf08-f6e73c92284e,30,381210,CA,2024-08-10
518aa2b9-0d99-4771-985e-b378994de79a,31,570,CA,2024-08-10
766f5633-619e-4331-af2f-0a0f77c92a59,32,578080,CA,2024-08-10
526a54a0-e6ee-43fe-b9be-d768475951a2,33,1172470,CA,2024-08-10
8de4ee03-adef-44dd-831a-b4ab94bdda77,34,39210,CA,2024-08-10
1d614619-9ac8-46e3-9293-327454ed3293,35,1449850,CA,2024-08-10
06c8754c-0c4c-40b5-9e85-5291580dfdfb,36,49520,CA,2024-08-10
c2092212-b409-488a-a7a3-775420c35598,37,2567870,CA,2024-08-10
5288bf2b-9ae4-4119-898c-265a1393feb9,38,271590,CA,2024-08-10
05ea1638-fc4b-4ba7-8054-746a8e81854a,39,1237970,CA,2024-08-10
bab6e0e1-a147-4593-8645-3ae3ea91cd16,40,15435,CA,2024-08-10
f7a0e8b6-82e3-4710-97bd-66152dbcd9b0,41,1599340,CA,2024-08-10
4c91a08c-f4c8-4c25-a1e5-70333c9e7992,42,359550,CA,2024-08-10
46a173b1-d39c-4895-82fe-88ac3e49c806,43,199943,CA,2024-08-10
bd6a4621-a9bd-48be-89a6-d810ad859550,44,427410,CA,2024-08-10
53b37d1e-5bfb-4157-8117-56ee6c1bab00,45,5700,CA,2024-08-10
b2d09b15-8dc3-4999-999e-a88a4d850b90,46,202970,CA,2024-08-10
3e4bafa5-0436-42dd-b560-87e562c5f189,47,252490,CA,2024-08-10
85efb86c-b9ba-47c3-8a66-f1c5dcfbb53a,48,413150,CA,2024-08-10
7133a34c-5d7c-4e06-8f57-e75bc324ca5c,49,2344520,CA,2024-08-10
3f5b7a58-e4f7-4b01-8fbf-acfd39027c52,50,440,CA,2024-08-10
247f0922-e889-41a9-b3d3-099c12c51a46,51,38150,CA,2024-08-10
1d0e08aa-e928-48de-841c-9ccd60c2a74d,52,1716740,CA,2024-08-10
9a6e12d4-0cc8-4e8f-87d8-7e1f6849c561,53,1286680,CA,2024-08-10
5646c4a7-26f3-4dbd-9510-17e3d25d04d6,54,2751000,CA,2024-08-10
abbcc07e-e536-4a01-9441-fe0cd66d9480,55,2141910,CA,2024-08-10
e98209bb-9665-47b7-aea2-4877baf5a54a,56,30424,CA,2024-08-10
2487f98e-96fd-4700-8eac-5ebacd1b8a72,57,1144200,CA,2024-08-10
27dc16da-b4d1-43e2-ae74-a8f0fc5745cb,58,1203220,CA,2024-08-10
c292eaf2-2f4f-4b52-94a0-0ac5042139e8,59,739630,CA,2024-08-10
3ee7a85b-26d8-4465-964e-7943cab2a8ca,60,15366,CA,2024-08-10
3c2539ed-b9bc-44e1-957f-e7bbcadfdc7c,61,2396240,CA,2024-08-10
577b073f-094b-42b7-8201-dda682382e82,62,1172620,CA,2024-08-10
9da929f3-463d-4628-80c2-24643e1cf2ed,63,2215430,CA,2024-08-10
ba8079e1-1436-413e-8629-1cc58e860d9a,64,1091500,CA,2024-08-10
f287ee40-d4a3-4332-9a44-cee1e04d07dc,65,1938090,CA,2024-08-10
3cfb91c1-b71b-4d66-9ff7-11e42e3ce1fe,66,1562430,CA,2024-08-10
a5912243-741d-4439-9434-812c3abdc48a,67,3782,CA,2024-08-10
7645a0c3-5a6c-4251-be85-2b0e5db98d60,68,2280,CA,2024-08-10
3cf0313c-07bf-4754-afa3-a4c32c8bafde,69,261640,CA,2024-08-10
25c21403-13b9-46a4-838b-005216c5655a,70,1629520,CA,2024-08-10
ef11006e-6a09-4929-9e43-f1b293b0ec92,71,2379780,CA,2024-08-10
4ac04713-abf7-4d68-8626-f136d1a05bbd,72,2338770,CA,2024-08-10
f07b77bc-1050-441a-8fe9-b37da59ac663,73,1962663,CA,2024-08-10
11904a84-9606-4ef2-9c93-842c6d62df6b,74,548430,CA,2024-08-10
64c6e7cb-4cfb-4b15-a6b9-382fc98b7b7b,75,251570,CA,2024-08-10
d8e6731c-d5c9-4bd7-8fcb-888338cfa051,76,1282100,CA,2024-08-10
f7e8b285-c90c-4eb9-b438-99fc6d9a5678,77,1149460,CA,2024-08-10
a0580e6f-ef93-4fd3-816e-4b71af0ea0f9,78,2336880,CA,2024-08-10
408e4746-4f99-4bec-80bb-78562d228fd2,79,22380,CA,2024-08-10
896ff8c5-b5b3-4b8e-b7d3-400f59d8af19,80,2519060,CA,2024-08-10
22039df8-2824-44be-8f65-866229fc1733,81,2526380,CA,2024-08-10
c25c0c4f-41d9-4684-8058-d820d1869f7a,82,1966720,CA,2024-08-10
e2ef10bb-7c60-4c5c-b36d-76b75bd738c5,83,1985810,CA,2024-08-10
9ab584ac-806d-4e0d-bbaa-9966afe3349b,84,546560,CA,2024-08-10
3a92afdc-6a60-44d0-be8e-e226b7083a47,85,2195250,CA,2024-08-10
4778ff1f-508a-4e41-af09-8fe24a2a8f2d,86,108600,CA,2024-08-10
330f00f2-3523-401d-80d7-d54f2f91dfad,87,1517290,CA,2024-08-10
3f61c1e9-c3c7-46b7-b6b9-9b9f5c0399ad,88,294100,CA,2024-08-10
1d630738-5319-458a-bb4b-515ee821f2d6,89,8133,CA,2024-08-10
7c0826cd-f5ae-41ad-b4dd-0d67bd7c96b9,90,582660,CA,2024-08-10
5491e84b-abf8-4b72-bc9a-6d09476855c8,91,2396980,CA,2024-08-10
72c26941-c637-40fa-ae88-8ff93de219e9,92,33608,CA,2024-08-10
a77492a4-3a42-4760-9023-55c40669d1b2,93,2881650,CA,2024-08-10
37bc9a42-26f9-4553-aee9-ae4cf5b72980,94,612880,CA,2024-08-10
d2bdc401-2aad-4baf-b6ec-5008235b154a,95,42700,CA,2024-08-10
509063b7-fcaa-4fd5-8efb-c4e70af81c29,96,2305840,CA,2024-08-10
d5f53547-51bb-4522-91ea-2c4cdd35fc54,97,1177980,CA,2024-08-10
674b3ed6-c03a-4878-ab45-0b29e09e2313,98,2016590,CA,2024-08-10
3b673c48-8f78-4646-8ae3-71b9578a0893,99,270880,CA,2024-08-10
84513686-2ce7-4f0c-8985-0a76a84d34c9,100,1250410,CA,2024-08-10
6c207103-d96f-498c-a257-64257f7e002b,1,730,US,2024-08-10
b91b1829-6032-4b5c-bc44-6a3650ae048c,2,1675200,US,2024-08-10
879b448a-4021-43af-8575-365ee2fa0316,3,2933620,US,2024-08-10
4fd881a1-b6ee-45fe-a950-c9cf7d8cbae0,4,2074920,US,2024-08-10
0132b8a0-0c12-43a7-b9da-b326aa357287,5,553850,US,2024-08-10
bbe2e993-526e-47f7-b421-eb053d33d3dc,6,2183900,US,2024-08-10
d4bfe5f8-c86f-408c-aaa8-f327d9e6c7f2,7,33369,US,2024-08-10
f3dee5e6-9690-46f7-9ff8-af994cf8ab5e,8,1245620,US,2024-08-10
8bd4e34c-a7ba-4760-9b91-813d92b49d9f,9,397540,US,2024-08-10
ae6a0b30-ffd8-49f1-b3c2-5bab26390dc9,10,306130,US,2024-08-10
0460b7bc-e60b-460c-9025-495f88f1fb69,11,1593500,US,2024-08-10
b93e42f7-07b3-427d-a7a6-1f7227d75b34,12,2638370,US,2024-08-10
dca69511-989c-4456-bc78-01e32751c63d,13,236390,US,2024-08-10
8289824d-df7f-42a1-bf09-e0e037716f47,14,1086940,US,2024-08-10
04e20596-c3bc-4b12-9ada-80a6e9b0d81f,15,230410,US,2024-08-10
b3985960-73f8-4c44-aba5-9ae688f7b25d,16,1085660,US,2024-08-10
3c97b1e5-c460-4342-9035-4689fc85fb97,17,311210,US,2024-08-10
526debb0-463f-431f-9f09-f97f7062ddc2,18,2139460,US,2024-08-10
2e062ce3-38c2-4cfd-bd74-74a4cf59c25c,19,2142790,US,2024-08-10
1a5d0274-535f-4b42-a6d8-db2839ea0517,20,381210,US,2024-08-10
3b11d1e1-e485-477b-bcda-5c323a2a9316,21,1222670,US,2024-08-10
f4f97f45-100c-4e20-bab2-825dc1838e19,22,2358720,US,2024-08-10
449f6b71-f483-4835-8fcd-3fb4532a6a64,23,1151340,US,2024-08-10
1fb9e519-f25f-4480-8130-804c76ada76c,24,1172470,US,2024-08-10
66a1cf49-b57f-482a-b818-dc7b3d4a1172,25,238960,US,2024-08-10
274d1116-d4b1-4ac4-a8c3-064c4b5aaded,26,49520,US,2024-08-10
657e439a-53ce-490e-b79b-58e5b1e411d3,27,2400510,US,2024-08-10
38bd98a1-3e0f-4b17-ae47-2674142ac2ee,28,377160,US,2024-08-10
36dba13d-6869-4fbf-9eff-f298f7dc8014,29,489830,US,2024-08-10
fdb3da98-8836-4861-8f68-35348099614a,30,271590,US,2024-08-10
11909df2-4fe7-4a40-b927-51c6005c3969,31,782330,US,2024-08-10
4732456f-71dd-4953-b1b7-2595681fa694,32,2778580,US,2024-08-10
3ff05d86-19d5-4010-ae84-a5de9f41799a,33,38150,US,2024-08-10
c11fecc5-0340-4c03-adb9-f113db4a25a9,34,252490,US,2024-08-10
222d412a-4132-4887-8e08-16c8b8432bc4,35,359550,US,2024-08-10
1878ee5f-b1aa-41db-97fa-885fab8178b9,36,578080,US,2024-08-10
c30cf805-6ad1-48fc-9b09-3b3e9d8175eb,37,39210,US,2024-08-10
8ac6b44e-3096-48d2-ad2f-f0b1bba80349,38,1449850,US,2024-08-10
cdeae3c0-efe8-4dc7-bcad-ff48247c5623,39,440,US,2024-08-10
bec90b58-92ac-49d4-8656-e0e24bae86b3,40,1237970,US,2024-08-10
284c79dc-77e1-486b-8771-ca92374d0cbd,41,1962663,US,2024-08-10
4a9848d8-c681-44fa-954e-ed0db707a2cb,42,5700,US,2024-08-10
2827e5d1-8d7b-4ddb-bea5-2dced134b8d3,43,1286680,US,2024-08-10
94a88884-7b23-4305-b704-7dc04d95f1b0,44,427410,US,2024-08-10
6642e98a-71b9-4c73-81da-c6b266e3a999,45,2567870,US,2024-08-10
4d6ade47-0aa0-40c4-a74c-0183ee603d89,46,199943,US,2024-08-10
2c094cdf-4b84-4938-b530-11497e0512b8,47,2344520,US,2024-08-10
c8253a0c-ed3e-4353-98e7-7591fdb17430,48,15435,US,2024-08-10
35868a4a-c0ce-4b78-bbd2-7940937dc400,49,202970,US,2024-08-10
acf1ec66-87fd-460c-8e16-882de0019f3f,50,1599340,US,2024-08-10
c2d02e31-05ed-463a-afd7-51a417b9f4b7,51,30424,US,2024-08-10
9fc1aa57-9b93-4074-a8c0-12dcb1ccefad,52,1716740,US,2024-08-10
ea36ee4b-3817-4911-8378-2b74f6eac01a,53,1144200,US,2024-08-10
5128d0b8-aa2b-47ee-aace-f3e2ca1cd8fc,54,413150,US,2024-08-10
310bc1fd-8626-4d80-b874-1f23007e8568,55,216150,US,2024-08-10
ecd25571-c848-4102-8d77-a54923692608,56,739630,US,2024-08-10
41ca1b72-18cb-4bc3-baf3-edabe02ffcaa,57,251570,US,2024-08-10
521e792a-d1d6-4926-b695-5b72b6b0c407,58,15366,US,2024-08-10
6565f4cc-31d6-4db7-af4e-f53cbf4c89c8,59,261640,US,2024-08-10
56696003-8cac-4ab0-abbb-3552df8da5d8,60,2141910,US,2024-08-10
9505f981-bd37-4a13-a087-2b61b838befd,61,570,US,2024-08-10
773db441-9c55-43b1-853f-5e466a9fbcd7,62,2751000,US,2024-08-10
777688f3-84e4-4936-9d97-64c7af15e067,63,1938090,US,2024-08-10
da9807be-5c7b-4237-ab80-fcd31b4e67e8,64,3782,US,2024-08-10
afed6c2e-3311-43fd-836d-9a9ca4c9eabc,65,2215430,US,2024-08-10
c1914313-7dec-4a04-b5a1-716f558eadd6,66,1091500,US,2024-08-10
79ff3ac2-9b34-4802-b6de-a411c509a787,67,2396240,US,2024-08-10
01dc46b6-ad01-429d-b866-242c171345b5,68,2519060,US,2024-08-10
a0d74a01-fbe2-48ee-be50-7c725bb21ec1,69,1172620,US,2024-08-10
0aa4d849-90ff-45c8-886b-1961b9a80024,70,270880,US,2024-08-10
dd57abc9-5ac9-44c7-8b63-85cc1d76cf8e,71,2280,US,2024-08-10
2b3ab56c-4199-4f9a-a92e-8ae688d7491c,72,2396980,US,2024-08-10
c5e6e06c-016d-48d3-a9fd-3e9134595526,73,1059530,US,2024-08-10
de5bd283-ee34-4a08-9c38-4ff9c5da6853,74,2016590,US,2024-08-10
14f843f3-973d-4144-ba96-00bdf647da45,75,2366980,US,2024-08-10
a79365a8-b4e8-459f-8b80-5356401f4ec0,76,22380,US,2024-08-10
ba95f447-f28e-49fc-85ed-583084bf38d1,77,2336880,US,2024-08-10
701851c7-b035-4550-90f2-7d7cf7277ec4,78,548430,US,2024-08-10
7a89df8f-9ddd-403b-8370-3a1c5fbbd47f,79,2670630,US,2024-08-10
c6ad0c64-e9d3-43e7-951e-dc69cf2271bf,80,37745,US,2024-08-10
d7fc7d1b-99a4-4d92-97fb-f91cbff06b19,81,1149460,US,2024-08-10
408aa470-6f7f-493e-bf1d-2647e70a527d,82,1966720,US,2024-08-10
4c966aa6-ab7e-4aee-9324-fca55af7e188,83,1985810,US,2024-08-10
2f02a01c-3f05-4d04-9bf4-298e101d2ce6,84,1282100,US,2024-08-10
a34c466e-cfc9-4f93-b107-a966a1196b23,85,582660,US,2024-08-10
e4cbcedd-7f97-4705-804f-9bfebfb04dfe,86,1517290,US,2024-08-10
abfc8c42-d0cb-4ee2-9054-642ec062cc9f,87,2379780,US,2024-08-10
3f23a771-f54c-4bbe-acd1-697f395a516e,88,2406770,US,2024-08-10
9c8093b3-1d9a-4a9f-ad4c-505a37cd28c1,89,2073850,US,2024-08-10
98d6b6af-6adc-4531-9c20-ac179a51155c,90,8133,US,2024-08-10
c7e3305f-ebea-4c6d-9dfd-3a5ebc5ad375,91,552990,US,2024-08-10
7976c05d-35c7-4756-85c5-0e03abaf14df,92,2357570,US,2024-08-10
35c9cc14-5df7-48dc-ad8a-1fb481896a57,93,1174180,US,2024-08-10
7df3cc85-d6cf-4839-9af9-2fe36c4e7c91,94,2526380,US,2024-08-10
7f855840-829e-4f6f-8826-95def54877ce,95,2961880,US,2024-08-10
5b0a613d-64e4-49ed-a151-49111223cc8f,96,2790720,US,2024-08-10
11d67123-7eb7-4b4a-af2e-51a9aeb99706,97,1562430,US,2024-08-10
1b1e377b-fd39-4f2c-8ef6-957d8f63c5af,98,1326470,US,2024-08-10
c4909ce6-65b0-419c-8457-6f54faf155fa,99,284160,US,2024-08-10
2e3a4e40-35eb-4021-a89e-67bb68b34c0e,100,294100,US,2024-08-10
09a99cee-2229-4f9e-95db-1ad727a9a402,1,578080,TH,2024-08-10
2a24db2c-7cc5-4bdb-8deb-ffa73bfe231d,2,570,TH,2024-08-10
009bcaea-3cb2-4511-aa96-57094a1cff7f,3,1203220,TH,2024-08-10
a5a6be61-979f-499b-99c3-eaf91f9f8054,4,1593500,TH,2024-08-10
30b31e4c-135f-43c0-b12b-bb037a15f241,5,2139460,TH,2024-08-10
45a965e7-78e0-4919-817d-4d38945af639,6,1245620,TH,2024-08-10
ae159225-0719-4465-b043-c8bd6d273cc0,7,2074920,TH,2024-08-10
671e40f6-363c-4878-adf4-5a9377953ceb,8,1222670,TH,2024-08-10
23222d2d-486e-4e9e-88b0-245337c959fe,9,5700,TH,2024-08-10
33710f9b-4b47-45c5-adcf-bcaadf50dabb,10,730,TH,2024-08-10
e74b759d-eb47-4b26-a993-5919f7dd7e0d,11,2778580,TH,2024-08-10
de715579-b522-4da2-9a93-6c9ce85c8050,12,271590,TH,2024-08-10
fc6b63ce-9428-4e9e-9025-703be7eb409f,13,2526380,TH,2024-08-10
1195829b-7703-4b39-ae9e-e218ac5464cd,14,413150,TH,2024-08-10
152144f5-8ff8-4596-b872-8bbdb51b2c15,15,2358720,TH,2024-08-10
16bbb8bc-79f8-4619-b9ed-bbd53d3c0955,16,39394,TH,2024-08-10
8741e327-340d-4b16-a827-686787548506,17,2183900,TH,2024-08-10
5b30a8a7-2ca0-4741-85f8-5b034b94ca43,18,1237970,TH,2024-08-10
c8f131d9-b66e-4025-b21e-9660c60e1aee,19,553850,TH,2024-08-10
c99a1b93-2df7-4d02-9cc1-c0e07aff1063,20,199943,TH,2024-08-10
9d58b674-46b0-4161-b7f9-42194ddca32f,21,381210,TH,2024-08-10
7ba3884b-5674-42a0-8649-7c939a162749,22,1172470,TH,2024-08-10
62758976-5d96-4ac2-92f7-c99310dce6f4,23,33369,TH,2024-08-10
c4da0183-06e0-4a73-9504-6c5045b88384,24,238960,TH,2024-08-10
dded2567-6bd8-40c9-baec-47ad4ee01844,25,30503,TH,2024-08-10
ee455085-2d07-4e3f-af69-9234cc7776f3,26,397540,TH,2024-08-10
3b025965-9981-4b09-a2e8-9fdf94377239,27,782330,TH,2024-08-10
17a14fd8-db50-4778-bbc4-e779bf4e8b9e,28,26189,TH,2024-08-10
29e64caa-4f1f-4a6a-b2b0-edb8515abd19,29,1222680,TH,2024-08-10
c904e954-e5b7-4a81-972c-b6d82b24d5a9,30,1158160,TH,2024-08-10
2724339d-b5f4-4552-bbad-e76da8f5e4e8,31,2215430,TH,2024-08-10
ffe1c453-2916-49bd-920e-3e94f0648481,32,814380,TH,2024-08-10
e90cb17e-4dd3-4e1d-a0e1-f73c716eaad0,33,1672500,TH,2024-08-10
03c414a8-bd4c-4f53-ab4c-6e1408aa5346,34,377160,TH,2024-08-10
ac238261-be55-4a21-81b1-2b2dd3b4065d,35,1665460,TH,2024-08-10
b446fb82-e345-4e52-a334-f068cd02e58e,36,2669320,TH,2024-08-10
6d67c1c4-dfd4-45a7-b647-0df88187f480,37,1086940,TH,2024-08-10
3d1dfb5c-46c0-4c19-a6a9-e26829006918,38,489830,TH,2024-08-10
8e2b2a66-23f7-4a39-a384-5139c23d42f3,39,2195250,TH,2024-08-10
2cfbbeb7-4b5d-4268-9585-2c33cff9c6cb,40,230410,TH,2024-08-10
4d187250-e14f-41dc-8c6a-06c2fe389e07,41,1846380,TH,2024-08-10
fe581183-43b5-42da-accc-a31193a3d3ce,42,2567870,TH,2024-08-10
b9f9fde6-f068-4fb1-af5c-02654156841f,43,10866,TH,2024-08-10
0563edca-df5e-4487-9f13-4ca7d3b1caa4,44,1089090,TH,2024-08-10
58d91204-6eda-44a5-bb7e-e31075aa9859,45,2305840,TH,2024-08-10
a6978c90-a33a-4122-8934-59e85a1880a0,46,552990,TH,2024-08-10
1f18aeef-480b-44a1-9f61-5bf23a5dc9a7,47,2751000,TH,2024-08-10
7449d717-85c9-414e-80aa-3852f556c601,48,1985810,TH,2024-08-10
50b044db-9837-4e07-b49d-ac97141e9ae0,49,236390,TH,2024-08-10
c1113fa2-9249-4614-9c8f-81baadd50fd2,50,42660,TH,2024-08-10
b5fa3717-f442-4a5b-a3ad-c899262cd102,51,1151340,TH,2024-08-10
7155881a-7f24-4b82-84fe-30fd6eb965ec,52,5699,TH,2024-08-10
6cf41e9e-cdff-4b44-b0ae-49c4044c31d7,53,1973710,TH,2024-08-10
1d56c902-dfdc-4b49-ab26-6f9a7a4eb245,54,218230,TH,2024-08-10
9304af2e-cf89-444e-a1d0-cee0be2a7eb6,55,2000950,TH,2024-08-10
d779eb2d-7f58-480c-8188-a028b7b1dafd,56,431960,TH,2024-08-10
6c9a1153-d20f-4197-80e1-3ab2ed842631,57,30424,TH,2024-08-10
87b17032-5861-42a0-84bb-413a2f27aa0d,58,2073850,TH,2024-08-10
57395d65-5d87-4653-9831-dfca993a4179,59,958260,TH,2024-08-10
0f2d848c-9e4c-45fb-9f12-eca076327fa5,60,582660,TH,2024-08-10
9beaecfb-ff06-4540-9271-b10c165f1071,61,24386,TH,2024-08-10
bfbad710-223c-44e6-a6f3-7853cb6ccddd,62,1985820,TH,2024-08-10
502a0bb7-2d44-4bcc-a496-d771d7f93312,63,2638370,TH,2024-08-10
c8ec1e7c-a615-4ba4-86fc-361c520a257f,64,1238810,TH,2024-08-10
bc92372e-911a-434d-a263-b0137cd348c8,65,2426960,TH,2024-08-10
e64a7c08-eff1-41c6-b18d-141b5322174a,66,359550,TH,2024-08-10
427fedab-41cd-46aa-8b68-934348d654bb,67,41962,TH,2024-08-10
5ab831e9-024d-45b5-abe1-136ece5c2497,68,1250410,TH,2024-08-10
d08632da-1e5d-478c-b62a-34fb2d8b6f25,69,1938090,TH,2024-08-10
d7b6cb2b-3db9-467a-9541-38a75ac21513,70,3782,TH,2024-08-10
e9c411b1-7518-4722-a86d-6904764c64e1,71,2346550,TH,2024-08-10
5a3e14ed-2450-4816-a416-80a346a5eab9,72,2857890,TH,2024-08-10
7c6fed7f-677b-45fa-81ff-c47f2c26b0e6,73,2338770,TH,2024-08-10
a1a492b6-c3e0-489f-8ef1-e659fd086fdb,74,1335830,TH,2024-08-10
6d88814d-f3ac-43a0-9401-3962af396c9e,75,1517290,TH,2024-08-10
82c0b368-6d45-4ae9-a925-01d919744497,76,1962663,TH,2024-08-10
82998c2e-192b-4263-9189-26bceb100d22,77,379720,TH,2024-08-10
1eef129f-ebfd-4734-857b-1ebd6f03ca72,78,221100,TH,2024-08-10
f0d8e244-8236-4a3d-8332-9c7d4ddfec11,79,40111,TH,2024-08-10
7a2d4ef4-fe8b-4e67-b84e-e956a1c594ef,80,2142790,TH,2024-08-10
5a7bc2e6-a87c-440b-8011-db292a3beed2,81,3736,TH,2024-08-10
09321896-ffbe-46ad-98d1-d7f70d8322ad,82,2315690,TH,2024-08-10
f1310a3f-4462-4509-ba46-b01ef52b41d1,83,739630,TH,2024-08-10
c7e023b2-287b-4a92-a4bd-7a60fed07378,84,124923,TH,2024-08-10
7a76ef18-ac92-46b4-a03b-c7e9bb46ac83,85,898750,TH,2024-08-10
d333ec1e-74fd-4e59-ae56-4e170b224b39,86,1475810,TH,2024-08-10
67a7a525-bfcc-4411-98f5-128705f08897,87,1174180,TH,2024-08-10
b8f00edf-3d38-44be-b2c1-efa764ab20b2,88,1623730,TH,2024-08-10
10dcb96b-110d-4a8b-ada1-b58bafd05caa,89,805550,TH,2024-08-10
963e6555-80b0-4763-8ec7-58a1ef0f024c,90,346110,TH,2024-08-10
e2d5314a-087d-450e-bd23-3e16dd106461,91,2484110,TH,2024-08-10
fea43798-12a0-4094-8e33-f7f8a844d492,92,1562430,TH,2024-08-10
3a610481-284e-4e37-9c71-a1477e2d4987,93,648800,TH,2024-08-10
a847831b-629d-41d7-bf68-9b4ce5473577,94,1973530,TH,2024-08-10
703b8e89-c99e-4aca-8111-9bace47a117f,95,23266,TH,2024-08-10
9e3eca41-0285-4515-a0c6-e78181150da2,96,992300,TH,2024-08-10
3db4bd8a-b9a6-4010-8fdb-d7d64e1ffa1c,97,1260320,TH,2024-08-10
a050d8e8-0e9f-4132-b3d2-d03c84d85aa8,98,444200,TH,2024-08-10
6a18936c-efad-4b29-950d-65deec03a538,99,2479810,TH,2024-08-10
cc9b1e05-745f-4822-a09a-050e1c3dc1d6,100,33038,TH,2024-08-10
a1a328d7-fe59-4941-b05b-7cfcf0145fdb,1,730,CH,2024-08-10
4b57f069-f658-4aaf-9e0d-f940c8f4fe76,2,578080,CH,2024-08-10
6aae0690-37f9-42d8-88b4-aa454fd33bd4,3,236390,CH,2024-08-10
18e6ad7c-040c-4d21-9f0d-679292e172f6,4,33369,CH,2024-08-10
f025f119-eff2-4de0-921e-b4f8bc98b3b6,5,2074920,CH,2024-08-10
1c641260-0baa-4dc8-94c7-fcc698b4bd92,6,1593500,CH,2024-08-10
f43ccb8b-551b-4283-9718-0d9128e0094f,7,1245620,CH,2024-08-10
faf24c6b-0ea7-4b42-8932-ec0df18b7992,8,553850,CH,2024-08-10
04c8566f-b166-4d2f-a8a1-6e7f87c8d756,9,306130,CH,2024-08-10
a01f905d-ce4f-41bd-98d8-7c022fd24f7b,10,238960,CH,2024-08-10
566e1aab-0e6a-4cd8-9078-65f808fda61c,11,230410,CH,2024-08-10
5b41a310-84b8-4ddd-97b0-84004be33452,12,2933620,CH,2024-08-10
91e8495b-4c75-492f-a672-bf1be7f42bae,13,1599340,CH,2024-08-10
aab94d1f-5680-429a-a326-47d7d55c355c,14,2362300,CH,2024-08-10
193830c3-81a0-454c-a576-bb554709efee,15,2139460,CH,2024-08-10
bbea73b2-c86e-4e56-b9ae-8371733ce1f1,16,2358720,CH,2024-08-10
6f01d859-e36c-44e1-9345-4f69cea129c7,17,124923,CH,2024-08-10
c9df8ec5-7219-4b85-a6d0-9033a6dcf90d,18,397540,CH,2024-08-10
c3bff358-afbf-4d36-9e7f-498cba4ca677,19,1086940,CH,2024-08-10
398d738d-091e-4f09-9c01-426ebce4d625,20,1222670,CH,2024-08-10
012b469a-5bdd-4aae-b3bd-51d00e629ceb,21,2662170,CH,2024-08-10
08fd5c2e-adcc-491a-bda9-b4d09b96a7f3,22,2567870,CH,2024-08-10
017e036e-c121-4ac3-bad6-837245572a13,23,6998,CH,2024-08-10
3a011042-2cb6-4c81-9de6-ef227e960746,24,2183900,CH,2024-08-10
160e1579-a8ce-484e-85e2-eec77d56005e,25,1250410,CH,2024-08-10
7c873a8f-5111-451d-8d7b-bc7734f39e0c,26,15435,CH,2024-08-10
352c5e19-70c5-4363-b611-afe7a77372a0,27,2638370,CH,2024-08-10
f19eb534-17f0-4933-bb7d-8e30810341eb,28,2300320,CH,2024-08-10
1290ce94-ff0f-4826-915e-3e42aef3805d,29,5700,CH,2024-08-10
2e18dd93-c59f-4e6d-95da-2ac441e89a2e,30,1172470,CH,2024-08-10
c9bd910d-3bbe-4f46-ac57-bce08542cc05,31,9549,CH,2024-08-10
b0cf8b69-ac3d-443b-b7bc-a811060fc046,32,1857090,CH,2024-08-10
d492163f-1446-42fa-87ab-74c0612139df,33,271590,CH,2024-08-10
e168bc45-be96-491c-b385-cb9e8401d443,34,377160,CH,2024-08-10
92b387a1-ed6a-4d34-84f9-2383bd9a3bf8,35,2751000,CH,2024-08-10
69127e8e-5873-4df7-b8dc-b3e705095bfe,36,2195250,CH,2024-08-10
6de481b8-038c-401e-abbd-2eaa555a39ee,37,1449850,CH,2024-08-10
14e1231f-42cf-4292-a13c-5b8043af16ae,38,2669320,CH,2024-08-10
182730bb-6892-4a1a-bb5f-c3f85faabc2c,39,1172620,CH,2024-08-10
c70d4659-ab30-4de5-84c7-92188435f2e7,40,199943,CH,2024-08-10
210b1ca4-f363-431f-b996-a372c72ff272,41,2396240,CH,2024-08-10
06c19fe7-5f3c-4ea4-88f4-e2d25d13be1a,42,252490,CH,2024-08-10
d84100da-649f-464e-af76-6911912b3344,43,1151340,CH,2024-08-10
db57e16f-7928-4eaa-a8e9-9670c00265b8,44,33608,CH,2024-08-10
93ec5fe9-1435-4d81-a6ba-59e151bc6f36,45,381210,CH,2024-08-10
154eaa76-1d77-41f8-923d-419cc9db14f9,46,38150,CH,2024-08-10
1deb086d-3f64-4852-9d27-3f0e1ebd7c4e,47,1717250,CH,2024-08-10
62856c62-b67c-4219-88a4-9c5bd6289126,48,1237970,CH,2024-08-10
140292a1-749b-4f0a-91a9-392158626e73,49,489830,CH,2024-08-10
7e76618e-2520-4fae-82ad-3020c70dc42a,50,2778580,CH,2024-08-10
32b8bab7-6e61-4313-afc9-3c55bc217658,51,1144200,CH,2024-08-10
656529d1-2129-4f2b-b2c1-09ca3c9e31e0,52,8177,CH,2024-08-10
c6623019-a15d-4045-8122-0ecb5a7712ad,53,2400510,CH,2024-08-10
2a6657ae-04b1-45f2-b3bb-3409280aec5f,54,1286680,CH,2024-08-10
6407eb4c-68d2-4c90-bfbd-5a393a606085,55,311210,CH,2024-08-10
daafd24d-1555-4390-ae5e-cb429d7a5fd2,56,37991,CH,2024-08-10
9a0c52e2-dd0d-4382-a2a5-3231c297f141,57,2426960,CH,2024-08-10
ae680869-4a3a-4bb0-93dc-9dd98854536d,58,782330,CH,2024-08-10
068e8888-1f0a-41b0-915d-dcb93990ed2e,59,236850,CH,2024-08-10
9690f975-d32e-4120-97f1-b765b5052e61,60,49520,CH,2024-08-10
0ced2c77-b8ea-42ff-9558-4308677e21b8,61,2344520,CH,2024-08-10
cbeb4a69-8a0c-4ea2-aa0b-8400ce3795c4,62,2399830,CH,2024-08-10
407b188b-f058-4a5f-99b9-5f0fe71c498f,63,1203620,CH,2024-08-10
974a1524-a5d4-40fe-b4e7-59e705d18c4d,64,223750,CH,2024-08-10
394bced0-bebb-48cf-bc2c-af73f2cc79c3,65,2488620,CH,2024-08-10
7b54a025-62a9-4fac-bd57-af257ae8fa1d,66,570,CH,2024-08-10
c5292034-b803-458d-b0d2-415fd5d92d30,67,2142790,CH,2024-08-10
8bb765e1-2211-4b61-9d7c-fdd9e450bb79,68,34391,CH,2024-08-10
b3b95935-77b2-4e05-a35f-71560bc8cd29,69,1326470,CH,2024-08-10
b9b95f58-60e6-4a96-9d6f-d6ac3faff3be,70,359550,CH,2024-08-10
937f8028-3c1e-4bff-b073-a896c1b138cb,71,2141910,CH,2024-08-10
6c831065-1be9-4625-93df-687bb1509ba4,72,546560,CH,2024-08-10
24c5bfa1-6a82-4bc0-98e4-bd8f20fe5ab4,73,39394,CH,2024-08-10
dc594529-6305-4036-b533-8db06eba6ad3,74,12841,CH,2024-08-10
0ada3763-5719-4909-9f1e-617507c9d160,75,31687,CH,2024-08-10
15ac7b66-74fd-43d9-a078-e481cc00c8bd,76,2406770,CH,2024-08-10
23e5b2e4-1df5-42df-80a1-9f33a488fc60,77,1643310,CH,2024-08-10
bf2424a5-63f0-47df-a52c-2b236bd6a4a3,78,2244470,CH,2024-08-10
fecbd09b-48ae-4a74-b8ff-c6e84332d81e,79,2519060,CH,2024-08-10
eb99960d-ccf9-44aa-8bec-9a8636ef9462,80,14882,CH,2024-08-10
2b64ac2c-77fe-4751-a3ef-f719bbd129cf,81,1085660,CH,2024-08-10
c007f448-7629-4f5a-8877-a239d8466413,82,949230,CH,2024-08-10
8641c3d7-a149-424c-986e-9161403915aa,83,1232580,CH,2024-08-10
29a8f959-d83e-4e9d-9eeb-19ab34f95706,84,2215430,CH,2024-08-10
113a5715-de02-4bdc-8185-fe8a77f10169,85,1091500,CH,2024-08-10
4946cae1-b8b3-4cf6-adff-d99992f3fcc1,86,15829,CH,2024-08-10
ac199f4a-8423-4afd-85cb-fb02911c5182,87,784950,CH,2024-08-10
45719f51-1a96-4e8d-965f-bd6a4a517f9a,88,1149460,CH,2024-08-10
1594bf50-cc75-4762-ba6b-07a0e29acb64,89,1716740,CH,2024-08-10
b29a5d50-47bb-459b-8c7a-dc9f5cc00f89,90,33640,CH,2024-08-10
bf9b62c0-b136-4343-9159-013e0633ce75,91,800221,CH,2024-08-10
482a425e-91c6-4b72-914e-e2cce9cd9ec2,92,1363080,CH,2024-08-10
2d441e2e-ffd6-4f8a-8bc3-4da9a6c8d0ee,93,1284210,CH,2024-08-10
85ee910a-adc4-4786-a58e-dcb58a7350fc,94,261550,CH,2024-08-10
f8089626-c261-458b-8179-a86e793a07f6,95,2305840,CH,2024-08-10
407dccf7-c68a-4aaf-82f2-cc13ec026057,96,739630,CH,2024-08-10
1dc0c283-c1ce-4958-9a03-400e200b2022,97,1142710,CH,2024-08-10
a58a4e62-5b73-43bf-b586-09b99f95ca9f,98,30757,CH,2024-08-10
9b66808d-825c-40b4-a929-b88ed71996eb,99,227300,CH,2024-08-10
2e19d6fa-8d4f-4e03-83f4-b0d044ed022d,100,2000110,CH,2024-08-10
ecf6fdeb-69e0-40c5-a104-39693960c299,1,570,RU,2024-08-10
172f5246-9ec0-4e73-a3d1-e33805e6194a,2,730,RU,2024-08-10
6cddb256-95d7-42b2-b529-aad0c917ff81,3,1316680,RU,2024-08-10
3f12ad9a-cc10-4285-b1ed-bc220b360999,4,578080,RU,2024-08-10
83cdfbed-cd3a-4fd5-82ac-1091009a0e00,5,326360,RU,2024-08-10
d3ade88f-2b6c-474a-a68a-dcdb027dc7e2,6,2183900,RU,2024-08-10
2dd08871-28e3-40cb-9153-7d528c84414c,7,252490,RU,2024-08-10
01c64bd6-8012-40e9-ba1e-c4e25eb8238e,8,2358720,RU,2024-08-10
a6e494c9-2453-4a97-a972-9c031460ebc7,9,739630,RU,2024-08-10
2e0c9e28-55f3-4b21-a282-649e8b4fe9ba,10,2074920,RU,2024-08-10
3e7fe473-fe3d-48ef-9e6d-190bd309d644,11,1245620,RU,2024-08-10
d35b13af-6574-4e1d-b0e1-f6645be5d88b,12,1086940,RU,2024-08-10
9e718647-0500-429a-a7e6-53e036f4f095,13,1818450,RU,2024-08-10
4a873752-f1e6-4c4c-98d0-2eb1eaf44096,14,2808930,RU,2024-08-10
04bd7a84-9865-4605-949a-7c7653113b60,15,1282100,RU,2024-08-10
31792141-8cd7-4a67-9988-96431f790fb2,16,2638370,RU,2024-08-10
c5831b02-42ad-49dc-ba6b-7d909754dcb1,17,238960,RU,2024-08-10
34a2ec84-31e6-45f6-af90-b992b1a15d4d,18,548430,RU,2024-08-10
47a42260-a643-4511-b730-3c485e6b8695,19,1232580,RU,2024-08-10
34129fc6-2c9c-4506-8c58-316fe045263f,20,2881650,RU,2024-08-10
868f9413-7347-4fe1-9091-af80f81adf9b,21,427410,RU,2024-08-10
466c5e46-b2e5-49e1-a083-55306c4ad5d5,22,440,RU,2024-08-10
e8280719-2574-4509-9cc9-5866e65e6ef9,23,413150,RU,2024-08-10
63c7b4c1-1f0c-4e6c-8119-bc6269f66231,24,227300,RU,2024-08-10
56a76501-4b2e-4d8a-a2d1-9f23e9110abf,25,2139460,RU,2024-08-10
f4d32def-2767-45fa-a1b7-15789b44af62,26,1449690,RU,2024-08-10
27a60c55-410e-4157-81fc-8df004437979,27,431960,RU,2024-08-10
b1ce000f-b679-43e5-ae72-b9c5c325060b,28,1717250,RU,2024-08-10
550e2e49-6233-434c-a6b6-972bd42a0494,29,594650,RU,2024-08-10
8eb0c987-d8f3-4505-8a67-b08ca2c16bc7,30,294100,RU,2024-08-10
51f90312-0b98-43ac-9944-48ca519e0440,31,1149460,RU,2024-08-10
a9fd3ac4-07ca-45f6-8432-1d6362dc9c1f,32,2778580,RU,2024-08-10
2fbf8d31-18ca-4cd8-90ef-0387ffc66bd5,33,41962,RU,2024-08-10
e739e3fd-938b-4ac8-b95b-2f2876ba06ff,34,766570,RU,2024-08-10
6be5a75e-f534-4151-aa5a-00f580d2b257,35,233860,RU,2024-08-10
8adaa8a9-bb25-4084-83f4-5f0eed35e67f,36,546560,RU,2024-08-10
c098fe7b-2d4c-4c03-944a-63f802ce12a3,37,2016590,RU,2024-08-10
b44de8b1-1efa-4738-a52f-d404caccee0f,38,2305840,RU,2024-08-10
d96e1a2f-1835-401b-86e9-5c36a2311354,39,2405,RU,2024-08-10
d9d12384-16cd-4587-803b-4bc9c7952304,40,2567870,RU,2024-08-10
b4fba3ac-e80f-4bbe-951a-b11de0798d2c,41,1332010,RU,2024-08-10
e55ad0bc-f49e-4212-b220-f660f56f81e0,42,221100,RU,2024-08-10
d232a9fd-1e73-4adf-8ee1-ed4ec0732538,43,494840,RU,2024-08-10
6f0188ba-dd03-4bca-afc6-efb926d26388,44,2396240,RU,2024-08-10
9b244e09-0f78-4e58-b0ae-48f619f1f8e0,45,1966720,RU,2024-08-10
c8c8b5b3-915f-48cd-b434-cbbb935942e3,46,4000,RU,2024-08-10
1d21c2c3-23c3-4ebd-98d7-1ab9771f5cec,47,1092790,RU,2024-08-10
5097899b-662b-40d5-94de-bf7638bece71,48,1119730,RU,2024-08-10
05379fc6-c97e-4a47-b16e-4ab70df7ac40,49,393380,RU,2024-08-10
01ce687e-b476-4fae-ad9a-89348b03d4d6,50,1665460,RU,2024-08-10
cae67c8e-876c-49e0-b548-f9525331c856,51,2406770,RU,2024-08-10
462bb433-fc0a-4c48-89c5-a1c8e076ebc0,52,761890,RU,2024-08-10
44678030-2bba-4552-a8e2-82e6c9b8e814,53,648800,RU,2024-08-10
18738740-4155-4e14-8391-50dc5234c682,54,105600,RU,2024-08-10
055c6fb2-e7bd-42ce-be61-24ad956c76f0,55,1326470,RU,2024-08-10
5fb9ec0b-f642-4744-ba95-916f7f0f6a41,56,250900,RU,2024-08-10
2b5c1db4-cfae-44f9-a179-b3449a894502,57,1144200,RU,2024-08-10
49758842-bac7-4e6c-a3c4-b2f60568b74f,58,284160,RU,2024-08-10
01f3da52-2c3a-4327-917a-77f97e02c426,59,582660,RU,2024-08-10
e4943862-bd5c-481e-b34c-54ae4304b6d9,60,2073850,RU,2024-08-10
00957b89-09d7-4ab0-9813-1737744dcfa3,61,1203220,RU,2024-08-10
9758c424-5366-4df5-9281-d7cfaa4ed07a,62,427520,RU,2024-08-10
17be9bb5-c71d-4ab7-9e18-f418fc3fe8eb,63,228380,RU,2024-08-10
4ac6ec31-692e-4999-b3cd-16c61d5e50f9,64,108600,RU,2024-08-10
e3734887-6b49-4a9e-9959-e0afed69e07b,65,1458140,RU,2024-08-10
55cfd7bb-bcb6-4d16-b486-c693b5d3c765,66,11732,RU,2024-08-10
23e833b1-3e53-45f6-a57d-83842856fa4c,67,8500,RU,2024-08-10
971172a2-d328-4251-8b31-a6c284a24487,68,892970,RU,2024-08-10
62bfb252-0d12-4e5d-bff5-8e49c062f36e,69,389730,RU,2024-08-10
059190a9-fc03-4ae4-80ff-7483ca1b5bba,70,2835570,RU,2024-08-10
7e4a9c7e-769f-439a-8bd3-6f3c86aa435f,71,268910,RU,2024-08-10
9e3ba90d-d9ff-4686-a098-4aaeb009e353,72,1681430,RU,2024-08-10
6a55f80c-fc36-4e92-a58e-69ea31013eed,73,3086490,RU,2024-08-10
e20f54f0-d6c9-4371-9517-1713bab8eeb7,74,394360,RU,2024-08-10
e9802600-c1b6-4f7f-b3ff-104082c29307,75,475150,RU,2024-08-10
a9c12bd7-1b6d-4aa4-b4d7-4d3d6b018a3a,76,1304930,RU,2024-08-10
05c57879-abac-4690-81c6-c8ce288c4a31,77,629520,RU,2024-08-10
588b8435-0ed0-48d8-ad5c-7074d3b01018,78,1203620,RU,2024-08-10
d1818eb9-56e1-442a-b981-1f793d088924,79,1659040,RU,2024-08-10
a714dc73-db49-407f-9a2c-ef9f0070315a,80,606280,RU,2024-08-10
0d9d5c1d-1eef-462c-8663-52cb3057e649,81,3044430,RU,2024-08-10
cdf97495-d44b-402e-bdcf-70e42b1aecd5,82,10464,RU,2024-08-10
cc853c5b-66a3-4caa-a779-bd4808e2c17f,83,2400510,RU,2024-08-10
9cc07721-9420-4ec0-b8fd-cf72a8d4480e,84,597820,RU,2024-08-10
89feee0c-8467-4dd8-8174-00d4e3c19877,85,346110,RU,2024-08-10
6632356c-94b5-491b-8609-7c8ab301f34e,86,251570,RU,2024-08-10
ec6630ad-cb1c-4a77-9b78-29b33ded8e43,87,34206,RU,2024-08-10
6e76a92b-8af2-425b-89bc-e7365ceffa89,88,803330,RU,2024-08-10
a3c367bd-c1f7-4514-acc7-0b160234e474,89,1874880,RU,2024-08-10
00f7ca4d-c6f1-44c3-8821-24204a1cb727,90,322330,RU,2024-08-10
695d42ce-d0d9-4ef0-823a-83c80aa3c701,91,784150,RU,2024-08-10
7ef0c5b8-38d3-4c01-b564-7dea7659bc5b,92,1158310,RU,2024-08-10
dad88fab-00b2-47db-801f-bdd19ddc0a99,93,1643310,RU,2024-08-10
06bec643-bce0-4580-acec-7b59526744a4,94,2396980,RU,2024-08-10
d413cce0-6a7a-41a9-ac1e-58c1f5c123f3,95,21648,RU,2024-08-10
395084ec-b3db-4f73-b03c-7999300c1cb7,96,242760,RU,2024-08-10
e3bb82bd-898f-4642-8fec-96cdd30ba68a,97,767560,RU,2024-08-10
510b83b8-122b-41b1-83eb-292a165dcd23,98,1623730,RU,2024-08-10
5eeb4621-0192-45fd-8ae7-bac7ed0e5647,99,949230,RU,2024-08-10
d198deba-bbf2-4f41-96b8-379b1bbfe4a6,100,2379780,RU,2024-08-10
88f6f96d-d87a-431d-97d4-b4871ccd6dff,1,730,SG,2024-08-10
4a1beddc-90d5-4141-9d42-d72f86d0cbed,2,2358720,SG,2024-08-10
a30da39b-5c09-40fd-a78c-b2f1cf217a1c,3,570,SG,2024-08-10
a8e24293-7eef-4e50-943e-343de44da454,4,578080,SG,2024-08-10
e0dafb80-3779-4add-964d-81bb37c04829,5,2074920,SG,2024-08-10
5bccfbc0-16b5-4bf8-880d-3c380290600d,6,238960,SG,2024-08-10
10c9b7d7-0e60-4254-b7a4-c8a35764988c,7,1593500,SG,2024-08-10
d7640e27-5abc-4670-805f-b498d23a6b01,8,2183900,SG,2024-08-10
a6b2bf51-87de-47d6-834c-cd5d40dc790f,9,2808930,SG,2024-08-10
5316d82c-6c91-48b8-9f5d-191629aa2b50,10,230410,SG,2024-08-10
8d371683-c8a8-4e23-b212-6c35ee0b97ee,11,1245620,SG,2024-08-10
d892c183-64f4-4652-995c-b27660141224,12,1203220,SG,2024-08-10
2f8d65a3-0698-4489-aa39-fa91ccd7d3ff,13,553850,SG,2024-08-10
e7c5243b-ce9d-4dad-89dd-04b228384d8a,14,2139460,SG,2024-08-10
0b456876-b3a8-4b2e-ba35-beb8b4e637d0,15,2344520,SG,2024-08-10
a396c818-9bbe-4bc3-b603-1911fbb8a773,16,397540,SG,2024-08-10
68e681c7-b07a-409c-a162-cd06b7c92098,17,2778580,SG,2024-08-10
c527009f-0953-4b3e-83ce-8c46f6d9183d,18,20109,SG,2024-08-10
1e2bb717-36ad-468b-a225-c0a7d9e99cdf,19,39210,SG,2024-08-10
2f22abf0-22fb-4315-afdc-61f36e9abe23,20,2215430,SG,2024-08-10
36e1b81d-cf18-499c-b120-727a74705764,21,1672500,SG,2024-08-10
f2bee0fc-5a3f-42f0-9348-84707e01c334,22,377160,SG,2024-08-10
78ebaa5c-790e-4c0b-973d-18b9df837bac,23,2751000,SG,2024-08-10
58e5a0e8-32ff-4b2d-9008-3b521cdc6980,24,33608,SG,2024-08-10
373f3a70-132e-4934-bc73-c5a79c7df268,25,2526380,SG,2024-08-10
98eb36e3-15e9-4b36-af83-c536512f2e95,26,2195250,SG,2024-08-10
889b33bc-5937-4972-95b3-aca32d4fd35d,27,2400510,SG,2024-08-10
45b2cf19-816f-4912-b9f6-2b71fd63a733,28,2567870,SG,2024-08-10
e9b5aaae-c18a-4af1-b221-ba74124a9a58,29,33369,SG,2024-08-10
771e2b6f-f781-47a0-897e-34883954a238,30,2142790,SG,2024-08-10
dfdd2a71-2ab8-4209-b9e2-0083d0b5625c,31,2669320,SG,2024-08-10
6c48b201-106d-40e4-a9ab-5aff150ae22a,32,15435,SG,2024-08-10
16cb37c2-bc00-4200-8b08-e9b48c06d78d,33,1222670,SG,2024-08-10
566d0134-ec84-4000-9798-baf8ec7481fa,34,1237970,SG,2024-08-10
182e2e47-ba59-4720-b534-c75510bc85bf,35,413150,SG,2024-08-10
140f8f9d-0b69-4db5-9837-08c68df18865,36,1997040,SG,2024-08-10
6b039f25-845e-4fc5-9972-d43778ccbf51,37,37745,SG,2024-08-10
a68781a4-5ed4-4f95-8cd8-3db3804cacd2,38,782330,SG,2024-08-10
7ce91ad4-aa4c-4d14-b427-3b3707e10fa0,39,814380,SG,2024-08-10
f007161a-a6f2-4db8-8308-88abfd7d7a59,40,320795,SG,2024-08-10
98a725cd-e04d-44da-bf44-61e894361583,41,306130,SG,2024-08-10
8d4c8442-76fd-413d-99ae-03bae2491b3f,42,489830,SG,2024-08-10
c5492442-e98e-47a7-a7d3-0686912a522e,43,2396980,SG,2024-08-10
4ddf95f9-8c50-4a8f-a124-c7ede528f1f6,44,1144200,SG,2024-08-10
cb4d86e9-2cf9-4d66-a51b-05d4b0ccd8d6,45,38574,SG,2024-08-10
f7586368-bc33-4cba-9eb7-12b0376b66ff,46,1085660,SG,2024-08-10
9c821096-2156-401e-a9ec-a27d5eb6fa32,47,1774580,SG,2024-08-10
c376cedd-ca44-4e36-8e3d-befa3527ca7f,48,2305840,SG,2024-08-10
bf000ba5-5bd6-4eb1-abff-4c80991b1b13,49,1172470,SG,2024-08-10
0daa7458-c817-4c0e-993f-1467ca40f513,50,2338770,SG,2024-08-10
16b486e5-9847-4e55-82fa-dd995ef564d0,51,2933620,SG,2024-08-10
200a1fcc-ea3e-4e68-b4a9-00ccd6e93385,52,1286680,SG,2024-08-10
2586ee5b-5779-4fa3-a786-025cc64ad357,53,1086940,SG,2024-08-10
8b34ef0c-e0a4-421c-9e78-8c3320eb53f7,54,2379780,SG,2024-08-10
c8de2558-2b9e-4794-8998-60d4891a0e1b,55,39388,SG,2024-08-10
38891c6e-d619-49bc-a010-6a24ebf9ca83,56,1716740,SG,2024-08-10
1a76cec8-b4b5-4226-9a0d-d100cd07d1d8,57,2396240,SG,2024-08-10
426c5689-6f44-4fc6-9444-5ba23990b91a,58,39394,SG,2024-08-10
240ef1fb-1631-4992-9b16-616e34a2b96d,59,958260,SG,2024-08-10
4d7c99f3-a8fd-4646-a2e2-8e58a4feb5b2,60,1151340,SG,2024-08-10
79d26578-5c86-4c9a-87fd-ee5582da27ab,61,440,SG,2024-08-10
71aae41d-cf02-4bf2-9ccb-d4fc2868cbea,62,199943,SG,2024-08-10
50b2c706-567d-4a53-96fe-dadd597c8881,63,1449850,SG,2024-08-10
6a9540cb-d22c-49a0-ae64-b874f3b55051,64,1475810,SG,2024-08-10
d457bcef-a2d5-4dfc-b1f1-f13363ec76b4,65,34010,SG,2024-08-10
53e1095e-e38e-429f-8574-0db7bfb0342f,66,1629520,SG,2024-08-10
af8cf002-368a-497a-8712-b12f8283f961,67,183038,SG,2024-08-10
62539b28-2d7f-4356-bbdb-b007214e5d91,68,444200,SG,2024-08-10
f91060a7-f7f3-4855-8685-beafc5e869a6,69,2000950,SG,2024-08-10
ec8bf685-cbb5-4346-a02c-cd3e80c0cf23,70,10827,SG,2024-08-10
b3dca8eb-46ed-4fbd-b36d-0d8584fc822f,71,273110,SG,2024-08-10
7224120d-1368-4488-8e36-35b0f101e507,72,381210,SG,2024-08-10
f97c97c2-65dc-4fa5-bf11-8e186e2fa523,73,24494,SG,2024-08-10
13f9fecc-b5b4-4f2c-b54d-3857526beaea,74,949230,SG,2024-08-10
b0b98c53-07a9-4165-a686-cd0504ff4c74,75,495910,SG,2024-08-10
22cda10b-d25a-4a51-b2e3-ec3c67cfbcea,76,1623730,SG,2024-08-10
4fb03546-8e16-45e7-86e0-400f42c9a32e,77,40051,SG,2024-08-10
936a3e4f-005a-498e-a5fe-c2bf6773847c,78,2315690,SG,2024-08-10
71a3f8a9-c60b-419e-bd38-49bdfa8165c4,79,1177980,SG,2024-08-10
d7a5a1c2-a6b6-419b-8424-c8181d2a2e36,80,1817230,SG,2024-08-10
7d74859e-359b-478b-908c-a96ec2e0fff3,81,1282100,SG,2024-08-10
47d3a424-c990-425d-bbc0-6c01103899a7,82,41962,SG,2024-08-10
8f69b4a1-4722-4c42-b863-63e449be43c4,83,1599600,SG,2024-08-10
1743b246-2954-4af3-adb9-403fd9fe15cb,84,552990,SG,2024-08-10
5b9aab1b-7565-436a-929e-8793c9f1f240,85,403640,SG,2024-08-10
56536614-3b0e-4012-8c19-bc9a7d0a1087,86,2357570,SG,2024-08-10
eb44ac99-6a45-4a65-be79-e91ec2b15cb3,87,739630,SG,2024-08-10
5f9456ec-fd35-43ed-8263-4be6fbe57268,88,1517290,SG,2024-08-10
5d070647-d6bc-4844-a4a8-8d2d2b3a97fd,89,236390,SG,2024-08-10
00075b04-40c8-4cf3-b8de-e666e903e74f,90,1477070,SG,2024-08-10
2beae0de-1429-4c4a-a3f3-f6d85a2576bb,91,2383020,SG,2024-08-10
7eeaafae-9d8c-4e4b-86ed-714de6df8427,92,612880,SG,2024-08-10
49d0b479-dd7f-4ce1-9940-aabf0c05ba28,93,548430,SG,2024-08-10
2de6c2ae-e531-432e-a7fb-849d63c707d9,94,1562430,SG,2024-08-10
fd0e5d80-c492-418c-9344-529010fb3aac,95,30424,SG,2024-08-10
8c9e73d0-49ea-4919-8683-462e2bd2438a,96,271590,SG,2024-08-10
89752137-994f-4590-abc6-42088015530e,97,1363080,SG,2024-08-10
0b3ff13c-b2f4-4db3-ac32-7e7b1ea7e2cd,98,1232580,SG,2024-08-10
0d22e22b-d981-4548-a5e8-ba40ee98a3c1,99,49520,SG,2024-08-10
f760064d-a1e7-4625-8792-121f5dec6b35,100,2519060,SG,2024-08-10
89037e27-e889-4aef-8b6b-4e3f4d2001de,1,2358720,HK,2024-08-10
64090a48-8016-4f69-a786-c6d2c8e6a747,2,578080,HK,2024-08-10
d8dc1bc0-8ee5-47f7-b433-6db62381f241,3,730,HK,2024-08-10
f72727c5-cbf0-4554-90aa-af3bdbe6d08e,4,1449850,HK,2024-08-10
d3fa73b2-d118-4d05-9b7c-4648f2b34d8b,5,1203220,HK,2024-08-10
82261b56-9415-4dd7-8a2d-48debf8467e1,6,2074920,HK,2024-08-10
c824e69d-38d9-48ef-91e7-e9be84ee52eb,7,2139460,HK,2024-08-10
b0274bea-31d8-4fe2-a8b1-44c31ce9a83c,8,2897760,HK,2024-08-10
00e82cd8-6ae2-47f3-8228-aa9860aa9a34,9,2183900,HK,2024-08-10
37cb4d30-498a-497d-84ef-c4492765085b,10,44014,HK,2024-08-10
1f0f7406-a3e7-4bf5-8a92-cbd43cd4ad7a,11,1593500,HK,2024-08-10
b1b7fa83-50eb-41e3-8ac7-4e7351cd20bc,12,2344520,HK,2024-08-10
56ba8063-0bb8-4628-973f-18a30d515a13,13,13560,HK,2024-08-10
abfb3184-1abf-4c16-aa56-5d5079229fb1,14,1172470,HK,2024-08-10
4109563e-51e5-4657-b09d-fe81c27cb829,15,1973710,HK,2024-08-10
dc00a60f-1dde-445f-86c3-0d07aa16223c,16,552990,HK,2024-08-10
2563b249-ce7e-45eb-8a07-5a2e0b6df374,17,16414,HK,2024-08-10
c6a1eb84-7ee3-4fd5-9b0e-5ed1fced98a7,18,992300,HK,2024-08-10
f30cb267-3c0e-42be-81f8-30f7b7c1f084,19,2458860,HK,2024-08-10
d6c0eb54-8cb6-479b-b23a-8622817e2ab7,20,949230,HK,2024-08-10
1c6b7411-658e-4925-92c2-0c307f4f5760,21,1237970,HK,2024-08-10
83952c27-a456-4192-8e8b-ec52b1513ac4,22,2808930,HK,2024-08-10
c7d036fb-c61a-42ed-9d18-46de98454ea4,23,3067200,HK,2024-08-10
35527eb7-3d71-4f04-ae7b-880deb97cdac,24,1245620,HK,2024-08-10
9328f648-0dc3-47bf-8ebe-0611d354ef2f,25,230410,HK,2024-08-10
39efd338-8d47-4590-8976-4969407eda66,26,236390,HK,2024-08-10
baaaff81-772e-4a18-ba7f-6e7fb6a4162f,27,2668080,HK,2024-08-10
fd045552-0ded-4a53-a713-30ed2353291f,28,1477070,HK,2024-08-10
e6689507-3ceb-467d-aa56-28b55139b6c5,29,1180320,HK,2024-08-10
f8e877eb-a277-4935-b730-8bf16077d090,30,553850,HK,2024-08-10
06146ea2-6de9-4d60-9c0c-404c8632402e,31,33369,HK,2024-08-10
8862006c-3bcb-4351-a54f-f6d70771fb93,32,397540,HK,2024-08-10
601c8b71-93b4-4165-a8e7-da2cdcf1fe7a,33,2739590,HK,2024-08-10
8c433425-5c3c-422a-b7ca-62d6a0fd0aab,34,1665460,HK,2024-08-10
4fb5e0df-04cf-41db-bc7b-9e038da957bf,35,570,HK,2024-08-10
225eaa55-d82d-4e34-ad28-0249dc10f037,36,2602770,HK,2024-08-10
29e46ff0-8123-4b14-be71-dc66d9953ad7,37,814380,HK,2024-08-10
42d87e85-e1d3-41ad-a243-1f36db4474fb,38,431960,HK,2024-08-10
2bc97942-b6da-482f-8405-4ea6230c3182,39,2933620,HK,2024-08-10
38e27a09-48ba-4c87-a5b6-9f4dd4cc75e9,40,2875140,HK,2024-08-10
73ecd84a-ef6b-4c69-85e1-76f64c99a278,41,359550,HK,2024-08-10
69212d21-5fa6-4f8d-9119-969d434656b4,42,2396980,HK,2024-08-10
ef5f46f8-ed1f-45d1-a49c-577359927b2a,43,21432,HK,2024-08-10
5166c418-235a-4ae8-b713-ab395f607062,44,2338770,HK,2024-08-10
6d1b4375-340a-4ce6-8d70-039757e76e00,45,2751000,HK,2024-08-10
f5defaf0-821f-4acb-897b-fe3e4938d270,46,413150,HK,2024-08-10
19dfb6dd-bca8-459d-ab38-19c7ae53b0f9,47,199943,HK,2024-08-10
08a92e78-578d-40c0-98e8-157fc9dbb5aa,48,1336980,HK,2024-08-10
e863f374-155f-4187-9900-426e0682970f,49,2349820,HK,2024-08-10
696372f9-0b3b-4d81-91fd-d6ecf493b892,50,377160,HK,2024-08-10
d77a6049-379d-4516-9f01-f5c578b71ab2,51,2778580,HK,2024-08-10
ee14a5bb-8f70-4371-b069-7190a35ac069,52,1085660,HK,2024-08-10
4c01c195-a211-43cc-839a-b20df7dae69b,53,2854170,HK,2024-08-10
7d6a572f-0097-45da-9c8c-fed36c380347,54,898750,HK,2024-08-10
39512292-a632-40c4-9ce2-27bd11437363,55,2109460,HK,2024-08-10
a6356658-ba9e-44b6-ae79-c6395a2bb963,56,1238810,HK,2024-08-10
a6c3378d-5353-4f8c-a5d3-ca7756a9351e,57,394360,HK,2024-08-10
b9701d55-8219-4b75-b8e0-6d3609db6386,58,30424,HK,2024-08-10
dbccded3-a627-47ad-a708-42280f7ce803,59,1962663,HK,2024-08-10
ee83ef3f-f7bd-4f71-8e52-cb111fdf0f48,60,2400510,HK,2024-08-10
194621ea-6cc1-40e3-93b9-df2e35387c31,61,15435,HK,2024-08-10
902a84ff-09e3-4011-aa5a-d7f6dafa1f75,62,3011560,HK,2024-08-10
57379052-7eab-47a5-818e-483bc2c9fabc,63,2195250,HK,2024-08-10
1d57a78a-5f59-499d-84e5-eaf3986fc8eb,64,489830,HK,2024-08-10
6bd3d83f-71e3-44f9-822d-9f060d152437,65,2567870,HK,2024-08-10
3f1ecaac-cb0c-4cfa-810b-7973abe3771f,66,306130,HK,2024-08-10
b3dba9d8-89dd-4d50-a3d5-ff324d84f2a0,67,1222670,HK,2024-08-10
7adfa170-e549-4241-b2ec-fa327718964d,68,1520470,HK,2024-08-10
2ba0e60a-44d4-4447-83c8-1cd8abe97c79,69,39932,HK,2024-08-10
0111e12c-b5f0-4eea-8df6-2f8c6d48e08f,70,2764370,HK,2024-08-10
4235124d-77f8-43a4-b739-0186da42f2b4,71,36542,HK,2024-08-10
06147d66-e801-421f-8915-4932f8cea3ce,72,2669320,HK,2024-08-10
37a4d511-e05b-4ebb-8b7d-c89cf0efbfde,73,744900,HK,2024-08-10
209d852d-5451-47bc-a00a-b89f2de8d0b8,74,381210,HK,2024-08-10
c05ba83f-bc64-4b70-a071-48fd8b620657,75,41962,HK,2024-08-10
8fd3b052-da22-4296-a272-313c62eb1c0d,76,21477,HK,2024-08-10
a1402949-dbe5-41fb-9056-4d811e4e95bd,77,33906,HK,2024-08-10
a0cd4af1-8f3d-4bec-b6c0-5cbe62ae727c,78,1672500,HK,2024-08-10
1130ef72-579b-4a0d-8179-527922a76dca,79,1144200,HK,2024-08-10
4a918d54-ef6a-45a2-b083-46e4a17da181,80,2305840,HK,2024-08-10
ef982897-e109-49c5-b096-0ba52cf4ef76,81,1909840,HK,2024-08-10
f28e20db-bc40-4f34-9782-37ddf9f9bdf8,82,550470,HK,2024-08-10
0446f5c5-0c93-4da3-b7a2-877ce4bb30eb,83,1086940,HK,2024-08-10
120fce3b-f9a2-4fe4-b4c7-0356d914d75f,84,1629520,HK,2024-08-10
ed51c167-687a-40de-aef9-7e4a48eec91b,85,1335200,HK,2024-08-10
412ad1a1-cb87-4520-bedb-20b7d8b230a5,86,32602,HK,2024-08-10
09fbff8c-b705-418e-a419-cf3f303e9aba,87,32846,HK,2024-08-10
1020e28d-a91d-44d6-aca0-bc7b4276027d,88,1551360,HK,2024-08-10
19164af1-f1d7-4ab7-9ddd-0cbc862039c5,89,2396240,HK,2024-08-10
5d49ee00-f862-4a6b-b87f-34ce25fa9cf8,90,985810,HK,2024-08-10
1c1f1262-02df-407f-a637-ecf57e4887b8,91,1250410,HK,2024-08-10
99b178ea-a313-4282-8471-c5a91c5f88af,92,251570,HK,2024-08-10
96fe7442-2830-460a-8bd3-d46a83c3144f,93,39210,HK,2024-08-10
8eedd482-33c7-462a-88be-c5311e8f027d,94,41383,HK,2024-08-10
516924ae-33a0-429d-a3eb-80a952c49792,95,2458490,HK,2024-08-10
15b7ab4c-7bad-4c2b-a12b-2cd93c2c4fde,96,1997040,HK,2024-08-10
dd29c2f7-83c4-44f5-a378-34fb3f81e5a5,97,1585570,HK,2024-08-10
ae1ce7a7-fef5-48fd-a3a9-5863f3102207,98,271590,HK,2024-08-10
5b5abbdd-a6fe-4683-985c-bdfb6715ff6f,99,21469,HK,2024-08-10
395b09c4-b03e-4fb7-958e-04265b9d177c,100,1282100,HK,2024-08-10
94bab43d-2f44-4a2b-a7ad-0a9b4628808b,1,1675200,BE,2024-08-10
37bae9c9-3d1f-48fd-aa37-6f84d6f26092,2,2933620,BE,2024-08-10
a05291a6-5c19-4814-8c1c-0f6eb4f5536c,3,1593500,BE,2024-08-10
0f17e898-2af0-4ddb-8a6b-611b2e05c77b,4,2074920,BE,2024-08-10
8805634a-f133-4c0e-935a-fcff46dc4173,5,2183900,BE,2024-08-10
2dde779e-0e38-4241-8ea5-badf491be9b4,6,33369,BE,2024-08-10
e18703d0-369b-4fab-b4ac-226238e849ae,7,397540,BE,2024-08-10
d13fef1c-e44d-4bbb-8060-f69451072488,8,306130,BE,2024-08-10
7ebc1930-65b2-4678-9e35-3bdad7ceeb81,9,1086940,BE,2024-08-10
9598b75e-aaa7-4049-948b-764770d09183,10,2139460,BE,2024-08-10
4019402b-77e6-44e7-8eb5-89a3cfde666e,11,1245620,BE,2024-08-10
a5995c6b-c5f1-4a13-beee-b50bfcd7309d,12,311210,BE,2024-08-10
f0f1a531-a660-4e2a-bf8d-9bb8df7c78d9,13,238960,BE,2024-08-10
509baca0-efb6-4521-9754-8884f16f25f1,14,271590,BE,2024-08-10
4334cdd6-834c-4ea4-883d-0047718e3132,15,1222670,BE,2024-08-10
acb51cd2-6e37-4b64-979e-7ea04c4891e8,16,236390,BE,2024-08-10
61104ae9-3fa3-43ff-aef5-e1773a0f97fd,17,33761,BE,2024-08-10
af64868b-2c9f-4e44-865a-6992a88e4da0,18,2751000,BE,2024-08-10
afdb6893-b0f3-4e5d-b452-9f9235787c92,19,377160,BE,2024-08-10
44b220c8-a039-442b-b8c7-1478d384e8b7,20,15435,BE,2024-08-10
6958a4a1-edf8-4776-ad2f-60308c254d31,21,553850,BE,2024-08-10
09b77838-b925-4647-9e23-5d684ffb0734,22,227300,BE,2024-08-10
e5c2653b-0c45-4e15-910f-93b4a34f590d,23,252490,BE,2024-08-10
c022f4b9-9162-4c65-84ba-f3b365061b67,24,230410,BE,2024-08-10
fa3a14f0-e0bb-4890-9ae0-f363b6a108d2,25,39210,BE,2024-08-10
6f8db4ad-e9e5-44c7-a821-ca3541a71464,26,2358720,BE,2024-08-10
00370f34-3895-44fe-ade2-39d556a8356e,27,782330,BE,2024-08-10
79ffcb0f-5204-49f3-af33-e4d2194f23af,28,49520,BE,2024-08-10
a9a857eb-f098-4b7c-bf07-27d501b4a2d8,29,489830,BE,2024-08-10
f56d8804-11c8-4d28-9aa1-50583db3c3ab,30,35839,BE,2024-08-10
db4989cf-b753-44fe-b96e-68aad5cbec5e,31,2638370,BE,2024-08-10
36a0c492-cce2-42ba-a1e7-6cc380ee3fd0,32,15366,BE,2024-08-10
cb27fb18-8478-47d8-975c-51676590a917,33,1250410,BE,2024-08-10
6bbf356e-e47a-4249-be7c-34d762dfcc37,34,381210,BE,2024-08-10
efe12988-ab1e-477d-ba6a-3b717a02b304,35,359550,BE,2024-08-10
47ece098-de05-4b39-9090-1f1527b289e7,36,199943,BE,2024-08-10
41225822-a4ff-4107-9357-0eaa1a4f3d00,37,2567870,BE,2024-08-10
3862d809-fd5b-459b-a37b-501a918b19bc,38,1237970,BE,2024-08-10
d883de53-6939-4725-ac1e-7fa7bc15dc89,39,32110,BE,2024-08-10
0281d63c-69cd-45f0-86ec-c06301556757,40,2362300,BE,2024-08-10
14502075-c2b6-4a82-a4cc-80da688001d7,41,1085660,BE,2024-08-10
0547f5c7-7d79-4bf7-8351-4c1026bd27b5,42,1151340,BE,2024-08-10
93e61593-e85e-4134-97ea-c4320aeb559f,43,1716740,BE,2024-08-10
a97e8610-8bd4-4158-90da-40344c498837,44,5700,BE,2024-08-10
a8cf050e-9146-4f3b-b97c-261a6730ac3e,45,1091500,BE,2024-08-10
14c42544-b637-4fbd-90ba-0cc389e6a238,46,43827,BE,2024-08-10
3d384c38-e02f-4982-8330-b8cfd46d75ad,47,2808930,BE,2024-08-10
69ee26b3-53b9-4e25-ad49-23e04b92c9a6,48,2778580,BE,2024-08-10
82c1db34-a70e-4f47-867a-c014870057e1,49,1717250,BE,2024-08-10
86e97ba9-3715-477e-bd05-201fd4ea254f,50,2344520,BE,2024-08-10
5c1ff7cb-7284-4c26-bf44-12ddc4c62d68,51,1172470,BE,2024-08-10
994c76e5-2e7a-4c24-9466-1708eefd6db5,52,1938090,BE,2024-08-10
d29af3f6-f6c7-47c8-8f27-795b2fcf812f,53,2142790,BE,2024-08-10
c3af9abd-b3ec-4e80-8edb-34ea45933399,54,2488620,BE,2024-08-10
a210c095-9126-4f84-9b4e-66c2a26b3963,55,35623,BE,2024-08-10
5d8185d3-c131-40fd-97fe-d411714433d7,56,2141910,BE,2024-08-10
6acf2b48-8806-4963-b804-d25ef598f78e,57,222,BE,2024-08-10
63e8ce36-6708-4f25-880c-13ef2338427d,58,1623730,BE,2024-08-10
ef83b771-aeb3-49fb-9454-c0acbee6a944,59,1562430,BE,2024-08-10
8af81cf8-f5c1-42a7-8d73-9a1029e51647,60,27500,BE,2024-08-10
db76948e-6185-4de7-9950-5dc173baf1b5,61,1286680,BE,2024-08-10
fd4d9cd2-fb5d-435c-a2fc-0201a5ad5e8b,62,2426960,BE,2024-08-10
67683a5e-9f4b-44f3-b962-91b37ce34ac4,63,13027,BE,2024-08-10
cd3006e8-1695-4b46-9fb9-55d38ebbf07c,64,261640,BE,2024-08-10
beea2c29-8683-4c35-8f28-8ece25777bba,65,1985810,BE,2024-08-10
8efdf15c-79fa-481f-9a9c-f7181a997af0,66,570,BE,2024-08-10
382d1af9-a4a9-4e1f-a465-3e99446c0241,67,703080,BE,2024-08-10
7102b9bb-4be6-41b3-8a73-8701753c69df,68,1172620,BE,2024-08-10
b2679551-22d7-43ab-8832-7ccf53e92e94,69,2400510,BE,2024-08-10
8b64ba8a-3637-42da-91f3-a93488fde027,70,413150,BE,2024-08-10
4380a826-6f79-4404-b0de-d2dba72c0554,71,2591280,BE,2024-08-10
e4b196ff-f694-40ce-99d4-8655ebd513a1,72,730,BE,2024-08-10
40ab9f54-828b-48cc-bcdc-4eba84da4f49,73,1934680,BE,2024-08-10
4078f2ab-df99-459e-a5ff-2487f148ea3a,74,13273,BE,2024-08-10
76cc25df-b198-4e1c-a675-1d2aae996dbd,75,1343400,BE,2024-08-10
8ac179aa-9693-4cc6-939b-3df5c76890e3,76,1284210,BE,2024-08-10
87e22dfb-62a4-43d5-a010-1884835df151,77,15587,BE,2024-08-10
f2d69cee-68e0-4957-9c7c-1da1de8980ec,78,546560,BE,2024-08-10
1dc17b5c-5f94-4952-98bb-d068bbe7ce76,79,37745,BE,2024-08-10
f5f31de1-1959-4157-84fd-63f5f4223e9d,80,578080,BE,2024-08-10
a3b1521d-3f21-47f9-80ad-ef5d1ea84cc5,81,2519060,BE,2024-08-10
47384bed-9508-4f28-97d0-cafd5ad79b11,82,2669320,BE,2024-08-10
05a2a941-d446-4477-a2f9-25ef793b76a3,83,739630,BE,2024-08-10
88abb8c5-c703-4c75-a830-368c8d77042e,84,2322010,BE,2024-08-10
e200d9d9-706f-4d6b-b89c-67a3fcb62a7e,85,1962663,BE,2024-08-10
c5537e22-589f-4ceb-896e-74562a698bb4,86,2662170,BE,2024-08-10
36b89480-947a-4f68-a17c-162f1abed350,87,40720,BE,2024-08-10
c36e9856-6f73-441c-aca8-dfb0fab42178,88,2396240,BE,2024-08-10
edd54007-b3df-4fb6-9464-f41b239af7a6,89,1332010,BE,2024-08-10
c511e119-73e1-4d7a-a025-56623a9c9d1a,90,3782,BE,2024-08-10
9a4bff15-545a-467e-80f2-8420f984a3d8,91,2790720,BE,2024-08-10
1ac05058-8adf-460e-ab78-7000a5278d4b,92,43929,BE,2024-08-10
99c58d8b-9596-4f81-a11a-87f32fd5a9a4,93,548430,BE,2024-08-10
b3041c0a-b95c-43aa-bec5-ebd32cf0487d,94,214950,BE,2024-08-10
7953ab84-fe5f-4d41-b74f-db1cdbc0de5f,95,1326470,BE,2024-08-10
48084726-e656-41d0-b917-c43608e82d21,96,41039,BE,2024-08-10
41e97a5e-6786-408c-a0e7-b0ffcfccb801,97,2280,BE,2024-08-10
de5cd42b-0bb9-458c-9ca9-f98e934611b7,98,2300320,BE,2024-08-10
deca5b67-32c7-465e-8c52-36924e051409,99,30424,BE,2024-08-10
1c4920e6-5ea7-40bf-a454-e59ff3f068ef,100,612880,BE,2024-08-10
9f1156d2-791c-4dbd-b67a-ee92798ae291,1,578080,TW,2024-08-10
e937ccad-4e69-4561-a797-3bc3b22db665,2,2139460,TW,2024-08-10
2efd6125-f3a1-4761-bec1-61afe2b1fc73,3,2358720,TW,2024-08-10
7542e483-024f-45ea-bfd2-e224cfdd3d92,4,2074920,TW,2024-08-10
7a825182-b9b7-415b-852e-1d1dd8a3d550,5,1203220,TW,2024-08-10
1cd934cf-fad1-42c6-8866-2fdc7faa1045,6,2855560,TW,2024-08-10
4a10a663-96cd-4e8f-8bfc-40a43a457760,7,33369,TW,2024-08-10
cd4cd2b8-beb3-49d1-94c0-ba2857064f92,8,730,TW,2024-08-10
21d2e181-a58e-4695-825f-f2549984892f,9,1449850,TW,2024-08-10
b27fc33f-98a8-424d-83a0-4dcf63d5cf3f,10,1593500,TW,2024-08-10
2734a607-c529-453f-90b6-4aee72a80b27,11,13560,TW,2024-08-10
7562d527-0d52-4066-9e5c-e5891e05a5eb,12,1973710,TW,2024-08-10
1b8c29c7-d8da-4e97-9fa1-67af089c0ecc,13,744900,TW,2024-08-10
6a7f63f5-3b49-4a19-a0c5-f45d6a8a09f7,14,1172470,TW,2024-08-10
cd465df4-ba6f-480c-b0e5-a1407452e857,15,2183900,TW,2024-08-10
3be038dd-1065-46af-bdeb-609ce8040f0a,16,1245620,TW,2024-08-10
efb19794-3f84-4910-ab05-80390054f077,17,2344520,TW,2024-08-10
465f89b2-14f0-49b6-b6ae-11ffdbf3a912,18,1859910,TW,2024-08-10
37090045-287b-4ff8-8070-ce255fafb177,19,2338770,TW,2024-08-10
8704adbe-b321-4407-a8cf-bb33a53e24fd,20,992300,TW,2024-08-10
79713858-e70f-45eb-bc3a-283fa82f553e,21,1336980,TW,2024-08-10
b88e5b04-b153-4600-8583-606be130fc1d,22,230410,TW,2024-08-10
46c6c785-c9a4-48c1-bdab-16855c01d112,23,1237970,TW,2024-08-10
bfe5666e-de0e-4192-9c90-ff68dce56a7b,24,36564,TW,2024-08-10
da7c3b81-7705-4cdb-8443-8d6ca9fd2c91,25,1222670,TW,2024-08-10
09765498-2fbd-4bb8-8d53-a2e522c7c5c8,26,2349820,TW,2024-08-10
98246998-7f1b-4b8b-8d0d-2c24792bfefb,27,397540,TW,2024-08-10
87433743-b2f7-4892-933d-7cec552cbcb7,28,5700,TW,2024-08-10
4c6e575c-7c7e-49bf-9082-99be208afe1b,29,1089090,TW,2024-08-10
6f2f5518-4df2-4ff4-85b2-4e6c3a5870b3,30,2897760,TW,2024-08-10
fc5ea143-2151-4399-8e7e-465890497b0e,31,271590,TW,2024-08-10
680b6ad6-53b8-45f2-8f3e-c78d51f91b05,32,814380,TW,2024-08-10
a7be8092-e4ab-4dc7-afca-8a177cd88d77,33,2668080,TW,2024-08-10
b46895de-7ee5-4337-9544-58929c0854be,34,2602770,TW,2024-08-10
bcbce591-4680-48f9-9856-0e08fd55a487,35,1610440,TW,2024-08-10
afa149e2-0f04-497f-aa7b-60a38be6e633,36,1085660,TW,2024-08-10
93074f36-d6bb-4e63-8c19-03244130e666,37,3782,TW,2024-08-10
fdc3dc2c-350c-46c1-8401-dd1c2d02e34c,38,306130,TW,2024-08-10
232bd944-2bc0-43d1-9364-4492271459f2,39,1909840,TW,2024-08-10
baf6a7a2-28f5-4aac-b744-89d0505b1b97,40,835570,TW,2024-08-10
746f01a2-0537-4038-9fec-07f6d76a3112,41,1672500,TW,2024-08-10
9c63e530-e693-4ab7-84f0-d66c00c99614,42,251570,TW,2024-08-10
bb195bee-cc87-4f35-814b-74c074071d3b,43,553850,TW,2024-08-10
dbf30ce8-7767-4460-b36a-5f951cfb2ce5,44,413150,TW,2024-08-10
8d97a4b5-5213-485f-85b4-ecf3e27551c4,45,381210,TW,2024-08-10
5211d98e-fe51-44b9-a9f4-f003c353aafe,46,2458860,TW,2024-08-10
4cf40e08-0078-421f-aded-96288b72d6e9,47,2972990,TW,2024-08-10
a17e6645-56e5-45b1-9d70-bb0bdd427d45,48,958260,TW,2024-08-10
183896f2-c9c5-4945-bf57-c2c2fe0c6d6a,49,40916,TW,2024-08-10
880c22cb-64ae-492f-aefb-f7531cca1745,50,1151340,TW,2024-08-10
c7620414-e6a0-46a0-be90-f68cae4126f7,51,1049590,TW,2024-08-10
a1f263a9-c721-44b0-aff4-33c18f2f757e,52,2751000,TW,2024-08-10
c9f4aa0a-f4d5-4f87-bc6a-4d6ea09fe4cd,53,1551360,TW,2024-08-10
41f5268b-8bb6-4aed-9b57-3eef37926892,54,40955,TW,2024-08-10
baa7d473-6eff-4c34-b395-ec52d9aecef5,55,377160,TW,2024-08-10
2be1ee9f-553f-42a9-a523-f8f935cf89d8,56,236390,TW,2024-08-10
bd290713-1aaa-48d7-840a-775b4733c21a,57,2167580,TW,2024-08-10
49036882-2b8b-49b1-b908-3ba32cc69847,58,2396980,TW,2024-08-10
7a7a2b6f-730f-4af4-9272-2131d64346c8,59,2778580,TW,2024-08-10
bddc8ec5-abe8-43ff-a927-61fc8d4938e6,60,227300,TW,2024-08-10
4d1f9354-87a2-441a-ab0f-3319fe23f754,61,1260320,TW,2024-08-10
1b73da9d-b32f-49cb-8e26-bce1de14ce35,62,2215430,TW,2024-08-10
fdb370f8-1722-4a75-87bb-9490be3fa9c3,63,41023,TW,2024-08-10
72405c12-848c-4fcb-94c2-d97679defe78,64,898750,TW,2024-08-10
0c37774f-7ef1-480a-b85d-dd80bd6172da,65,3067200,TW,2024-08-10
71b5d9ce-fa79-48f7-8d28-43e311f18d85,66,489830,TW,2024-08-10
4c1ba205-e9ca-4d0a-9415-40d56ef02aea,67,2808930,TW,2024-08-10
a32f18c0-45e1-41e4-8107-15f804e98d46,68,30537,TW,2024-08-10
3d9cf24a-449f-474b-9e93-a50c9294ad42,69,2445690,TW,2024-08-10
ca714773-22d4-4b15-a83b-325eceb08cec,70,552990,TW,2024-08-10
42aa69d1-cfd5-48a6-b070-ace6d356082c,71,2305840,TW,2024-08-10
7a61e7ca-ae6b-4893-b24d-51b99b497ac7,72,1809540,TW,2024-08-10
14d0268d-ab06-4dac-9369-f14410547a97,73,359550,TW,2024-08-10
976a9d30-dd16-4ee4-aabf-bcd9dca5a420,74,1086940,TW,2024-08-10
e6e404b7-416a-4a32-b93a-3b424790082b,75,1562430,TW,2024-08-10
191017a9-53d2-4392-8351-31beb009f882,76,985810,TW,2024-08-10
68bd0ad0-884e-472d-b8e1-87223a67c251,77,199943,TW,2024-08-10
bf0b1288-42ee-45a1-8641-fceca97f34af,78,1329410,TW,2024-08-10
e644d050-9732-4c34-a49f-cfc79cec5599,79,30424,TW,2024-08-10
99840792-a9e0-4fcb-8a6b-7d542c68b11f,80,1477070,TW,2024-08-10
cef0e281-6eb3-4915-98d4-b1584b4c11b8,81,1364780,TW,2024-08-10
d298bf75-54b3-46ab-aa55-4eccd71593e2,82,2426960,TW,2024-08-10
cf2a5ca8-7717-4e67-815a-e301dee9c511,83,44014,TW,2024-08-10
1f3fcdd2-5ad4-4138-a2a4-3594d8957eab,84,1056640,TW,2024-08-10
7349f4c5-1377-4590-abc2-e3727f5bf27e,85,1629520,TW,2024-08-10
4aaebcfe-82ea-4ffc-ad4e-e3a95dcba676,86,3122150,TW,2024-08-10
b27a9e45-f321-4380-87c9-6ed1a545fa7e,87,782330,TW,2024-08-10
590103b5-6de7-473e-ab49-f6aa2c36286a,88,2400510,TW,2024-08-10
b1181c0e-cef4-48ac-9728-d01869b12e2c,89,1088850,TW,2024-08-10
ed44b099-36e2-43fa-b691-679142e3f70d,90,813780,TW,2024-08-10
642a884f-dc0c-4773-955c-e920025768fb,91,1954420,TW,2024-08-10
99d9b7d6-7c12-4501-abff-400ca7ba990e,92,41595,TW,2024-08-10
40b2754f-3c56-4c67-bd36-4622e2d5f6bb,93,2878980,TW,2024-08-10
b8766a30-5845-4120-9597-6b2a1c6f49e2,94,1416920,TW,2024-08-10
c50e4458-b5c8-45b4-ae3b-ed094455a631,95,43829,TW,2024-08-10
05d2028b-1682-4369-8793-79830d8fcc17,96,292990,TW,2024-08-10
5bdf9461-b01a-429a-badd-5ddd82c0fee2,97,2567870,TW,2024-08-10
c0b17f99-3a25-4d7a-88a7-c1d55f1f5026,98,949230,TW,2024-08-10
3e04c2c5-4e9d-4eb2-b330-e6c7e6cdd968,99,427410,TW,2024-08-10
e98136ac-5669-4daf-a33d-89ec6de75381,100,39394,TW,2024-08-10
2d14d39a-9c58-4727-8d92-cdc6388d8244,1,730,TR,2024-08-10
eeaa06e6-2c8d-4327-996f-823f24f70260,2,578080,TR,2024-08-10
f698e3ad-c08c-440a-bf45-4610e848a065,3,306130,TR,2024-08-10
29ff23ba-941c-4960-a34c-2b31dd57a179,4,1593500,TR,2024-08-10
8de749d7-d40b-40ae-9f84-1071480c687a,5,2669320,TR,2024-08-10
b3a0181d-3816-4132-8e6b-b2d8d396e831,6,570,TR,2024-08-10
5a021234-b42a-415d-979a-d8e573a2420d,7,389430,TR,2024-08-10
3a759405-dcc5-4688-b0da-cb2d13bc9e04,8,413150,TR,2024-08-10
e87cea07-1c7c-46fd-b8a9-08ad7a1d5797,9,1245620,TR,2024-08-10
72cfd713-7c80-4a91-b616-1cd325e9d2e6,10,271590,TR,2024-08-10
4beae9c1-1ec9-454f-bdb3-68dbb2f07a74,11,5700,TR,2024-08-10
940b1caf-b511-4a7d-acea-bb21a0caafb1,12,582660,TR,2024-08-10
3b84fffb-7bd6-4818-b099-d065063e065c,13,2567870,TR,2024-08-10
595b1c98-9267-401b-be51-83c2fbf511ea,14,489830,TR,2024-08-10
c996480c-92b6-4e87-bf18-39823226371e,15,33369,TR,2024-08-10
1c978ac1-0cec-4247-b721-415d0a175254,16,782330,TR,2024-08-10
be7b7e5d-21d4-400c-a656-4a2dcf8319f8,17,236390,TR,2024-08-10
1eb74d70-89e4-4be8-beff-bd71be7e81dd,18,2751000,TR,2024-08-10
38524804-6f81-4f1c-b960-edfc25db4a82,19,2322010,TR,2024-08-10
6cc49e8b-bf04-4573-9ea7-ae5de62d00ac,20,1238840,TR,2024-08-10
9780c0c2-56da-48fe-abea-e2966d8e7327,21,252490,TR,2024-08-10
9ecc3bac-326d-4a50-a635-80e8551180f4,22,227300,TR,2024-08-10
dbb42bc8-a5a3-4835-8fb7-caf95f00c1b6,23,2074920,TR,2024-08-10
57a042b0-8757-41d1-832c-859e467a2f2b,24,1551360,TR,2024-08-10
1580d408-006a-4c07-ab20-ad2045d3d48e,25,15435,TR,2024-08-10
202e86a4-e251-43fc-8cc1-6e516aff6151,26,2358720,TR,2024-08-10
7a03e85d-f417-4205-b11c-d035ba00a3d9,27,1665460,TR,2024-08-10
c0601d84-6dc0-4b11-98ee-48f57c5eb4d4,28,2778580,TR,2024-08-10
30ca0e9e-459a-4a51-9583-71639c89eafa,29,440,TR,2024-08-10
25a0c754-8c87-4e75-a392-5397b3b9f8bc,30,377160,TR,2024-08-10
68bb0488-0c14-4623-95ce-227b50c3cf8c,31,1237970,TR,2024-08-10
5a57b742-738b-450e-a45b-3dc0e9f61f88,32,2344520,TR,2024-08-10
8803af4f-ecdd-43a6-a3af-00309d0ac86d,33,359550,TR,2024-08-10
4710b8aa-bb06-4782-9f47-58a4b78ef090,34,1716740,TR,2024-08-10
a6434b2d-51e2-4849-830d-e2434c1ada53,35,2933620,TR,2024-08-10
be1ad47a-2e36-4249-a57c-6c1411571aaa,36,33608,TR,2024-08-10
cc187b87-b126-49c6-aa7e-bdb6927e9b85,37,381210,TR,2024-08-10
99e52da4-bad7-409f-a87b-b8288414d367,38,2000950,TR,2024-08-10
3c1b3f86-3a24-46f2-b859-eb146565203b,39,1222670,TR,2024-08-10
8196f071-947a-48ad-ad00-0bc399c77e17,40,1086940,TR,2024-08-10
b399f679-5449-432a-98d3-9c3cb648d455,41,1172470,TR,2024-08-10
ff1ca467-bbee-41b3-beae-426047f3bba5,42,230410,TR,2024-08-10
d8365f1d-2535-4026-905b-f7b082a3b012,43,553850,TR,2024-08-10
0f5bacee-af3a-4bd0-9a1a-baee1b241f5a,44,2183900,TR,2024-08-10
b3bf2a85-d86d-4009-9bee-a8af9391957a,45,1316680,TR,2024-08-10
48d4090e-e195-4527-88ac-2730ccff9681,46,397540,TR,2024-08-10
bba9155e-3a1f-445f-a9a2-03499b3665dc,47,1151340,TR,2024-08-10
d8b19b09-ff4c-4f8c-ba02-2fe1460dddcf,48,2195250,TR,2024-08-10
053073d1-f3c5-4569-b37b-760f6ad928dc,49,2638370,TR,2024-08-10
da7d80da-1a8a-4f86-b940-d38eac3b8350,50,552990,TR,2024-08-10
78e083ff-aac5-47a7-9439-1c67c09ae3fc,51,2252570,TR,2024-08-10
c03a6b35-bafb-4931-9f6e-98fd58e89209,52,2878420,TR,2024-08-10
d29eece6-258b-4876-9513-8d645bbc2f9a,53,739630,TR,2024-08-10
82b956c7-4829-48e5-8ffd-7451e1ca89cc,54,379720,TR,2024-08-10
93e26525-35b8-4760-864d-0721cd6c52f7,55,1517290,TR,2024-08-10
13ed80d2-1912-4db2-a898-88a517411ed9,56,2139460,TR,2024-08-10
31ead98a-33ef-4733-9bb9-00564830a908,57,1289670,TR,2024-08-10
716d8635-f684-491b-833d-7c7946a36e42,58,94174,TR,2024-08-10
ccb5e55d-0266-44fc-aea9-37761a152208,59,1966720,TR,2024-08-10
198109f6-152b-4800-971b-5aebecb9aaf1,60,612880,TR,2024-08-10
356e50fe-35f5-4581-9b27-ed92f3c1d358,61,714210,TR,2024-08-10
9e60c68b-cf7a-4dbc-be91-018f2ee07e0b,62,1962660,TR,2024-08-10
6a84ab54-578a-40ce-8c62-39fc3319d9e0,63,238960,TR,2024-08-10
2ea46100-bd2d-4f7e-ac2f-4ba237546a8e,64,2215430,TR,2024-08-10
b2c1ca37-ef0e-4ab7-9760-5ad5e6c2a1c5,65,993090,TR,2024-08-10
a86e1db8-bdbf-4560-b40e-0c0de81a5ff2,66,431960,TR,2024-08-10
e81a12fb-1821-42ae-a013-2530093f4b23,67,1085660,TR,2024-08-10
9befb0ea-0117-4d5b-813c-ae5748b7530b,68,444200,TR,2024-08-10
f48ec824-2c44-43ec-9782-13b2eb4ad925,69,1943950,TR,2024-08-10
1a646d01-14b6-4434-8c0e-e84641f182de,70,261550,TR,2024-08-10
5e6687a1-c02a-4f78-bf42-220895f4c564,71,1846380,TR,2024-08-10
5840985f-cf34-4e8f-ad97-fe3ad585d7db,72,1091500,TR,2024-08-10
1a8faf83-afb1-4c4c-8607-9c48f6261188,73,2881650,TR,2024-08-10
3d15b36d-486f-4c04-92d5-a0aae0ac156a,74,1332010,TR,2024-08-10
33ad35c6-fdd5-4a09-ad14-e435a144e4d7,75,1119730,TR,2024-08-10
eac7b60f-1a3a-4847-8e97-e648c129357e,76,1326470,TR,2024-08-10
2d0ee71a-61fd-43e6-95e2-f3c1d130e471,77,1938090,TR,2024-08-10
1ba86a23-1b3e-4392-afd4-45388834b164,78,394360,TR,2024-08-10
d7219085-efd7-4c00-a753-f6cd3f4a8842,79,199943,TR,2024-08-10
7dc7a937-bf5a-4b42-a4ee-aa2a996603e1,80,236850,TR,2024-08-10
d128d99b-9185-47c6-ba85-a346f1a13bf0,81,1985810,TR,2024-08-10
ede405ac-a0a9-4a38-98b3-8d4974bd341a,82,1222700,TR,2024-08-10
4d6c4a5b-acf7-43c0-b374-cd43ef50248c,83,43205,TR,2024-08-10
33c45c1f-a824-4a9e-a769-0159e560a6bb,84,761890,TR,2024-08-10
5a5a7b7b-eba7-45d1-a845-afe72eccc1a0,85,39394,TR,2024-08-10
11073eaa-b08d-4723-8f6b-15163fcc4e69,86,2406770,TR,2024-08-10
ab57f4f9-52cb-4cfe-8faa-f7adb0c7f72e,87,35840,TR,2024-08-10
6614a05e-2727-46bf-bd75-e511bb13490e,88,39210,TR,2024-08-10
081d0eac-1a3e-43cc-bd4b-250b596c4a48,89,905370,TR,2024-08-10
bd0bb078-bf49-4af3-aa92-679e162c3f93,90,28407,TR,2024-08-10
b021cd9a-9242-4f6e-bb81-3624626f28b8,91,447040,TR,2024-08-10
abf40527-7944-4f13-9343-9587ba3b6329,92,201810,TR,2024-08-10
f7bb8236-63e1-4f7a-bd53-c7f5ce935a01,93,1172620,TR,2024-08-10
666b67b8-59d4-4e92-99cb-7f082ba5e72c,94,1238810,TR,2024-08-10
79075ad8-577d-4844-b683-2da6d5448c2b,95,27500,TR,2024-08-10
7c847a44-174e-4b01-88cf-5d5c3e2231c1,96,1599340,TR,2024-08-10
242a19e5-92e5-4b1c-b2fb-80019c5eea33,97,1449850,TR,2024-08-10
bd895084-f18c-40e0-a79e-6818548f59af,98,546560,TR,2024-08-10
234772f2-797c-4971-9776-d6b0542f5ae9,99,22380,TR,2024-08-10
89c7ec91-fcc8-4e11-8d8f-5ae07b8fd1fa,100,1274570,TR,2024-08-10
b2a44a3a-765c-4858-9c53-d015e87be6fb,1,1675200,GB,2024-08-10
1071150f-3f64-4760-9ad9-0df4fb5d88aa,2,730,GB,2024-08-10
55721caf-31a0-4c28-a566-604f6ac7a5ac,3,2183900,GB,2024-08-10
1c6c5826-f3a5-49f1-b25c-d969d6ddcdbf,4,397540,GB,2024-08-10
f4d34047-0156-4779-93d2-12909be96124,5,33369,GB,2024-08-10
62389dbf-8f01-4fde-96b3-59b42bcdf050,6,2933620,GB,2024-08-10
a2006f2a-d548-4402-81d9-2ba5123ab13f,7,1593500,GB,2024-08-10
c1799a59-e075-47d2-a696-905ad4048abc,8,2074920,GB,2024-08-10
db260937-e8ad-4a85-b1d9-ed42eca3d8c6,9,306130,GB,2024-08-10
0e86e99a-0e47-44b7-907f-c082a08e63a7,10,553850,GB,2024-08-10
3151d0e6-81e9-4387-a76d-ddd02cfcade7,11,236390,GB,2024-08-10
41bde545-c729-4ded-8f63-4cffaf5e7808,12,2638370,GB,2024-08-10
1007c202-9af1-4c64-b5f4-1f9e44728188,13,230410,GB,2024-08-10
cc638f9c-178a-4796-a8ab-53299135470f,14,2366980,GB,2024-08-10
1a856d76-35a0-4c1b-ab41-85170b95aff2,15,1222670,GB,2024-08-10
253318b6-497d-427e-9352-424b206db94e,16,377160,GB,2024-08-10
16d3c61b-5e31-4ded-b8b3-9d045f59ac6f,17,2139460,GB,2024-08-10
da380d7b-c0d5-4db3-b62d-39ef6500f72f,18,381210,GB,2024-08-10
26e9e5a8-7ee0-452b-ac02-52e77f75d629,19,1086940,GB,2024-08-10
c09acdca-3398-46c2-9b8e-dbea3cf57d1c,20,2400510,GB,2024-08-10
1b0d3c9f-08b7-452e-913e-2bc5368e2793,21,311210,GB,2024-08-10
3c89cc45-d191-4f1f-9987-4da3b65c0a9d,22,1245620,GB,2024-08-10
d92359b0-49c2-46f3-8472-e110cc68eb28,23,578080,GB,2024-08-10
52632e41-6b10-4e9e-a5a5-3385386bdfc0,24,252490,GB,2024-08-10
4c81276f-f345-4714-94a1-09f38446e683,25,39210,GB,2024-08-10
92850271-4e04-43d7-bc6d-58fe95c7bf00,26,489830,GB,2024-08-10
e420b6db-3df4-4afc-bc57-6e7bb68d98ad,27,49520,GB,2024-08-10
aeeee331-8c14-4b4e-8592-d2676eea7ecb,28,440,GB,2024-08-10
56a7917d-2281-404b-84eb-6dbdec5141ed,29,238960,GB,2024-08-10
94f00cb1-c8d6-49de-ae87-a8388e77c8da,30,38150,GB,2024-08-10
67e40667-7a23-4f15-833f-fd2ee5896a4d,31,1172470,GB,2024-08-10
2ec59307-1e73-459b-8294-363d15bc1430,32,199943,GB,2024-08-10
462ff8b7-ed1d-4063-adbb-60f8f088f69a,33,782330,GB,2024-08-10
75f5e9b2-cd38-449d-b323-275a931c0542,34,1085660,GB,2024-08-10
34b6574f-3ed9-4934-b958-85f44ec90ec8,35,2142790,GB,2024-08-10
99ed6b28-f6f3-4802-b566-51500bc2facf,36,5700,GB,2024-08-10
260d4046-7bdc-4990-9cf9-b7b100218746,37,1237970,GB,2024-08-10
aaec992c-c988-4388-802c-a0add9c8dd4f,38,1151340,GB,2024-08-10
15ddea85-6126-4301-8e13-b33acba128f4,39,271590,GB,2024-08-10
527f1fb1-d147-4af2-8829-f7aaf590ed9c,40,37745,GB,2024-08-10
46341c44-f065-4daf-944d-18cb74e4e011,41,2358720,GB,2024-08-10
fc21157b-c8cd-46a4-bb05-97d076244c7e,42,570,GB,2024-08-10
2cf57969-2fe6-4497-aa0c-ea40201eb596,43,413150,GB,2024-08-10
d610d808-4622-4141-9826-6f86d11ef812,44,2751000,GB,2024-08-10
65130fdd-ca6c-44a8-9032-1cd355ffbdb8,45,1286680,GB,2024-08-10
87b1548c-7792-4567-8249-c75b2ebfd905,46,1449850,GB,2024-08-10
89b930b5-e1a5-4819-bd9d-4567291e7f7b,47,2669320,GB,2024-08-10
916a0f08-5171-489e-a1d6-b3167a68233f,48,2567870,GB,2024-08-10
d374b3b5-b8b7-454c-b812-9e83e48f4e88,49,359550,GB,2024-08-10
fec34ebb-9167-45b4-b327-445384334b53,50,1716740,GB,2024-08-10
dba84c79-36ba-489f-89de-d855edc13b4f,51,2195250,GB,2024-08-10
eed7ef6f-6f3f-442b-a520-c21e83df7e2c,52,739630,GB,2024-08-10
ea28a71e-e8d1-431b-b864-f8eb6f8397d6,53,2396240,GB,2024-08-10
14f1e2ee-4aa3-45b0-b076-b0b430874fb5,54,546560,GB,2024-08-10
38c4cb35-9cbf-4290-9987-39e7e3b76e7c,55,261640,GB,2024-08-10
e7e801c7-24d7-4328-ab2d-9290b82893dc,56,2778580,GB,2024-08-10
95012c17-f990-454e-9572-ad5177ec26ff,57,30424,GB,2024-08-10
dc9ba1ad-4112-4c0b-be8c-63dad09314d0,58,427410,GB,2024-08-10
a482ffa2-edfd-49d1-abc7-905d2c65c834,59,15435,GB,2024-08-10
87a748a2-5dc9-4109-9f67-4135c033d780,60,1250410,GB,2024-08-10
c158899d-10ad-48c1-8a73-4c6978268354,61,202970,GB,2024-08-10
59504e8a-7227-4244-8d83-3070324eb82f,62,1059530,GB,2024-08-10
839321b0-a610-460c-a502-458a89a04597,63,227300,GB,2024-08-10
abed2e12-8dda-4740-aacc-5208edcbea3e,64,1659040,GB,2024-08-10
5ff40982-41d3-4525-bd40-4e90da998e98,65,1091500,GB,2024-08-10
53b8a335-9bc9-4895-8de3-c4574492123d,66,2280,GB,2024-08-10
bc36c5ec-eedb-4198-b893-4596861c5152,67,2344520,GB,2024-08-10
70aaeb15-51f0-4b38-965e-72f6da573634,68,1985810,GB,2024-08-10
74304551-a894-4d22-883e-914a38e3c895,69,1562430,GB,2024-08-10
3c6c4b2e-469c-400d-a137-1cb9039d8fa8,70,1286830,GB,2024-08-10
0a646b0f-61bb-482f-b073-0b19c3eab266,71,1717250,GB,2024-08-10
cf7b8a44-5683-45a6-ab4a-aec2a6ade4e2,72,2670630,GB,2024-08-10
0e4e6572-ddb6-48d2-b50b-cbc35054ee86,73,2357570,GB,2024-08-10
fdb86304-17a8-4d3d-98d5-38c7703244a8,74,15366,GB,2024-08-10
2b9a695b-cd69-4bfe-af9b-4a4f410a8fa0,75,444200,GB,2024-08-10
141cc639-615f-4f31-b8e8-90b033eb0b0f,76,1938090,GB,2024-08-10
fd204ec6-f3df-4363-a944-b8459eb3d9a7,77,2488620,GB,2024-08-10
b182be32-15e4-4a1c-a0fd-f00cf06b753c,78,1962663,GB,2024-08-10
b5ac4a3a-e48a-4715-8d31-08f85c3fe7cc,79,1599340,GB,2024-08-10
7f1b6bc1-7ca1-411b-8e22-98801c39926b,80,394360,GB,2024-08-10
ad2c9279-4db7-4fa3-8b10-36f06a4989ae,81,1172620,GB,2024-08-10
744f38c8-ae3f-4ff6-b038-85813b6c092c,82,2244470,GB,2024-08-10
f260cddc-9e52-480c-be39-bf391429be63,83,294100,GB,2024-08-10
9b759bf3-5572-4dfb-bca3-38fa86ed0f54,84,1790600,GB,2024-08-10
6de266b6-4c79-45d9-9655-3e064087e142,85,281990,GB,2024-08-10
3a6da3f3-5483-4870-8642-eebceb3dedce,86,1158310,GB,2024-08-10
7bce5b4a-7b4c-47d4-ab8b-6b25383ced6f,87,2337820,GB,2024-08-10
15e9e414-fb69-40cf-91a4-4b3f91fc073a,88,1149460,GB,2024-08-10
f5fb8b45-e111-4c22-848c-9a419d427c56,89,2252570,GB,2024-08-10
03d7125e-710d-4f04-a928-76b180c0be6f,90,2138330,GB,2024-08-10
d7f0672c-2cd3-4967-9521-defcd40e7d3c,91,2379780,GB,2024-08-10
0687cf50-6e82-4545-90ff-71066dce20a7,92,22380,GB,2024-08-10
57c4d5af-b782-4c8c-b97e-04067b9e6c10,93,2315690,GB,2024-08-10
22c9928a-ea38-4d63-846c-1b61e6f697a0,94,612880,GB,2024-08-10
093bd455-8d57-4faf-9926-96577812a2a4,95,1454970,GB,2024-08-10
9a8af3dc-c81d-463d-bd70-b61d84feb4c6,96,1696780,GB,2024-08-10
59e4c5d2-76c1-49b6-836d-585eed2626c4,97,1144200,GB,2024-08-10
73d938d7-e4b8-45f3-8f18-aa1430b53ef8,98,2396980,GB,2024-08-10
e2baf3d9-675a-46c8-9705-7cb53c5d26e6,99,1629520,GB,2024-08-10
0f31d711-6692-43af-98c8-5a38d130d418,100,2362300,GB,2024-08-10
59c20403-39db-475a-83f7-a7daab63862d,1,1675200,NL,2024-08-10
07394e54-0aea-4952-92dc-f5bca886e7d6,2,1593500,NL,2024-08-10
013e6281-e973-4254-bf2f-a5951813a563,3,397540,NL,2024-08-10
fb5d0a63-6491-40d0-8f24-12b0edf616ca,4,33369,NL,2024-08-10
0b85e6fe-7db9-462a-9a7e-40efb0725ec3,5,2933620,NL,2024-08-10
64efccc0-4305-435f-9486-59d5d9a3f79c,6,306130,NL,2024-08-10
74449ec4-a7db-4ee3-8466-31a357014239,7,2074920,NL,2024-08-10
29bac5bc-4fbd-4eab-b32f-42689b33d720,8,1245620,NL,2024-08-10
d10271d0-b3c4-4dfa-94c0-b34874344483,9,236390,NL,2024-08-10
7db7220e-5472-4112-a90b-ecd277a69e2c,10,230410,NL,2024-08-10
9bd97940-b54b-4dda-9de8-548117f8de4a,11,553850,NL,2024-08-10
d1cd5448-7776-470e-ac01-048f3790347d,12,5700,NL,2024-08-10
be75369f-e529-4910-be54-ff0e1d6b7f28,13,1222670,NL,2024-08-10
1bcd1675-9360-4516-af22-4bba840f3bfa,14,15435,NL,2024-08-10
83eadc2c-4a5c-43c1-8de8-eceb71905f82,15,271590,NL,2024-08-10
16e667cf-a188-4ca4-83aa-231058e0f1ec,16,39210,NL,2024-08-10
f1ac2c84-865a-4bcc-be04-294a311443a5,17,489830,NL,2024-08-10
ea58bb18-ac95-4174-8ab8-4c7a55cc2394,18,2183900,NL,2024-08-10
ab13d707-44be-47d0-b56e-0bda7b260efc,19,2751000,NL,2024-08-10
bc311709-28fe-4455-89d9-65d8031e9356,20,377160,NL,2024-08-10
46872689-c0a8-48e0-b091-1b5ff896994f,21,252490,NL,2024-08-10
9ff13a06-7ca8-4797-b565-52c455f08659,22,32110,NL,2024-08-10
c24a79bf-6ed7-45e5-b559-85654e2bf457,23,1086940,NL,2024-08-10
2f2a5a1e-2925-421a-8e4d-a75709e3d8f3,24,2638370,NL,2024-08-10
3d74f379-d892-47d4-9399-4615fb12ee10,25,2195250,NL,2024-08-10
09b77c05-1e85-43ae-9ee3-73538ba77322,26,782330,NL,2024-08-10
560c4122-2b78-439f-9d48-ff768caaaf89,27,238960,NL,2024-08-10
a51faf3a-e415-468e-acb5-d06866a590b8,28,18803,NL,2024-08-10
c48fbf52-d226-4bcc-9d84-98d8484b6608,29,1151340,NL,2024-08-10
c7657315-8b29-4c10-adb2-3d416d3fd8e2,30,227300,NL,2024-08-10
df9327ea-55db-4cda-9e21-e6465623cbcc,31,2400510,NL,2024-08-10
7acd84b4-40a1-45f9-80b6-d6589af32ad2,32,30424,NL,2024-08-10
c2970685-2dff-4017-9cc9-6938af9ad20f,33,12218,NL,2024-08-10
fa417d64-de36-44ee-b375-f65054d76a3b,34,2669320,NL,2024-08-10
51f67993-b9c0-4ebc-85f8-af0f4763b715,35,37745,NL,2024-08-10
43cd9050-9756-46c1-908e-105b511726d9,36,1716740,NL,2024-08-10
d9a62fda-f031-499d-af50-26aedeb8fe82,37,49520,NL,2024-08-10
9ebc5875-1f32-4de9-b0ac-7a78d79ed2c1,38,2567870,NL,2024-08-10
b2490932-190c-40c3-ab9c-682080b1f952,39,570,NL,2024-08-10
1bfe7036-bd46-4ffb-bc0c-7418bdaa9506,40,1237970,NL,2024-08-10
78a6b2b3-dff0-4d85-8fd1-0ae17b9546ce,41,2139460,NL,2024-08-10
326cb4f4-2e3c-4c10-bd40-eaffd833a30c,42,739630,NL,2024-08-10
3da2447d-1d43-498e-84c2-016d1784ccec,43,311210,NL,2024-08-10
f911f310-6914-4851-9af7-208ee7303214,44,381210,NL,2024-08-10
9acb9af2-b872-4cb0-ae19-2618a4e062d0,45,2778580,NL,2024-08-10
5f06a664-44bc-4230-a901-c0fd886e0d1f,46,2142790,NL,2024-08-10
9149f999-5fbd-44b8-8139-07c3b95a5ece,47,2362300,NL,2024-08-10
dd828841-1ed6-4ecf-a96e-4fb4c0c6511a,48,1449850,NL,2024-08-10
c4ff5abe-b8aa-4580-b0f8-86c08c7d1408,49,199943,NL,2024-08-10
ab4c27e6-3dfd-4ed6-a709-85ea7ac7be65,50,1085660,NL,2024-08-10
384ea547-0788-4651-9c1e-4b55be04b879,51,1172470,NL,2024-08-10
5423def7-88d4-4f9e-bc44-5095f170ccb9,52,2358720,NL,2024-08-10
e40289e0-d388-4b99-a766-c7e8fd71ae0e,53,1599340,NL,2024-08-10
fa9e4244-4060-42a0-96fa-e51f0dbb26f3,54,413150,NL,2024-08-10
57a41b70-5185-4e68-b650-88a7a3bdaca8,55,1172620,NL,2024-08-10
9c0050c8-3d27-42fe-a85b-ef66f21787bf,56,2488620,NL,2024-08-10
ecd35c25-da78-4a4f-aed3-2eac69491381,57,2396240,NL,2024-08-10
b90a3b77-3744-479a-a0c4-b69e8cc3169f,58,1286680,NL,2024-08-10
07946220-fc81-45e1-8f71-925799e6be81,59,546560,NL,2024-08-10
b24555f1-901a-485f-bd8a-ae58472a0de2,60,2344520,NL,2024-08-10
bae516d0-29f8-441a-8f23-b063d99d4aba,61,2662170,NL,2024-08-10
566dacae-3776-4b4f-8b22-01ceb4aa4926,62,38150,NL,2024-08-10
5cf6a4c9-c909-4c36-bb4a-b12ee7f01e09,63,1629520,NL,2024-08-10
ace156d2-125d-450b-9cb1-143e9241f025,64,2215430,NL,2024-08-10
28ef48de-445f-43cc-b2a6-18843173c173,65,1717250,NL,2024-08-10
4d64c328-e5a0-4e69-9830-84a122c65b07,66,2591280,NL,2024-08-10
890b4546-1605-40d2-96e1-07345249ff98,67,3782,NL,2024-08-10
5eded4da-bb91-4dc3-baec-f7829023138a,68,2244470,NL,2024-08-10
e30bd884-98d2-406e-a43e-3c9bdef91b93,69,2305840,NL,2024-08-10
19393e21-486c-4401-b7ef-bada0b4af16b,70,1562430,NL,2024-08-10
bd984117-4572-4622-88dc-021d4ef77111,71,261640,NL,2024-08-10
ff042d37-a4a8-42f8-adf4-c775fe78ce7a,72,703080,NL,2024-08-10
6a7bcaa6-e2c7-48b1-a34e-19da389415bb,73,949230,NL,2024-08-10
65cf8cfc-2084-4ba6-89c2-da48e2c56fa4,74,2280,NL,2024-08-10
95400aad-bcbc-402a-b668-0f9e235463b3,75,359550,NL,2024-08-10
11c60442-36eb-485c-bb5b-151b7f2389fa,76,39394,NL,2024-08-10
b839e080-e70a-48a6-8361-7f5c0bbc539e,77,1158310,NL,2024-08-10
1a43d5fa-d92c-4dd1-9b7f-bc815d8238e6,78,33625,NL,2024-08-10
fd893f2a-5d0c-45f7-8f98-444eb736c0a6,79,1696780,NL,2024-08-10
543522ed-3f5c-4595-8340-7b807dcb87b4,80,1962663,NL,2024-08-10
fd876106-9048-43d5-be9f-a6d11fd67581,81,26881,NL,2024-08-10
6636642b-00df-4365-a071-2072aec5ca75,82,37154,NL,2024-08-10
f6c48e74-5e09-42fe-a70a-daa2ae49f5f2,83,578080,NL,2024-08-10
cdcb216a-47c2-4a2b-ad23-0279890baba8,84,1177980,NL,2024-08-10
0bbc95ee-10a4-475a-a62b-81f1354f0464,85,730,NL,2024-08-10
a6fd5527-9d67-4708-8d5d-2486a29061e3,86,2141910,NL,2024-08-10
01c4414c-c622-447d-a053-65c5da72b0ea,87,1091500,NL,2024-08-10
107b1764-8b29-48b8-bfa4-e8bbeeae2a9c,88,33022,NL,2024-08-10
10793384-4954-4f1c-977f-206ab59a6213,89,1286830,NL,2024-08-10
98cbcc5c-53ef-47b5-9d2b-875b48c13c42,90,380600,NL,2024-08-10
ea9c590f-23b8-48db-8e20-d9371f2c107f,91,582660,NL,2024-08-10
b9554c37-6c0a-4295-be3d-2fc6ecc8a7e7,92,2670630,NL,2024-08-10
b735ca8e-c249-438f-9680-3fdd517e3387,93,1250410,NL,2024-08-10
e38caf9a-686d-4699-9e3f-9a4c3f4b19bf,94,2379780,NL,2024-08-10
fe1c314c-c042-402f-9563-004985ca9577,95,2399830,NL,2024-08-10
95448d03-dc2a-49d9-844c-0197d7dc99f1,96,612880,NL,2024-08-10
66a73327-304b-487a-9a2f-1ffa9d6dff54,97,1659040,NL,2024-08-10
51e2f888-21e2-4dbf-9861-bc7394988f73,98,1326470,NL,2024-08-10
ed030160-f461-4f1a-8a70-390cd307be04,99,201810,NL,2024-08-10
485d32af-264e-4f97-b456-5d25cae8dd38,100,394360,NL,2024-08-10
e8230558-9a27-4285-9b1f-7e768356e9a0,1,730,SE,2024-08-10
b3641c59-67b4-4a93-b640-19d47b5d336d,2,1675200,SE,2024-08-10
c889c32c-8aa2-46c1-900e-d30bc11889ae,3,238960,SE,2024-08-10
aa48c0e8-ea19-450c-8aa2-4b462a10bea5,4,1593500,SE,2024-08-10
5a7cb326-0fce-44d7-925f-ee84bc87d9b2,5,33369,SE,2024-08-10
ea51b663-937b-485d-a599-3afcf10eda33,6,578080,SE,2024-08-10
dbd74761-136c-4240-ad71-364e2fb9fd7d,7,236390,SE,2024-08-10
d913168b-238e-4441-9cb9-784c96d93ff4,8,553850,SE,2024-08-10
b8e74345-b2fd-4125-aa13-65bae7cb3a36,9,1245620,SE,2024-08-10
bfd89fbc-3a75-43b9-8289-c1be777ccf0a,10,2933620,SE,2024-08-10
12d92c2b-2458-40a9-842c-37284031e0fb,11,570,SE,2024-08-10
dbbe58f1-3876-407d-89fa-6b5a5afd63d3,12,397540,SE,2024-08-10
dbae249a-d3d5-43a9-9e6d-2c503a588d13,13,252490,SE,2024-08-10
a57c78c0-0b64-46f4-bc92-b4f7de1880be,14,2074920,SE,2024-08-10
e7708036-b634-4035-a66e-3c78bb0a028c,15,1222670,SE,2024-08-10
815df232-030f-4dc1-bd46-0512f6e0b4d2,16,15435,SE,2024-08-10
3e3153a0-db3f-4944-a362-f0601509bcb8,17,306130,SE,2024-08-10
1ddc81c6-b461-41d6-bfbd-0535b1b97043,18,1172470,SE,2024-08-10
7c5eb540-3704-4e93-bdd4-a868f4a936b1,19,2183900,SE,2024-08-10
38049eec-e108-4174-a076-6adb6ac906bc,20,1086940,SE,2024-08-10
6af9638a-7ece-49f4-a8e0-451cd96a8321,21,271590,SE,2024-08-10
c2cff927-7ee6-4b2c-9350-477f5f4b7430,22,2778580,SE,2024-08-10
95fbe59d-348c-4470-9ae2-a0a6a1c25d71,23,2567870,SE,2024-08-10
2fd75099-8018-4eab-b190-96947bf0904e,24,2669320,SE,2024-08-10
691d0c86-da53-4537-b8c5-9a694a5aacba,25,2139460,SE,2024-08-10
1750785b-ff24-422f-9544-12bd8a23f78b,26,230410,SE,2024-08-10
3c4d5c2a-46b3-455f-b096-73b28e0ebd64,27,13014,SE,2024-08-10
f76ec528-ebd4-42b4-a29c-e2ca63894a14,28,377160,SE,2024-08-10
5991842a-f0d3-4f0b-afef-9117ce74b16d,29,30424,SE,2024-08-10
88db8239-3320-43b4-bb51-fab6caaf5cec,30,782330,SE,2024-08-10
1357bdb7-b9d4-4f4f-bf0d-acde1756b73f,31,1151340,SE,2024-08-10
a9e6dd00-c544-4b2a-855e-3173ae68a443,32,489830,SE,2024-08-10
ee598277-eb3c-4b66-9780-cb4af0d5b689,33,39210,SE,2024-08-10
1ac94f11-0624-4f2a-ab73-6d960fcb072a,34,5700,SE,2024-08-10
76e950c5-29a5-463e-a4d7-a0f746df2254,35,2396240,SE,2024-08-10
3229103c-1d95-4853-baf3-989b65dbee71,36,1085660,SE,2024-08-10
6b48b11c-602f-4ef2-b039-9f402f609bfd,37,38150,SE,2024-08-10
41548f81-5dbb-460c-9baa-d5fa2bd5d9b7,38,2638370,SE,2024-08-10
64848238-6a37-4181-bf92-8872f4330355,39,1232580,SE,2024-08-10
e5c9f543-8b27-4de1-8295-843e6b82a10d,40,582660,SE,2024-08-10
18d987c6-06b6-436b-9ca4-f1c600f64eae,41,38036,SE,2024-08-10
9fb8ed97-1cb8-4959-a2a2-821bcdab7c9b,42,2751000,SE,2024-08-10
567ddfe7-ba75-403c-a307-808e092a6b14,43,1716740,SE,2024-08-10
7495d9df-50a4-4f7f-ad2e-14f64530e9dc,44,440,SE,2024-08-10
defb5a10-1e30-4a90-b64a-340716ab24bd,45,359550,SE,2024-08-10
61c2fb01-a562-465c-ac4a-3334df45daa7,46,199943,SE,2024-08-10
215715f4-4a5c-4eb0-a6b8-aa51bece61b5,47,1237970,SE,2024-08-10
f5c4e962-b3c8-4732-af17-410e9639701c,48,381210,SE,2024-08-10
52e1a48c-2bca-4000-858f-141b844e2ac0,49,739630,SE,2024-08-10
3d3bcc57-e89f-471e-a161-dcdc918e07eb,50,2400510,SE,2024-08-10
060d5fa7-0cbc-45a7-aafc-b51b157170ff,51,2358720,SE,2024-08-10
18387e20-d7e2-4ebf-89e6-cc16808f5329,52,1286680,SE,2024-08-10
ec2df3b2-1b6b-48f5-ae45-99afcded24fe,53,2142790,SE,2024-08-10
34f4f74b-f0b5-4a54-9380-9cfc848087e5,54,49520,SE,2024-08-10
2e926950-80bd-476d-ab7e-32dbf2e5d9b2,55,354231,SE,2024-08-10
516b5994-e48c-4560-8181-14d07f4cefe0,56,1158310,SE,2024-08-10
8668d23e-7c4b-4a1a-a25d-79e0c6a53fb2,57,1091500,SE,2024-08-10
3038e0fb-226a-440f-a5cf-5d76f3f9ef89,58,2344520,SE,2024-08-10
8731d742-01e1-45f8-a459-ed2337f449ac,59,216150,SE,2024-08-10
c0a33834-d2ac-4518-bac8-df337e905417,60,1326470,SE,2024-08-10
3d0bf4fe-48bb-43c7-a27b-d097d9802ecf,61,2195250,SE,2024-08-10
79e5335f-5fd2-4a07-814c-0570f34636bf,62,12695,SE,2024-08-10
94ad5c16-64e1-4209-9e2a-da00a8703eef,63,1059530,SE,2024-08-10
d445d617-b304-44bb-9b77-9a40ef8859d4,64,427410,SE,2024-08-10
e7dfdf55-7ad7-45aa-a00a-9f39514acce1,65,394360,SE,2024-08-10
d48f6205-ce60-4a55-a271-cb9f9b2f6eba,66,37745,SE,2024-08-10
b1070024-5417-4dbc-85d0-478c30df045e,67,311210,SE,2024-08-10
45545d89-29af-4e8e-9d8b-f0e100a940a3,68,1599340,SE,2024-08-10
90aa956c-79ae-4333-a1c0-7b5dd9e28b1f,69,413150,SE,2024-08-10
c492e240-9d9b-4468-9119-b4aa30326ef4,70,1144200,SE,2024-08-10
e1d2d8ad-b539-496d-aa9f-e0102b3544e6,71,548430,SE,2024-08-10
153ea5aa-ee54-4234-997a-8147742191d3,72,227300,SE,2024-08-10
5fb4509c-924b-4955-8764-27e094fa2258,73,1174180,SE,2024-08-10
a4af294d-4634-4ac9-8836-704256b167af,74,2215430,SE,2024-08-10
8af24bfb-bbb7-4c7f-abdb-f6519a272571,75,2280,SE,2024-08-10
e57bd025-be2b-4ec6-96e8-c54959326805,76,1332010,SE,2024-08-10
625955ac-0c7b-475d-a710-c0f356ecbca0,77,1562430,SE,2024-08-10
1360380b-e233-4bee-ad57-8c00227c724c,78,236850,SE,2024-08-10
467a4a45-e2e7-48a8-b8e5-6eb50bc9210f,79,380600,SE,2024-08-10
76c13565-b0b0-4d6c-8664-a2f8d7eac697,80,284160,SE,2024-08-10
4a453b3d-6b66-4455-bf30-909a47edec37,81,546560,SE,2024-08-10
8ea8ffee-9461-4935-9810-5ed611d2feca,82,1643310,SE,2024-08-10
f3c2d34b-5495-4222-a2c0-288777d54ff1,83,2138330,SE,2024-08-10
cab42f7a-a2c3-4f8f-b7bf-a2c2957a096f,84,1808680,SE,2024-08-10
9b686d06-0291-44be-a08d-e4d6d49fecfa,85,88801,SE,2024-08-10
29c82991-5493-43da-b4b4-9a0bbcf80c0f,86,2366980,SE,2024-08-10
f1187a58-4bdd-485d-ae65-058e95eb80e3,87,1962663,SE,2024-08-10
576ca770-b8be-4c95-895f-cc454baacf6e,88,27500,SE,2024-08-10
c6f32839-54de-4555-8379-ec68e4368288,89,1774580,SE,2024-08-10
ebd93001-9033-4c17-86fc-838d20ac504f,90,1363080,SE,2024-08-10
2250287c-34c8-4b60-81b6-02981d713241,91,1517290,SE,2024-08-10
ef6de865-4bb7-4e56-a062-7a837e0202e9,92,494840,SE,2024-08-10
628aa4bb-9ddd-46f4-9747-89d5ce4d3886,93,10991,SE,2024-08-10
32a03ab9-d989-49ff-97be-572d469fbf1b,94,1142710,SE,2024-08-10
1380eb92-d685-4404-93dc-34f67ec0b969,95,1172620,SE,2024-08-10
b8ebde35-d02d-40dd-83c7-6dbdecf7af3f,96,39964,SE,2024-08-10
840b0ab5-9c01-4d66-b9ae-b39e5a1f771b,97,518790,SE,2024-08-10
f360f644-1ca8-4622-a97a-e3e3c70aa08d,98,2362300,SE,2024-08-10
4557b59c-c6e1-406a-9710-5ba8f44e50a8,99,1717250,SE,2024-08-10
e18ef241-2a6c-45f7-b5c7-8d83f06ddd5a,100,261640,SE,2024-08-10
28adef7c-3ba8-47ee-bb10-4b0d14ecca10,1,730,DE,2024-08-10
d18f25c1-e548-4cb5-88ea-d17282451e57,2,1675200,DE,2024-08-10
c4aaf0cf-1bee-486b-8be8-4b348c12b6dd,3,2074920,DE,2024-08-10
0d8d36a5-2a41-49e7-bea9-c5d1e8171952,4,1593500,DE,2024-08-10
6f146ea5-8895-46eb-9232-ed70fa2e43d9,5,306130,DE,2024-08-10
a12de8d5-0ab3-4708-afc3-4fd2529413ac,6,33369,DE,2024-08-10
22c15a13-6127-42a5-84de-eb3a8af6631c,7,236390,DE,2024-08-10
73abdaf5-75cf-43c9-9d16-b860880510ae,8,354231,DE,2024-08-10
e82b901e-405c-4ada-869d-d2ed0188f40e,9,578080,DE,2024-08-10
bb57683a-a592-4197-9560-9cda5831f3dd,10,1857090,DE,2024-08-10
3ac3d263-9cf1-4708-b338-3ebb8ab88ab7,11,2933620,DE,2024-08-10
273f2600-608c-4a94-a51b-f08ef3c97b09,12,238960,DE,2024-08-10
8dd21ebb-f05f-4aca-a652-84144b1b7ae1,13,397540,DE,2024-08-10
acb6501f-fdcc-4646-8861-27c5b84ff777,14,2362300,DE,2024-08-10
e5004519-978e-47f1-86ae-d0d86d18ae12,15,553850,DE,2024-08-10
5692a15d-ae4b-4ad5-88ef-04400fa74c6e,16,2139460,DE,2024-08-10
83364142-c4a3-40b1-88d5-66aa31c5414d,17,1222670,DE,2024-08-10
727cd5af-54ed-4add-8a28-3d9ab675c766,18,2183900,DE,2024-08-10
ec2464a0-4611-474d-b0bb-7eb28a6dd47a,19,2662170,DE,2024-08-10
f99ec9db-0a65-4861-ab76-37d73a45115e,20,1449850,DE,2024-08-10
6fcc7954-4535-4c92-b9e9-01d06d9e76e9,21,15435,DE,2024-08-10
b00d39f8-c77e-44a9-ae93-93e26437eef2,22,1245620,DE,2024-08-10
08f44251-8836-489b-817c-b5696d4c42fb,23,381210,DE,2024-08-10
a314fba5-8a8c-4882-8778-85503a1ec12b,24,1599340,DE,2024-08-10
e3568750-88e9-4806-a3ea-09746d3f8479,25,39210,DE,2024-08-10
270518e9-3d13-4687-b06f-d623f6f7eac6,26,2567870,DE,2024-08-10
cf65a3f6-8b18-4405-939a-ddcf57312671,27,230410,DE,2024-08-10
87a7aafe-f618-475a-b476-4d18516f61cb,28,2142790,DE,2024-08-10
6f74d852-6c33-40fc-8bba-3fd4f80a3b42,29,38150,DE,2024-08-10
3ebe80fb-f870-457c-8d67-f0c7a3770f70,30,1086940,DE,2024-08-10
ed502c5e-e13b-43eb-bf56-fc52ef10e792,31,377160,DE,2024-08-10
4808a755-373e-4fb6-945d-87e706d620f4,32,1151340,DE,2024-08-10
0a4549cd-3c41-44af-9c2e-fa44616fb221,33,1237970,DE,2024-08-10
9232133a-32ac-44f7-a9e0-07e919d9316b,34,782330,DE,2024-08-10
4210ac7a-db07-4fd3-a0e4-c5fe7a47c719,35,1717250,DE,2024-08-10
0ebdcfc4-39c5-44c4-8ed3-d00e538dae15,36,570,DE,2024-08-10
e5f1a942-4373-4f7d-9745-13e4c09153f3,37,271590,DE,2024-08-10
21d31be3-de95-418e-896f-cea738bffd89,38,2669320,DE,2024-08-10
8c46aacf-8f09-4fa3-a842-1bd8c542e5f0,39,252490,DE,2024-08-10
dd02ef06-7478-4691-94da-cb28060f0f77,40,2751000,DE,2024-08-10
7e4850d8-95bc-4720-a9b5-fd4d384cd623,41,199943,DE,2024-08-10
2d570b86-8bef-4b03-a762-cb62f7730ec9,42,2638370,DE,2024-08-10
1efd537a-f639-4bbd-bb3e-2459b7e7164a,43,489830,DE,2024-08-10
7c613a6e-51d6-4844-8a30-c6ea11319be0,44,494840,DE,2024-08-10
aeca2a01-e525-41df-8620-5b9d1b2102f5,45,1286680,DE,2024-08-10
7a9f4369-15f9-47f6-88f0-8b0e3a7fff3c,46,1172470,DE,2024-08-10
98e35c4e-f8d1-4334-b0a7-37819c7ec666,47,1716740,DE,2024-08-10
642b34de-3aeb-4551-9f67-f006bb39be9d,48,2344520,DE,2024-08-10
c4d5add5-03a1-436d-83f1-80a22b6bd0f6,49,5700,DE,2024-08-10
d6f28f1c-ca38-434d-a297-9c18a7120b63,50,1085660,DE,2024-08-10
1e782346-0f4b-4453-a8db-a21067c488f7,51,227300,DE,2024-08-10
fb8ef38f-2566-4f25-9c4d-2ea23e2f47e2,52,2358720,DE,2024-08-10
62a00886-78d8-4f6f-b2fc-57b41d7380a9,53,552990,DE,2024-08-10
a132c1fe-c5f6-42a8-ad0f-9954b2990355,54,582660,DE,2024-08-10
9177156c-1e2e-4dbd-8a60-e5f1b6b07371,55,2396240,DE,2024-08-10
283dcaaf-2da6-41ef-9e48-06ee1c021daa,56,2778580,DE,2024-08-10
0bd0b1e1-2207-4923-9ffb-b3c6c595566d,57,1149460,DE,2024-08-10
cca4a0e3-5c52-4f80-b136-21d1d1e10d75,58,444200,DE,2024-08-10
30226bf9-6de5-4e93-9e8d-5171f31dce43,59,49520,DE,2024-08-10
097dc658-8f5c-4782-93f7-94146c0d3e03,60,311210,DE,2024-08-10
c935cb15-71c6-4ed1-8bdd-1748be41665a,61,784150,DE,2024-08-10
d2eeee70-046a-41cb-ae56-44719cc87e28,62,30424,DE,2024-08-10
e509d1d3-2876-4749-abf8-7548c0193389,63,1643310,DE,2024-08-10
e8cf903b-51cd-403a-8a4f-7d336d058589,64,2300320,DE,2024-08-10
bf07392e-066a-458b-b2a5-2eac203ca817,65,413150,DE,2024-08-10
2f9ca93d-a6c3-4ea0-90cf-00a6854d27a4,66,15366,DE,2024-08-10
858d968c-c2b6-49e4-b4f3-59bc00138e0f,67,739630,DE,2024-08-10
13ef00bc-d939-4310-9abd-2f6be7b2484b,68,2195250,DE,2024-08-10
51df0058-108a-417e-a678-3889781e316a,69,546560,DE,2024-08-10
99484556-9ea0-43f6-940c-09f43068c20a,70,1326470,DE,2024-08-10
98014eff-68c8-444a-9496-6edefce77b1b,71,359550,DE,2024-08-10
772b163f-5bd5-4dad-bf4f-4bdc1622bdd5,72,38285,DE,2024-08-10
5ec3705a-99c4-4c77-b283-42faa209802a,73,2400510,DE,2024-08-10
b4e0931f-b8e8-44d7-969b-25be3b3028d5,74,1059530,DE,2024-08-10
b695991b-ab05-4816-9b8e-fdff364308de,75,1203620,DE,2024-08-10
a86c4d67-c126-4618-a62a-7db3049793a9,76,2215430,DE,2024-08-10
a081a847-ad6e-429e-be36-9938656c0c0a,77,2305840,DE,2024-08-10
d67e776f-828f-4c6a-8b4a-a8163d5858f4,78,1232580,DE,2024-08-10
62abec87-9c74-4cae-993d-c4ccd42ee8df,79,1172620,DE,2024-08-10
b30226e8-c49c-4da8-838b-564f7416364f,80,2280,DE,2024-08-10
477bdb20-65c3-49e0-83a7-525ad28861ca,81,1962663,DE,2024-08-10
80704a02-3b51-4a4d-a6b3-0ae47d056e15,82,1017180,DE,2024-08-10
d8c665d6-35fb-408e-83c2-6bfb3225dad7,83,612880,DE,2024-08-10
652a0e39-bf96-4917-af98-d46aa0afe972,84,62722,DE,2024-08-10
03dcf0cf-a93e-4e23-8278-26e19736f9d2,85,2964020,DE,2024-08-10
61efeff8-7645-48e5-8c54-6fc72eb5f717,86,202970,DE,2024-08-10
3a986c65-5bb3-48ac-a502-07e29f22ed63,87,1091500,DE,2024-08-10
80d9d9a1-1e01-45ac-b05a-015a7a2eb616,88,39394,DE,2024-08-10
2765a647-0fa8-4be9-b289-86efa4fc1339,89,2426960,DE,2024-08-10
7226efe5-7dab-4146-9bb6-036f7e2cc6ab,90,440,DE,2024-08-10
76a3d3d1-189e-490e-b8bd-673ef82fc28a,91,1248130,DE,2024-08-10
bd7340d2-d704-48da-9a92-c8f50ad652d5,92,2244470,DE,2024-08-10
c8d1050c-ab9a-4051-af6e-3f30703f3a40,93,983380,DE,2024-08-10
8ae83f5e-03f8-4cad-81d9-c87ef1519b7b,94,1938090,DE,2024-08-10
95c635fa-b45c-4a3d-9231-14d4711d7e6b,95,1144200,DE,2024-08-10
b96360d2-9340-434e-bcd7-ebc114859818,96,1985810,DE,2024-08-10
c8182e03-14a0-47e5-8520-4aab99bae77c,97,1158310,DE,2024-08-10
f9052e47-fa4a-49e9-8ff6-9da4718f131a,98,1407200,DE,2024-08-10
fc6f1678-7431-4919-971f-edac5ee91ab5,99,201810,DE,2024-08-10
074b5492-3ce8-4a03-886b-72885499bc28,100,2141910,DE,2024-08-10
061de130-1205-4a8d-8011-c461fd5f8d0b,1,730,NO,2024-08-10
af95e460-d7b1-4f17-ad50-e02abfd0464a,2,578080,NO,2024-08-10
0f415e6d-d384-4ab8-99d5-c55ad9368990,3,236390,NO,2024-08-10
5439be0a-d95a-46b2-8467-a41fbc9bbfc9,4,2933620,NO,2024-08-10
371cf19b-4736-4acb-9405-33492384bd95,5,33369,NO,2024-08-10
d5057aaf-d87a-46d7-9c87-33327a1efcc1,6,2183900,NO,2024-08-10
6b1a4f66-c661-478d-8885-4ac4442e412e,7,1593500,NO,2024-08-10
36b970b7-b697-49a4-a98c-1afb8b1d9916,8,1172470,NO,2024-08-10
6497b8fb-7fac-4007-924c-1a3648fcb7ae,9,553850,NO,2024-08-10
7cc81b01-ca66-4a5e-9f4f-229b7b87d899,10,582660,NO,2024-08-10
749d1472-0697-4fee-b505-63849db0344f,11,2074920,NO,2024-08-10
f37c39b8-c506-4a2e-a5c4-6a5a889c7d35,12,1245620,NO,2024-08-10
7d0c8b19-4b76-4aad-8431-48335b77381e,13,238960,NO,2024-08-10
5e856e0a-eaa1-42c9-b0c8-ba9a8dad32c8,14,252490,NO,2024-08-10
990d5ddd-d4aa-4e60-95cc-cd68140a31b4,15,3782,NO,2024-08-10
2431bd44-45cc-4a06-b1b1-6eef03025983,16,306130,NO,2024-08-10
6b9cb86f-0033-4118-a97d-55c49954f6a2,17,2139460,NO,2024-08-10
14281b7b-f142-4018-b628-5144f16bdd80,18,397540,NO,2024-08-10
6d11f45c-55cf-412e-b08b-056d7dbb2b0d,19,1222670,NO,2024-08-10
118148e0-5ede-4167-b82a-f02c40b01fa5,20,1085660,NO,2024-08-10
7725a473-c24a-4988-be40-a952e3a58587,21,230410,NO,2024-08-10
70524667-fdaa-4af9-9209-90392284cec9,22,271590,NO,2024-08-10
4ed0999e-d9cc-4cd2-8468-330a3004ae89,23,2669320,NO,2024-08-10
38e8fedd-503c-49a1-aa01-03c7517d30fb,24,18725,NO,2024-08-10
aca99ce4-4ae1-4000-bf20-1e42ca0ffee5,25,39210,NO,2024-08-10
7cd5a5e1-0bf6-414e-b282-dade502d2620,26,2215430,NO,2024-08-10
be8ee68e-3cf5-4365-a608-382fda01fe12,27,2358720,NO,2024-08-10
07e5b24a-f8ea-4bb3-b3b2-52cf9bb96db4,28,1086940,NO,2024-08-10
0293a74f-22dc-4c36-8467-753b6dbf9bc5,29,570,NO,2024-08-10
89b2828c-bc61-4a8d-93af-eb71a2ea6992,30,2778580,NO,2024-08-10
5544b4ec-3ce7-483d-b9ed-6b788c7d95e2,31,20537,NO,2024-08-10
a1061414-5304-4293-903c-5bea3371cc6a,32,2567870,NO,2024-08-10
139830ed-4276-40c6-b3a3-fbc66c25fe33,33,15435,NO,2024-08-10
1b8a7f8d-7d74-4f0d-8c59-0a92cc98a278,34,377160,NO,2024-08-10
e8a741bc-0188-4083-9c06-3f6a9f91959f,35,1144200,NO,2024-08-10
f96b7eb3-0e1c-4df4-b620-4aab7af09535,36,2195250,NO,2024-08-10
fe54ba8b-0c4e-45d2-ad43-8c35c900aece,37,489830,NO,2024-08-10
35a85cee-e9ce-4c3d-b9f3-c1b1479464b8,38,782330,NO,2024-08-10
de21d7b7-9941-4d46-b531-f52fcb9d1bc2,39,1151340,NO,2024-08-10
8a2889b6-9ef4-4fbe-a583-9b558f35d56c,40,1599340,NO,2024-08-10
b39d2ef0-dc08-4b23-9945-1a1f559a6d8a,41,2344520,NO,2024-08-10
14856919-818f-4053-820a-513587d87d17,42,1172620,NO,2024-08-10
c617bc90-87d8-4ed3-a0d1-4cea8b489707,43,552990,NO,2024-08-10
b0f60c23-c0b2-4400-bb16-79fe72581ebd,44,5700,NO,2024-08-10
3458f82c-2850-4c7a-a96d-f39fb28f3bd1,45,1237970,NO,2024-08-10
d4f32196-66d9-452e-bdd4-19cd0ddec2b8,46,440,NO,2024-08-10
0734a453-2635-4567-aad7-605fc5cc8bb9,47,2638370,NO,2024-08-10
211e959a-df3a-462e-bbb1-8b17378d6e50,48,1716740,NO,2024-08-10
2a3458bd-d6d6-4f23-abd4-4395b1391fa3,49,2400510,NO,2024-08-10
14679491-992d-4d69-8871-36ed2fce56f7,50,381210,NO,2024-08-10
c3ba0f7f-0e72-4ef0-9670-8abcd9cbcf42,51,2488620,NO,2024-08-10
f7c40583-32e1-427e-8d3d-93ec6325ee91,52,1808680,NO,2024-08-10
174f245a-a2f5-40c4-b89c-d8246fd8a6f8,53,227300,NO,2024-08-10
65bb90e5-9d4f-42dc-a0be-49c5ea2a0336,54,739630,NO,2024-08-10
c3abd804-ccf2-4900-8a6a-f4c1d852182f,55,368776,NO,2024-08-10
6d9f439b-0a17-4ada-a2f1-0e80ea7a1770,56,1250410,NO,2024-08-10
0d875412-f9fc-401a-912e-008ef70c1670,57,1326470,NO,2024-08-10
4e9c3587-15cd-4725-81ce-98cc5b9292e3,58,359550,NO,2024-08-10
abe83981-64f9-4dcb-a956-856d8e46692a,59,1286680,NO,2024-08-10
7527c108-ca0f-4c7e-896c-e2ab433f6503,60,34209,NO,2024-08-10
e66c7605-c7b0-40ed-b7dc-70bbc62d50cb,61,413150,NO,2024-08-10
7ec45171-6e12-4e44-8dee-ded0c6ec25ce,62,427410,NO,2024-08-10
360697cb-9804-4f0a-b4c2-73d288121357,63,1282100,NO,2024-08-10
a0925f3b-3b38-467e-a228-bc10a05f20e5,64,24346,NO,2024-08-10
8cb17c3d-0d90-4a68-ae74-068a0b47cf66,65,2142790,NO,2024-08-10
a3444354-2f71-4862-85f5-3e1c1959ac5e,66,49520,NO,2024-08-10
1775f4e1-0e98-434b-a9f7-667f234e313b,67,2252570,NO,2024-08-10
6c32781d-70b6-49c2-8f19-4444317e36a1,68,1551360,NO,2024-08-10
4202d991-b902-40d4-8669-0458c2089ca2,69,8077,NO,2024-08-10
62730197-76d9-4e22-8010-b3fb80cccc88,70,2396240,NO,2024-08-10
a2c68830-c131-4996-9840-1859aa3cccfb,71,28405,NO,2024-08-10
2c0c8e46-5cbd-4664-8d86-1ab0646c67bc,72,311210,NO,2024-08-10
29e076cc-a2e1-4479-bd71-78ab9433331f,73,32134,NO,2024-08-10
5a3dac4a-f770-467a-b1ad-593a653c9eae,74,1449850,NO,2024-08-10
6115c121-36fa-459e-a798-a81dc9f16a26,75,1174180,NO,2024-08-10
2198a071-0eb7-4abd-a569-063854350d01,76,2751000,NO,2024-08-10
b758aaff-526f-4954-aa72-f22649981f33,77,2300320,NO,2024-08-10
7dadbd76-58e1-42db-8222-e1171561c0d3,78,216150,NO,2024-08-10
b482c761-69e4-425a-abb6-17cae5ca9202,79,1517290,NO,2024-08-10
1c371c36-744d-4001-a343-818ccce16adc,80,2366980,NO,2024-08-10
9c8b5c3c-efd8-4e6b-adfa-b2cba79d81b0,81,1091500,NO,2024-08-10
3435eaeb-0207-4e1d-a888-c3d1ef10e06e,82,6306,NO,2024-08-10
c6a79aad-e6f0-4dec-b2f9-94e66474a873,83,548430,NO,2024-08-10
69b3b6b4-cc9b-430b-8972-c77efbbf5fa8,84,1717250,NO,2024-08-10
6826456f-8e3e-48a5-b502-6435f84c8b39,85,33608,NO,2024-08-10
5508eba6-9fdf-43b7-8aa9-633161fa353c,86,266410,NO,2024-08-10
e7faa6e6-8553-4108-8404-39cf895e201c,87,108600,NO,2024-08-10
5aa09ead-e80e-4855-bbc1-0eb035ba92db,88,2519060,NO,2024-08-10
c1c5fdba-6221-4c33-bf38-9232d031227c,89,949230,NO,2024-08-10
4c0a04e9-8e9d-42a8-a68c-2efcecf7a066,90,41962,NO,2024-08-10
8a7a46b2-b0dd-4bf8-81da-13a071b5de59,91,1962663,NO,2024-08-10
a0b8514b-b902-4256-b340-5f9dccf2d1e6,92,1629520,NO,2024-08-10
45e8cb91-870d-41f2-9efc-864e78821eae,93,1142710,NO,2024-08-10
e2b69eaf-3cb2-4211-9310-13c7754d630f,94,43373,NO,2024-08-10
9bc46685-7a64-43ab-9872-dd7e3290d232,95,38304,NO,2024-08-10
9124cefd-c365-4736-a0c0-5f49287b05f5,96,284160,NO,2024-08-10
52d64aa3-ccf4-47d1-9036-05f896074533,97,27500,NO,2024-08-10
2f32cb6f-418f-4d0b-97b3-8940607d645c,98,1363080,NO,2024-08-10
32ee141d-180b-4ad0-80d6-96fc4d0da835,99,494840,NO,2024-08-10
53f77241-ee17-4496-9a86-a75d6f336cbe,100,1562430,NO,2024-08-10
809ed61a-ed03-4225-99f3-5f7942585725,1,730,FI,2024-08-10
8d26a514-dfd1-41b4-b535-f6daadd6aa3b,2,578080,FI,2024-08-10
a08843f5-e7a6-473e-a150-0459f81650d9,3,1593500,FI,2024-08-10
680c4624-24f8-4692-8eb4-834c50940e3d,4,306130,FI,2024-08-10
0cd9096c-2564-4b05-9dd8-caea1ce3bddf,5,1675200,FI,2024-08-10
5781501b-4ec5-4833-8544-f6fcd1683157,6,238960,FI,2024-08-10
edeea68e-8e85-47db-8819-4162a13b6223,7,236390,FI,2024-08-10
4ab8d97a-7e76-4a28-83b2-9f5ec52c1db6,8,397540,FI,2024-08-10
d3983b3d-1221-4ec6-a8ae-3d57f846d492,9,1245620,FI,2024-08-10
87a2ad50-18a6-410e-945c-dd949353f793,10,33369,FI,2024-08-10
16eb6557-8a75-44d8-9d9a-819ce8106ebf,11,2933620,FI,2024-08-10
b58bc86d-891b-44bf-bdbe-3efbdd340cc6,12,39210,FI,2024-08-10
bc7a1710-e003-4491-bfb2-17d4c7f1290a,13,553850,FI,2024-08-10
9b200dae-9263-47d0-8480-0f70e10e5db4,14,440,FI,2024-08-10
7495bb1c-fec3-4701-8406-85f9c0eb9e1d,15,570,FI,2024-08-10
5c2bf68d-1478-4034-9f36-142a2cd7eacb,16,2778580,FI,2024-08-10
efe69001-2ef2-43dc-9ce1-e2372f22a0ee,17,1086940,FI,2024-08-10
f0eda564-488d-4733-903f-1f9b5bde30eb,18,377160,FI,2024-08-10
43d9ba44-7414-4e21-a5cb-96c3bc43b157,19,15435,FI,2024-08-10
20b8e7ae-1762-480c-aac5-d185f47669b5,20,230410,FI,2024-08-10
7d83e023-6cfb-4d37-b6a1-b11fe746e663,21,2074920,FI,2024-08-10
69cc5f03-d4da-4368-bbc2-369242552e27,22,1222670,FI,2024-08-10
87ed2992-4d96-45e7-9613-94ccfec8e96f,23,2183900,FI,2024-08-10
bf243b95-99d0-4c17-8acf-07aeeaf4c18d,24,1172470,FI,2024-08-10
4a622098-a68c-445a-a1c3-21c34940aa64,25,782330,FI,2024-08-10
80e87333-1706-4785-b960-0276e0858e5c,26,38150,FI,2024-08-10
3913142a-b438-449a-8d09-7240503b8301,27,271590,FI,2024-08-10
d418ce7d-5d16-489d-8485-ceebe16aa104,28,199943,FI,2024-08-10
c0bb92f5-40e2-496a-ad1f-bd4868220587,29,252490,FI,2024-08-10
81ead64f-6ffb-4946-b3cc-b2815597a561,30,41769,FI,2024-08-10
db23a1ca-a8ca-4e53-bf32-68c144c8a04e,31,20144,FI,2024-08-10
f89183a3-054e-4a71-b0c1-c8f8f3e5824f,32,2638370,FI,2024-08-10
04b39aea-d845-4b90-84bc-a797338bb10a,33,30424,FI,2024-08-10
33db3b5a-a92c-4a12-8988-898a7506a44f,34,489830,FI,2024-08-10
816bf01d-3aa9-4d58-a2b0-e24184d0b714,35,2139460,FI,2024-08-10
169b3d14-b32c-47aa-b5ef-43806de8580d,36,354231,FI,2024-08-10
091e49a0-8286-44fc-be09-613d61d32ccc,37,1151340,FI,2024-08-10
ba584976-c200-42ec-9481-cf4a48a5f00a,38,1808680,FI,2024-08-10
4f82f4c1-166b-4f72-a9dd-6e1165f15f18,39,2567870,FI,2024-08-10
0b586040-b95e-4499-9d7e-7de48a616d1d,40,1059530,FI,2024-08-10
0ca72c4b-4d2e-4b78-871f-66acdbfa5c45,41,359550,FI,2024-08-10
6addff98-1b40-4fe7-abbe-0b2979c7a523,42,1286680,FI,2024-08-10
6fdbfb02-2c56-488c-b22e-a9a223510823,43,49520,FI,2024-08-10
fb416cc9-d7ac-408c-835b-8b8918d6ee74,44,1237970,FI,2024-08-10
da9736a7-3288-43e9-ba1d-88a66a7bef34,45,381210,FI,2024-08-10
1b05ac3a-1653-4904-8958-62ef0b2a5f40,46,427410,FI,2024-08-10
12448f15-f459-4156-879c-b511cae7034c,47,2280,FI,2024-08-10
bd35eb49-eff7-4b88-95b3-980881b7948e,48,2751000,FI,2024-08-10
39d76345-68bc-4b62-b66c-6b5f858d327d,49,2358720,FI,2024-08-10
5c2a2910-a8bc-4f00-8f89-88ad90ef1997,50,2669320,FI,2024-08-10
da87d0ac-2f61-4bfe-a600-8bd7c12260a1,51,43829,FI,2024-08-10
648a157f-7eae-4823-9e91-007a61e7f3ff,52,2400510,FI,2024-08-10
ebaac800-fc76-4a4e-87b3-c096f44da06b,53,1849250,FI,2024-08-10
298283b8-6f88-4b9b-a600-9ec13dbe3b89,54,2142790,FI,2024-08-10
8130e18b-a8f4-4018-b25a-b33de999e5a5,55,38285,FI,2024-08-10
1fd92e82-ad9a-4e14-a908-278c4cd44a2d,56,1599340,FI,2024-08-10
0efd5ca8-ffd6-41c4-be41-108fbe6b7dea,57,444200,FI,2024-08-10
820f19ce-97d2-4bdb-bd35-27d6aaffdf88,58,1562430,FI,2024-08-10
939f3e3a-7752-462c-8fdf-8572d768428b,59,739630,FI,2024-08-10
b154b936-7261-4df4-8fdd-3f8ed33235a2,60,2396240,FI,2024-08-10
2d5fd5f8-5b52-47cb-a628-568d7948e0cf,61,1716740,FI,2024-08-10
9a8f628c-223a-4b4c-9982-f4ac4df8f68b,62,1177980,FI,2024-08-10
2da01a0f-afd0-4d1a-bd39-eff408f9098a,63,311210,FI,2024-08-10
ba2689ac-5de9-40e0-b932-139b2a68653a,64,546560,FI,2024-08-10
3444f946-0a8b-4998-895c-0659f63266d0,65,5700,FI,2024-08-10
fb0619de-3953-4e9b-a8f4-77e04d982972,66,1085660,FI,2024-08-10
613d6ecc-79fd-4f0b-8018-687b6fefeffe,67,227300,FI,2024-08-10
165727f5-3bc5-4147-a172-bfa27f52c30e,68,1629520,FI,2024-08-10
d8f3dd99-11cb-468f-9320-46b8f222fbe4,69,1091500,FI,2024-08-10
ea9f8b43-8982-401d-a500-74a7c0b05b3c,70,5699,FI,2024-08-10
164773be-92fb-45e1-bb8c-1d05f3d60ca1,71,2215430,FI,2024-08-10
e0ca0263-4ade-4463-a11b-eee483090345,72,41988,FI,2024-08-10
d8788d85-4cff-4101-a8c4-f37895454da0,73,22380,FI,2024-08-10
edfb31b1-fe5d-4db0-94de-417d33f36fdd,74,2344520,FI,2024-08-10
704475ad-5336-4cb1-b079-f2b0064f7ed4,75,2808930,FI,2024-08-10
4e9a1786-05ff-4ce5-9e3c-be704e44de9b,76,612880,FI,2024-08-10
09795020-ed66-418b-a408-61a7c2fdd3f8,77,413150,FI,2024-08-10
0be4f1f2-f063-4af2-b201-21117af2b871,78,2379780,FI,2024-08-10
e6cb62e9-f78a-416a-8d72-67f5792097c1,79,1659040,FI,2024-08-10
bb73c13b-88cd-42f2-8cc9-1e325e8e693e,80,1172620,FI,2024-08-10
7136f578-3c92-4a55-a435-46ff857f1f61,81,261640,FI,2024-08-10
972b12b3-c3f0-480b-b221-a1201368f4a6,82,1517290,FI,2024-08-10
fc3dd8e6-81f1-42a6-a43e-6b18f02bcf61,83,892970,FI,2024-08-10
8e6fc516-bd08-4aff-84ee-8c2d54b9efdb,84,516750,FI,2024-08-10
566348d0-81f4-4a6a-90df-38c5937e04e0,85,1158310,FI,2024-08-10
d595ebab-1718-41db-a040-d3052e04b061,86,201810,FI,2024-08-10
1a8db614-b784-4d15-88bd-3a38f408dfdf,87,552990,FI,2024-08-10
f8760811-584c-47a1-b99f-524232201983,88,284160,FI,2024-08-10
81bea9d8-d771-488e-97e3-11710c1f303b,89,2357570,FI,2024-08-10
555a07ff-a5f8-4059-8dc7-7655ed13d92f,90,28931,FI,2024-08-10
15a05243-db30-490c-b0b4-4de04a9568c5,91,1966720,FI,2024-08-10
0d05bfb7-e7aa-428c-a118-39a376047028,92,1284210,FI,2024-08-10
78784e0a-710e-49a6-b1e8-9abe2b11e9e6,93,21971,FI,2024-08-10
69136f48-e0dd-412b-b648-1ac9838a7d6d,94,1645820,FI,2024-08-10
0439421a-7e9e-4251-b4cc-56f5457b94b6,95,27500,FI,2024-08-10
d5c6ec6b-c99b-4b8d-ab13-87194b30c243,96,32181,FI,2024-08-10
f20cd2b4-7f7a-49d8-a991-e0fc6ca571e0,97,379720,FI,2024-08-10
4b9780e0-8d77-4d33-85e5-86c6dca7ea4d,98,41485,FI,2024-08-10
118cd7ff-f095-4118-916f-6ac71e33298d,99,1623730,FI,2024-08-10
1e8b6443-eb82-401d-9053-989174db982e,100,1326470,FI,2024-08-10
ab9512c9-8fac-4dff-9efd-6695d5709e38,1,578080,ES,2024-08-10
3871f2c6-f976-42ee-94d8-975c5694dbfb,2,730,ES,2024-08-10
39423d86-9c50-4a1c-b640-87ff5627b556,3,1675200,ES,2024-08-10
4b10b878-9f71-4980-9603-e2372759ed41,4,2349820,ES,2024-08-10
e8db48d6-8a0d-4fb3-bd2f-843c91fe49af,5,1593500,ES,2024-08-10
2481c584-c95e-4fbd-8e0c-8424b8316b76,6,2933620,ES,2024-08-10
520503f3-211e-422b-893b-082cbd8b6c08,7,33369,ES,2024-08-10
bd469a60-7962-4314-a253-ee868e84db4b,8,2751000,ES,2024-08-10
4abbf1b0-8a9b-4565-99d9-60a1f6c50ae9,9,397540,ES,2024-08-10
9fc01896-61ae-4afe-a365-31afc405b93f,10,2638370,ES,2024-08-10
01df3691-bf19-4eb7-b884-932c4386ea5e,11,311210,ES,2024-08-10
617cf295-776c-4d9d-9f10-f4cc2d90be27,12,2669320,ES,2024-08-10
1c91e16f-04f1-4b28-9a38-65be79535012,13,1203220,ES,2024-08-10
90b4aaf1-88b6-4d74-9301-6dc1e549391e,14,1086940,ES,2024-08-10
a5d6bd3d-76ea-4c97-b547-5ba8debd4b59,15,1245620,ES,2024-08-10
ebceb0e2-5f12-4bed-93d4-6aa96ca13583,16,2358720,ES,2024-08-10
54542131-d418-4407-9389-bca185bd8371,17,252490,ES,2024-08-10
7d01fd00-6f46-4946-b91a-7688f5cee0fb,18,2074920,ES,2024-08-10
025c432d-af2b-40c8-a561-8be5ac482750,19,1599340,ES,2024-08-10
572750da-842f-4645-b364-c8073f7466c9,20,782330,ES,2024-08-10
08be90dc-a428-480e-bc18-6aad219f2e27,21,2183900,ES,2024-08-10
23c7c81d-cec2-42e3-bf66-2eee756e8062,22,199943,ES,2024-08-10
4b8670a9-85d0-4c78-a2f8-147680d4db51,23,489830,ES,2024-08-10
f5bf3bfb-b251-42b3-8c61-4ca0d51bb048,24,41962,ES,2024-08-10
09f4d99f-12de-452f-934a-4afbd4e0d41c,25,306130,ES,2024-08-10
70b2e641-127d-4896-885a-ac8d64337011,26,553850,ES,2024-08-10
ff19d650-6ec9-4c7e-b273-3aa5a1e23059,27,1286680,ES,2024-08-10
c665538a-85b3-4c9c-9f86-af11eb300432,28,377160,ES,2024-08-10
ddb8c418-a61d-404d-9ef6-1de89eaa9ae6,29,15435,ES,2024-08-10
3683d2ac-c1ff-41d4-9f93-d4555a3c5b55,30,381210,ES,2024-08-10
cca572d7-3a8a-4fd2-bda0-4a520c948559,31,739630,ES,2024-08-10
13f67c24-3b0c-426e-9d37-d53b937f26b2,32,413150,ES,2024-08-10
1ed73b60-1b3c-4914-9f41-32ee9b20bc80,33,1790600,ES,2024-08-10
44146694-5fb8-4817-b64d-0805ba2602b2,34,49520,ES,2024-08-10
392326c8-6fbe-4e13-9940-614bb182a8c0,35,35840,ES,2024-08-10
5538977b-fa1e-4f62-af42-cfbd58301f07,36,1237970,ES,2024-08-10
97e60d88-58bb-4746-a58d-a62cdb23bca0,37,230410,ES,2024-08-10
7341ebd2-385e-4e59-a957-d46257a5ec6b,38,570,ES,2024-08-10
49a67d86-8515-4170-bd5d-3d60c7e73697,39,21478,ES,2024-08-10
9ec48c60-0f9e-4cf5-b4b8-76b377fee810,40,2142790,ES,2024-08-10
c305a43e-a2fb-46fd-b729-9e8e94ca0eb6,41,271590,ES,2024-08-10
314f51e9-bb91-4faf-8d26-41d33c7440d0,42,227300,ES,2024-08-10
3611b277-4a60-4e29-b758-4941cea1bb1a,43,2344520,ES,2024-08-10
0d460286-01a8-4f12-bb84-54d25f6abc76,44,2203070,ES,2024-08-10
2ffcead9-d426-435e-9a72-b3a2fc9aedc7,45,2305840,ES,2024-08-10
8ae0e9dc-b692-43cc-bd52-a6b4c4d8d92d,46,2778580,ES,2024-08-10
7270d8cd-dde0-488d-9f73-513f0c7a0171,47,238960,ES,2024-08-10
a26d3898-9b09-40af-92e5-37e83e6c684b,48,5700,ES,2024-08-10
de0efed9-b03b-4345-9933-a87aa371a106,49,2139460,ES,2024-08-10
ba9caa1e-4182-4f26-87a1-26ff9dd2ca99,50,1222670,ES,2024-08-10
0a5328d2-c26d-491d-a62e-f8ba937de437,51,2396240,ES,2024-08-10
4158af1f-4651-472e-9b9c-3cbc91ecd8c2,52,38150,ES,2024-08-10
4df93fa3-39e9-4dee-98f4-951119035f14,53,2195250,ES,2024-08-10
665b4b06-30ac-446f-8a89-2743f37030f4,54,236390,ES,2024-08-10
29b9385e-cb51-42da-814e-7565fe81ff56,55,1665460,ES,2024-08-10
68257d59-8599-4dc3-a0df-519400ddf108,56,24386,ES,2024-08-10
80a45ae1-5c58-4d74-86c8-4d3fa0ee5cca,57,1151340,ES,2024-08-10
fecfcc43-c639-45bc-9171-8e7d4aa41ee3,58,2280,ES,2024-08-10
556718cd-64c7-40d5-9783-80d36f234de7,59,2400510,ES,2024-08-10
c96ca3a0-d31d-47cc-8e09-ae3c223afa6d,60,202970,ES,2024-08-10
a988fde7-57d6-4929-968f-c4065a9ad3de,61,15587,ES,2024-08-10
fcff5fab-6d13-4b70-9eda-dcc388221148,62,546560,ES,2024-08-10
8128023f-ebdc-4001-8197-fc7d00ed3b5d,63,39210,ES,2024-08-10
4218393b-1169-4b33-b8a2-06edd8ab763c,64,2141910,ES,2024-08-10
42395dc5-e679-48fb-b9c3-554b350ef691,65,1085660,ES,2024-08-10
b4eb60b4-40c5-4b23-9bea-0e763e298cde,66,582660,ES,2024-08-10
1173901e-f5ba-49e9-bd38-bb3dba885f36,67,35839,ES,2024-08-10
017f897b-ab4a-4efe-9d79-ddbcd904905e,68,1774580,ES,2024-08-10
83fc12c5-4000-470f-9808-61774a85e6be,69,2516570,ES,2024-08-10
8719388e-f209-44d1-a1dc-5cf9dd1ffc13,70,261640,ES,2024-08-10
2768e0e4-93a1-48f1-af77-22938b22e274,71,1716740,ES,2024-08-10
38a66d2f-b3cb-4cca-b7cd-26a653849aaa,72,1172620,ES,2024-08-10
50caa0f0-3882-4e2b-bfb2-fa9dd4882c57,73,1985810,ES,2024-08-10
ee48855e-f8d6-4707-9d29-60a7a3ec5afb,74,1092790,ES,2024-08-10
615b13c3-7409-44fa-a109-088d404b641d,75,2016590,ES,2024-08-10
2579ebc0-a71e-4cb4-86b1-14cbd63edabe,76,960090,ES,2024-08-10
907f1b4e-4f1c-4a65-b85a-7d1358b330de,77,1562430,ES,2024-08-10
79c54c27-a0b5-47db-8876-1f3a7af8a1e3,78,379720,ES,2024-08-10
e28be7d2-7d1c-4b0b-9c26-ab5fbe5a0818,79,1717250,ES,2024-08-10
7722ba32-f431-4a9d-958a-2b063e4ee8e6,80,1172470,ES,2024-08-10
52bfe734-5de8-4066-9b60-0c06ce28c491,81,2526380,ES,2024-08-10
672298b2-eddb-44a8-a551-07cbe9ded154,82,15366,ES,2024-08-10
b1f3cbc4-9680-419a-8fcf-527c18f8e2b3,83,294100,ES,2024-08-10
9607e114-1f39-40e3-9f60-0edd19623983,84,266410,ES,2024-08-10
09cfe1f8-6d8c-4dc5-8b7d-b6e21e8c46c6,85,108600,ES,2024-08-10
ad435f03-1da6-4b90-b2c0-9eea3d177aa6,86,1332010,ES,2024-08-10
afde20c8-1dfc-4133-baf0-99e61344ddbd,87,2567870,ES,2024-08-10
4751c9c1-18d6-4173-bf50-fc37b5db6521,88,15854,ES,2024-08-10
4adae848-edee-497a-829b-2394305debd8,89,2808930,ES,2024-08-10
08be565f-8dc5-42b7-b0ac-421e4681d3d0,90,30424,ES,2024-08-10
a1c56d0e-ad85-4902-afad-c8864fbae9e9,91,2396980,ES,2024-08-10
9c3e97c7-1f2b-4d13-b2b6-164e7a5ee3ba,92,359550,ES,2024-08-10
9e965dd6-c525-4a39-aedf-90de2acc3e62,93,444200,ES,2024-08-10
b923f81f-1bfc-40d6-a87a-1265ae0c7372,94,2668080,ES,2024-08-10
7970d1b1-edc7-482e-b010-5448f2128718,95,1091500,ES,2024-08-10
0701a337-ea01-4dba-8111-3c9fc8fd4ce7,96,2322010,ES,2024-08-10
882d7062-dcaf-433c-9670-98cd6a461f1f,97,1934680,ES,2024-08-10
0c8644c9-fb87-428b-b62a-78f0a8ca359b,98,612880,ES,2024-08-10
d0fd107b-8fbc-47af-882d-6cb21c0341a6,99,1966720,ES,2024-08-10
bbc82c01-06e5-4190-990b-be8cdb61224d,100,27500,ES,2024-08-10
30103ebf-941b-4fd6-86f1-d8c71044b04a,1,578080,KR,2024-08-10
b095b967-b63c-4986-a472-d2014eea2f59,2,2074920,KR,2024-08-10
06a8cb25-cac7-4bbc-bdb7-2f994ab3a3d6,3,1049590,KR,2024-08-10
ddda47b1-85f9-41f0-a776-2d6e72cb3cd9,4,1449850,KR,2024-08-10
f08b943f-9168-4d72-8829-b4fc527b5e04,5,2139460,KR,2024-08-10
9176c9bb-fe33-4bc9-be6e-0bff6c9b0d90,6,1593500,KR,2024-08-10
a06ee7b9-c127-4326-a4c6-7962d671800d,7,1859910,KR,2024-08-10
12e9ee72-38d0-44b5-92e6-add7a1ffeae6,8,2344520,KR,2024-08-10
5d5bd501-1740-4876-8d4e-56e06685a74b,9,5700,KR,2024-08-10
4792e3d9-a075-4540-b43a-77a5f96ef7b2,10,985810,KR,2024-08-10
2ff4d65b-8448-41f1-8cb3-0240d61d8650,11,1973710,KR,2024-08-10
ae0cd290-1e08-4a80-9b7e-e3417d3a1298,12,1629520,KR,2024-08-10
19e3f4d9-5610-4ec3-a680-e83023b00911,13,33369,KR,2024-08-10
22cabf96-b5d6-4e18-91d2-be7a645f711e,14,271590,KR,2024-08-10
4aefa464-23e4-4ea1-a6e5-77c2ba0fb17d,15,1245620,KR,2024-08-10
02cc0110-e8d8-4c53-ae1b-b73d6fc18e61,16,1085660,KR,2024-08-10
9b38ef56-c290-4343-8f76-984418ea691d,17,730,KR,2024-08-10
bff20807-6a09-4c43-82a3-6dde416f2daf,18,2567870,KR,2024-08-10
b754180e-d4c2-42fa-b8bd-55f2d02c231b,19,1089090,KR,2024-08-10
cd1a202b-b6dc-46e1-8c62-1062724504ba,20,413150,KR,2024-08-10
8db59748-b017-4154-9d5e-300383b2f39b,21,2183900,KR,2024-08-10
8d1febff-3e1d-448c-9db9-cc5997808827,22,108600,KR,2024-08-10
2f0bafaa-8f5e-4cc4-934e-9ec7e51c6188,23,1973530,KR,2024-08-10
8c2a34c4-96e4-434e-ba2e-e35cdf0eddc8,24,43117,KR,2024-08-10
93158801-3949-4737-a4a1-d3eeebc684c6,25,1086940,KR,2024-08-10
dfdbcae7-91a0-4a5e-8359-4f74f8ac49ad,26,1985960,KR,2024-08-10
67b27156-c6b1-4380-a80f-23d1d0f17ba6,27,397540,KR,2024-08-10
1049529c-fa43-40d5-904d-442978c7dde4,28,1172470,KR,2024-08-10
0c1a69cb-d17f-448a-9e6f-1fd3aa080cd4,29,1623730,KR,2024-08-10
5f186ec6-dcba-488c-9266-77847324e327,30,814380,KR,2024-08-10
2870a347-02ce-4c39-99a5-fe55db9b73fb,31,236390,KR,2024-08-10
479d99f4-ee14-4636-8605-7e972ad5464e,32,2933620,KR,2024-08-10
af646495-8ade-4bf3-958e-eeb3f7eab1ad,33,1237970,KR,2024-08-10
fae02d36-8be9-4610-8071-08de606f69ec,34,2358720,KR,2024-08-10
60e937b0-ba18-44f8-85f1-ac9e1335d193,35,1222670,KR,2024-08-10
17f50407-1058-498c-8add-401827e0967e,36,230410,KR,2024-08-10
64742e3e-6bdb-4367-96f8-bb06bd731cf9,37,30424,KR,2024-08-10
b99506f6-c1b2-4e13-ad09-3132b08eeb50,38,3065160,KR,2024-08-10
251b992a-d941-4bcf-85b6-5c76011baa46,39,553850,KR,2024-08-10
d754441c-56ad-439b-a248-7adb451fa18a,40,1716740,KR,2024-08-10
08557fe5-e29e-4d51-a9ca-aefd9592f891,41,2669320,KR,2024-08-10
391ecadb-0ba7-423e-ae2a-51c811fc7b75,42,381210,KR,2024-08-10
b374506f-567f-499d-83f6-fa71bb82b2cf,43,2751000,KR,2024-08-10
043b3f2b-896b-4b47-9452-1de2a7d5f09c,44,782330,KR,2024-08-10
92a7b299-23f4-448e-a96a-33c13cae4f74,45,2526380,KR,2024-08-10
0d6024dc-7366-49d4-89e2-7bc76d5d085c,46,960170,KR,2024-08-10
64597132-b4d1-4433-b201-f9da78bc8d50,47,1966720,KR,2024-08-10
68f6404c-d1c7-4dfd-9eb6-cbfb7ca2be27,48,2778580,KR,2024-08-10
92dd9ae5-e9be-4822-9402-4b968fe8579a,49,2602770,KR,2024-08-10
d9736277-ec5a-4f40-a56a-8c0b24e2eb15,50,2668080,KR,2024-08-10
347ad918-7235-437b-8dbe-84c48ab0403c,51,199943,KR,2024-08-10
fd8b8564-52b1-44c0-acf5-b6f29fe7b08a,52,2215430,KR,2024-08-10
ce26c2ac-8305-459f-ae41-2e0c3c6bdb41,53,835570,KR,2024-08-10
a7f2eb39-ec23-4571-bf27-78c971d96c20,54,570,KR,2024-08-10
c2bfdd09-ed53-48b0-be09-561aa8515d9d,55,2854170,KR,2024-08-10
2e517fca-fc74-4a42-990b-c0b2546576ff,56,2963870,KR,2024-08-10
9dc6750a-4897-4693-b40b-5fe6c2621559,57,377160,KR,2024-08-10
9993030e-73fe-4856-acf6-e533d4a8316e,58,489830,KR,2024-08-10
7de68226-2e2f-49de-b928-cc0610c92eed,59,648800,KR,2024-08-10
265b5b3d-5fe2-4e41-a5e8-121d092a88d1,60,294100,KR,2024-08-10
5f4e4f89-756b-4eae-b143-63a582b4f8cd,61,958260,KR,2024-08-10
e0fdf65c-69ba-411d-af60-31f09a8e53be,62,359550,KR,2024-08-10
eaf0f155-4ed9-437d-a0c3-af58edec826c,63,2252570,KR,2024-08-10
ee34b882-a2f5-40f4-9efd-059ffb219ead,64,2349820,KR,2024-08-10
d5dee698-400a-4aab-887f-fa30c382a4b7,65,2000950,KR,2024-08-10
b96afa04-5bab-4e2e-b006-da3b44dcc109,66,2305840,KR,2024-08-10
b848e75b-b0f1-49b2-bda1-34e7283dd828,67,15435,KR,2024-08-10
63ebf96c-8fa9-42f3-83da-b6e49bfa55cb,68,1943950,KR,2024-08-10
63c9944d-0c8e-4b35-ae19-34f5a1a4a35f,69,546560,KR,2024-08-10
1fd190f5-2302-4474-a18e-131bd603e1c5,70,898750,KR,2024-08-10
82dd9a6c-6bac-49a6-9700-898fbbafb558,71,2336880,KR,2024-08-10
dc3e73ed-4037-4c61-b031-257badee0bf0,72,739630,KR,2024-08-10
708b7f43-87fb-481d-ad7f-3384985f1c21,73,1144200,KR,2024-08-10
37d0a7f8-85d0-4013-a648-47fdefb4820a,74,1659040,KR,2024-08-10
624a9d84-9f2a-4ce9-8a73-5f3eb8f7857d,75,1672500,KR,2024-08-10
66b305b0-50b0-41bb-878f-9768a699f0d1,76,1954420,KR,2024-08-10
fcf527cf-b3fe-455a-809f-4d190029836f,77,673750,KR,2024-08-10
1cb3a7b7-c594-4d38-bd06-dcc1d6ed64eb,78,306130,KR,2024-08-10
c56a5c1c-4bba-4133-85e4-7816ac124c3d,79,1260320,KR,2024-08-10
5745a2cf-c80d-4c53-8be5-7230b6ae9a26,80,2396980,KR,2024-08-10
e3fa3de1-fd24-4214-a5fc-d30064117a35,81,758870,KR,2024-08-10
d78d4e37-2f80-4b49-a1b2-fea38f200657,82,38150,KR,2024-08-10
91da398b-3cca-43f2-8ca4-40d9f04aac38,83,1665460,KR,2024-08-10
262122de-88d8-46e3-84d4-48115bf6799b,84,1282100,KR,2024-08-10
8aa3895c-fd61-40ba-9f89-e0f71f090985,85,1232580,KR,2024-08-10
dee3e0e4-2bd0-43c7-a873-3c8407c2a5ea,86,2828160,KR,2024-08-10
8203d5c5-ecab-440f-81fb-f0a27794ab32,87,1091500,KR,2024-08-10
bc25e329-8804-4d68-9f27-bb34bf36f52d,88,1817230,KR,2024-08-10
badbd821-282a-487c-bed0-2cd2eaa811d8,89,250900,KR,2024-08-10
fe8483fd-ab13-4704-84cb-7a6b0cc3cd02,90,1778820,KR,2024-08-10
d3482dfc-70ba-490e-afd0-cc28d976943b,91,1477590,KR,2024-08-10
fbfbcf3f-483a-47f0-b8fd-9c9eb4d87757,92,1551360,KR,2024-08-10
46829f52-7a61-4597-b268-998f8b139587,93,2405,KR,2024-08-10
ffc8e6cb-ff96-4c69-b156-8d3a0824f6a2,94,1222700,KR,2024-08-10
143ecd80-59d0-4750-8c17-13eb4500063f,95,2670630,KR,2024-08-10
51bd082b-bb89-4b1d-8f56-e584ea112498,96,1151340,KR,2024-08-10
7a2a3a99-58a3-43ca-ab61-3885d7dec477,97,1517290,KR,2024-08-10
5ca13405-22c4-4068-8a16-1fabc14ec1b0,98,15366,KR,2024-08-10
6a54776f-74a6-4604-8f03-abe8bcd9efeb,99,2178420,KR,2024-08-10
6afe28b3-2d92-4138-8e69-9b661f3c233e,100,24291,KR,2024-08-10
a8c50527-69f5-4cd1-aba8-211a2bbe36aa,1,2358720,CN,2024-08-10
8f0b5e85-ec23-4c7e-b860-ea4050dc479a,2,578080,CN,2024-08-10
e3cd73bf-0d2a-4812-bdb1-03545cea42bc,3,730,CN,2024-08-10
42bdb041-1c87-46fe-8fbe-1725376b81c0,4,1203220,CN,2024-08-10
9c2204ae-4867-4407-bc10-b74c268e1ceb,5,1593500,CN,2024-08-10
76e7148c-4cbf-4de0-a039-acc9dc8aceeb,6,33369,CN,2024-08-10
52acfc50-b2a2-4a9f-b067-cb2e3fe400e1,7,1237970,CN,2024-08-10
15b98ede-e2ca-4e60-a7c8-8dd4a9cda963,8,397540,CN,2024-08-10
06664d0a-f0c8-4c80-9ff5-feaabecdf120,9,2344520,CN,2024-08-10
1b94bd33-2aa3-4085-b53f-f6a62e322d58,10,413150,CN,2024-08-10
727e01d7-e5a4-480c-98fa-697c66b4a2b6,11,2183900,CN,2024-08-10
47092c02-dc88-49af-8611-5b0ae6c2bf40,12,2933620,CN,2024-08-10
1bcbc014-0faf-40c3-9c06-c13e4512ef4e,13,431960,CN,2024-08-10
85fe479e-9aba-4d09-9544-9fc73561b15a,14,992300,CN,2024-08-10
518e239b-6d0e-4347-a2e6-78a7dca9a1ba,15,1172470,CN,2024-08-10
692696aa-ff7d-464e-ba05-0090d5e0a129,16,570,CN,2024-08-10
174274f5-df7c-49a1-a165-243f1a16e0ff,17,1477070,CN,2024-08-10
6db5879f-d5b1-421a-98ef-8619c76fe95f,18,5700,CN,2024-08-10
4d0e6662-0dbf-44b6-813c-4fb49e8cabbf,19,1245620,CN,2024-08-10
8fca4010-bb19-4a4c-93af-661d0380ee97,20,1238810,CN,2024-08-10
4bc9310a-e394-448c-8d6e-fa5dc1230ca8,21,13560,CN,2024-08-10
86133e68-eafe-4da7-b7f1-b71fa7445700,22,814380,CN,2024-08-10
5255d79a-63c4-4db4-ae52-9b9a417b25f0,23,2338770,CN,2024-08-10
2df1c90f-fe30-4933-a2e1-e4f45086b614,24,306130,CN,2024-08-10
5a2ebced-d8a3-4078-a212-713a1ff8ee8f,25,271590,CN,2024-08-10
b290fda4-753a-415e-8c40-a52042a8514c,26,2074920,CN,2024-08-10
74729e2c-4e83-41eb-9509-838851228f34,27,552990,CN,2024-08-10
8c21f282-3f21-4815-b75c-45908a145816,28,1180320,CN,2024-08-10
6decac3c-9a07-42ae-8f3c-6dd59a24aa2b,29,2672610,CN,2024-08-10
8d6d2264-c3c1-4ebd-9b32-fdaf993c9869,30,230410,CN,2024-08-10
fa907816-3ee9-4cdf-a159-c55d05284e6e,31,2139460,CN,2024-08-10
3a1a30a6-bc50-4913-897c-9ffcf3aaa36f,32,2875140,CN,2024-08-10
7e95471a-41b1-422c-84c0-7ce161af8ab7,33,2751000,CN,2024-08-10
e80ba733-4de4-4355-9ad4-eba9d6ddc75c,34,2567870,CN,2024-08-10
ccadfff8-1f52-450f-9868-e840dcdcf5f2,35,2669320,CN,2024-08-10
09a2b786-b443-455b-80ed-24e96be6fe74,36,2778580,CN,2024-08-10
fdb17cd7-e65f-4095-a0eb-59f22d68556f,37,739630,CN,2024-08-10
41d43a80-860e-4643-acff-c8a8b1c9dc82,38,2396980,CN,2024-08-10
c5878945-98df-4452-bafd-c5a1b15440d1,39,1086940,CN,2024-08-10
3c9fe3cb-03ed-478d-8533-30c36e7840fe,40,2305840,CN,2024-08-10
26a0a1c6-8071-46de-8ebc-d28c7c03da51,41,49520,CN,2024-08-10
299253d0-9f3d-4245-b4aa-28953ba6c8f7,42,2195250,CN,2024-08-10
e6987ffa-19d4-443b-b595-54a128f83111,43,736190,CN,2024-08-10
dd5a6e4b-cb67-4645-830d-65a8eb8d9415,44,381210,CN,2024-08-10
759013ce-f9bd-4c61-b207-51f34b675180,45,2445690,CN,2024-08-10
5285f12c-75a4-42ec-bf10-73198b8066b7,46,30424,CN,2024-08-10
a58a54c2-1e7a-431f-94d5-1e72dfd70dca,47,447040,CN,2024-08-10
3785b844-1605-4e42-97df-66babc1a8ef3,48,1238840,CN,2024-08-10
b859b25b-80d7-41d6-a865-23be7e04cec6,49,1938090,CN,2024-08-10
3e80612b-e6ac-4cc7-ba0b-b5d22bf9dd34,50,1091500,CN,2024-08-10
e55362ed-66b4-4a98-b87e-cb989526d24c,51,1629520,CN,2024-08-10
6d84e640-de19-4fb3-9043-33d11785942d,52,2400510,CN,2024-08-10
d3e27140-c8eb-4ae9-acf7-c9e8b5ecda2a,53,41962,CN,2024-08-10
9d65f806-0f3d-4b59-b0ed-9abcac72de86,54,782330,CN,2024-08-10
5d1f8fe9-11c6-43f4-b551-da1f9472c61f,55,673750,CN,2024-08-10
29924989-4c2a-424d-be59-a45c35b056b0,56,2878980,CN,2024-08-10
0bd683d6-4c4a-4400-a922-029f312742d5,57,322330,CN,2024-08-10
ae9574ef-7679-4b79-9d89-52b6bf3ff711,58,377160,CN,2024-08-10
2d32663d-d111-48ef-9178-5f5cef72a05b,59,1286680,CN,2024-08-10
1da51e11-6f0c-4fb4-a503-7eb581a64f1e,60,548430,CN,2024-08-10
4aa76b3b-8651-42c6-a689-8a83f900d541,61,2849080,CN,2024-08-10
b16515a2-de6e-4020-83a9-0ee0f935c7b4,62,1085660,CN,2024-08-10
67969aa2-5b8e-40c3-b244-b423f7365324,63,1909840,CN,2024-08-10
d683b987-7b0c-4b21-8d07-4671fd5d74f2,64,1222670,CN,2024-08-10
6ba04104-ca69-447c-b357-1d9ee3a4b885,65,1092790,CN,2024-08-10
c866a2b6-f7f3-468d-9539-2b39ab8835cd,66,1551360,CN,2024-08-10
4e1e4482-8fd7-4c32-959a-59ad1e7b9d75,67,15435,CN,2024-08-10
f9fa64e0-041e-4317-988f-deaf96849606,68,359550,CN,2024-08-10
5b5b37d7-0226-4673-be8b-ab0d6ea00c31,69,958260,CN,2024-08-10
280fe466-76eb-4f7b-b827-4e4342850086,70,1962663,CN,2024-08-10
dcdf7da2-f85c-46e7-a992-31f1900c1151,71,2000950,CN,2024-08-10
953dd7f0-af29-47c4-a810-6352b15e3076,72,489830,CN,2024-08-10
a9de2d88-4720-499e-ad38-59f09807a79f,73,1973530,CN,2024-08-10
2f2de55c-42fa-4d9f-9d50-deaeb3870453,74,2379780,CN,2024-08-10
e11199e4-ca86-40be-9d25-4db1768732d2,75,2995920,CN,2024-08-10
a5b24716-dc2c-4629-8808-3afd2d2f834d,76,1260320,CN,2024-08-10
92a32597-11f5-41ba-a3c7-fbfbe683eb03,77,199943,CN,2024-08-10
baf3a5a0-57a3-4bd4-a8c0-02c03941e177,78,1426210,CN,2024-08-10
4431f552-930b-4ae5-9314-1f01014be910,79,1520470,CN,2024-08-10
e17dfbe2-8c05-40f4-a3fe-cf92aed61023,80,1222700,CN,2024-08-10
156c75c6-cbfe-4d84-9483-b90ba01f51d6,81,346110,CN,2024-08-10
59555e33-1ac6-4900-98d2-07b94971047d,82,1329410,CN,2024-08-10
d3e5dfef-96cf-43f9-b1b1-e718e490939f,83,1623730,CN,2024-08-10
4f603d0c-14db-4b56-afa2-eb7e6b5fdeef,84,440,CN,2024-08-10
3ed8e7b7-461d-47f1-b415-e7c93f51eea5,85,26881,CN,2024-08-10
de4685a2-521b-4758-bc7e-79f6576f3dd3,86,444200,CN,2024-08-10
85cbb4d5-f56e-447b-bfe9-3dadaa1b0815,87,2881650,CN,2024-08-10
1f38eefa-774c-41e0-924c-aff4ca1d4ca8,88,1943950,CN,2024-08-10
7e995d21-a1ad-492c-8820-4de47d9e35d0,89,105600,CN,2024-08-10
1287a448-b7e8-471c-beff-dfc3b7715214,90,1243830,CN,2024-08-10
06ffc2c0-8f23-430a-93bd-5127298ebceb,91,2215430,CN,2024-08-10
81029a84-5727-46b7-afc0-6bbfba70b000,92,2976720,CN,2024-08-10
186d3170-d361-4ead-aaea-6ae2dec503aa,93,2849960,CN,2024-08-10
47c79c91-8d0b-428c-b995-e67d1f0f78ae,94,1846380,CN,2024-08-10
2e546b0f-9492-4649-9138-ffc78bf8d3e1,95,2138330,CN,2024-08-10
2fb56df3-554b-49c7-933f-fa7e015ae96d,96,2413274,CN,2024-08-10
6d3a1730-41d4-436e-8bb8-3fbb43d8d5d7,97,1449690,CN,2024-08-10
bd9e49e7-62ec-47a9-a78b-0ef393cfaf78,98,2413275,CN,2024-08-10
b3a71e8b-33d0-4284-a2a1-705ab03414be,99,30757,CN,2024-08-10
5fe667e7-496c-4950-b503-16cf9e8c7bf5,100,1222680,CN,2024-08-10
4a970e1a-452f-422e-9332-c3103a339b4f,1,33369,FR,2024-08-10
8a274c0e-6185-4864-a3b8-0df7c8ed7bc1,2,1675200,FR,2024-08-10
642fe66b-39f9-49a7-b43c-94d151d76cbe,3,2933620,FR,2024-08-10
69ea9a09-a39d-436c-a3b8-85253d37ded9,4,2074920,FR,2024-08-10
356cbcff-520c-40f0-817a-41d374a7907f,5,397540,FR,2024-08-10
27f97c00-5286-40d7-a8fb-33de6fca7056,6,306130,FR,2024-08-10
07725b5b-9954-4926-bbe5-b765dbba0f60,7,1593500,FR,2024-08-10
da6eb8e3-fc71-49b4-bb1c-831b25c18015,8,730,FR,2024-08-10
97c5dced-4538-4e94-b6d4-4c7612848095,9,1086940,FR,2024-08-10
15031078-f68e-4ac3-89c8-27562b52a620,10,2751000,FR,2024-08-10
a084830d-1cf4-4393-bc67-a62543887109,11,1245620,FR,2024-08-10
5e197468-09d5-4e54-8584-a3e71e662703,12,2426960,FR,2024-08-10
ffec7e9d-aea3-43d0-8dac-a3d83780bc9d,13,236390,FR,2024-08-10
bbbdcaaa-a8fe-46ae-afa5-baa2e317a1fe,14,2183900,FR,2024-08-10
8616a9bc-3973-4bb4-8ee2-5757ae42f760,15,2638370,FR,2024-08-10
e3b45069-793b-4ef6-9d62-473f03f125a7,16,553850,FR,2024-08-10
4ceec105-2b71-46eb-b32b-10411e346045,17,39210,FR,2024-08-10
2a3811ef-b83c-458d-a1bb-cfc213b582ff,18,1599340,FR,2024-08-10
5a469578-6d15-44ae-8a3a-97571bb5af21,19,2139460,FR,2024-08-10
5761755b-0229-4295-b4c3-132cfd8e6bdc,20,311210,FR,2024-08-10
4a83c496-180a-4062-bfb0-2adf3f87ec99,21,230410,FR,2024-08-10
3335447c-f9ab-4b8c-8a0a-6cf35a9b69fe,22,238960,FR,2024-08-10
364998ca-2656-454f-8ce7-33b17b573f8e,23,30424,FR,2024-08-10
ac0cedb9-af7c-4871-b498-3532edf73046,24,1222670,FR,2024-08-10
c5b3e490-ccf1-483d-a2b5-1fc15e0a9097,25,381210,FR,2024-08-10
ae2c89ba-af76-44c3-aff9-99a62d0bdbd7,26,489830,FR,2024-08-10
92495374-48a1-411c-bbe1-341785ad9f8f,27,1172470,FR,2024-08-10
31e38137-7415-401b-a7e4-cc7c28c03d86,28,38150,FR,2024-08-10
a17b9b3e-ee9f-4480-9cf6-5d3eb7951de4,29,49520,FR,2024-08-10
82e1faeb-ffd1-47d7-8bec-d4c7da13a759,30,782330,FR,2024-08-10
617d88e7-580f-4391-a29b-77ea5ae82c68,31,1172620,FR,2024-08-10
dc2f8696-c3cf-4a55-9650-bc13c3964dff,32,1449850,FR,2024-08-10
bd68e6c3-8284-40ac-a3e8-f1b8049ea42e,33,252490,FR,2024-08-10
10c3232e-18f2-4918-b82f-43bdeab9404d,34,1331550,FR,2024-08-10
14edc08e-8132-4280-9b56-379eab0937d7,35,1716740,FR,2024-08-10
c8837c23-eb39-4f65-879e-962856735f4e,36,271590,FR,2024-08-10
27c1fcb0-bd96-4a78-b1c5-9c8a728f83b7,37,1286680,FR,2024-08-10
6576d217-602a-407e-ab1e-73939a146a27,38,377160,FR,2024-08-10
5df36e9e-45b7-4d33-9da3-c86ea2c39a96,39,15435,FR,2024-08-10
f867f268-7010-49d5-9155-146a6514884d,40,2778580,FR,2024-08-10
d4910139-2da2-48a6-bb59-8f626258e100,41,2358720,FR,2024-08-10
5e394653-2e94-4eb9-83cb-d3778079b650,42,227300,FR,2024-08-10
a32394d5-1dc0-461d-b960-648e71d29cc2,43,1237970,FR,2024-08-10
2f5a888e-d77c-46a5-91c0-65446b5e633a,44,1085660,FR,2024-08-10
8e61a86d-1cba-4f8b-ac90-47bc549097d1,45,2167580,FR,2024-08-10
7c4f0105-0b2c-4924-8c9f-34b602385560,46,2567870,FR,2024-08-10
8acd7b99-27f3-424d-9b32-7aa3d6e13950,47,578080,FR,2024-08-10
27e7a8ed-5f92-4e34-a921-1e1d18658ad1,48,2669320,FR,2024-08-10
81476327-1840-4363-9ae4-4784af591228,49,202970,FR,2024-08-10
ec2e6782-721e-465d-9b09-36995d033be1,50,2808930,FR,2024-08-10
c3833947-1c60-4f4a-ab64-bd355dc00666,51,2344520,FR,2024-08-10
41c84405-c069-4641-97c9-3f7db0245219,52,2400510,FR,2024-08-10
2b1879f1-ec88-4b49-b996-71ec12be57ed,53,199943,FR,2024-08-10
d5469f17-7c48-4a3f-a44d-a5cff1a087cd,54,1151340,FR,2024-08-10
6a0302eb-b441-486a-88bb-1e2f93c542f0,55,2526380,FR,2024-08-10
06f4bd40-3c19-4d42-b238-dde76ca79070,56,2396240,FR,2024-08-10
665f5efd-ced7-4824-be91-ae1345bd4d9e,57,5700,FR,2024-08-10
c1259bd7-ffee-41cb-b947-a6d4ac2ca524,58,380600,FR,2024-08-10
dc164bab-7d8c-4a0a-8d47-c310178919fd,59,1938090,FR,2024-08-10
8117a863-4620-4d39-936e-61838a18761f,60,1985810,FR,2024-08-10
45d35c7a-9f2e-4b3d-9f33-7676db6fa693,61,1623730,FR,2024-08-10
e0a78078-3357-4369-b626-9f99b7d5d308,62,261640,FR,2024-08-10
f4a5c20c-c803-489d-a48e-b50cc3b0c336,63,1962663,FR,2024-08-10
7f4d2075-61c9-4580-ac31-528d3e1ab396,64,3782,FR,2024-08-10
1397d7f3-d705-4611-9214-f49eb7362073,65,2142790,FR,2024-08-10
d4e6f958-a831-4d8e-b851-18014f1ffb4b,66,1771980,FR,2024-08-10
717941dc-8ebc-4f30-a686-222d66df601a,67,739630,FR,2024-08-10
e899425e-9416-49e4-a584-28bf26e5ea0d,68,1717250,FR,2024-08-10
bf097ff4-5b7f-434c-937f-5dfc30e12727,69,582660,FR,2024-08-10
851a1d0a-5295-4cf8-aabc-abb5f968eef9,70,2215430,FR,2024-08-10
1342b9ee-35c3-4af5-b956-96fb27782faa,71,43205,FR,2024-08-10
46edfe8c-ccd0-4d85-82f0-a65caa21dff6,72,413150,FR,2024-08-10
b8d010de-7d9e-4ab1-982e-bd029fa93533,73,1091500,FR,2024-08-10
156b002a-7bac-402e-bd3a-17979fd4c637,74,1326470,FR,2024-08-10
96812477-22db-48f6-9ca3-d6d0bfc592b4,75,1562430,FR,2024-08-10
e8b6fcc0-14c3-4323-8589-bdabb46931cb,76,546560,FR,2024-08-10
915a4781-1e2a-4f36-b87a-5012d768921d,77,1158310,FR,2024-08-10
1c5a1035-96de-4c5f-8964-c83ea372c534,78,1232580,FR,2024-08-10
555811a2-5c1c-403f-959d-fd98728b2eb8,79,294100,FR,2024-08-10
4db093d6-a626-40ef-9b5b-a157c5754710,80,1149460,FR,2024-08-10
d985825a-4c58-4447-930b-6ea47785deea,81,15366,FR,2024-08-10
be4ff8b0-d5b6-4649-8345-d1cf0682f607,82,1934680,FR,2024-08-10
a930dbb6-1e51-46bd-abe8-01b1d83b6722,83,2305840,FR,2024-08-10
b59eb667-13f0-4558-a574-d2e45c35faee,84,1551360,FR,2024-08-10
53d1c24f-24e4-4459-b1bc-318050a67dcd,85,2224640,FR,2024-08-10
11592343-7406-474f-a153-e4e38e368078,86,444200,FR,2024-08-10
9d8bee20-6db6-4f23-b2d0-be00813e6752,87,37135,FR,2024-08-10
4d69be68-f603-4a39-b83a-890f882d95cd,88,2337820,FR,2024-08-10
1a0d0eb7-f6b5-4840-b109-394cc1602711,89,1332010,FR,2024-08-10
9dbaf838-9d33-49ab-bafa-41f708cf4626,90,41962,FR,2024-08-10
096dcb30-2e75-4fa3-9050-2d7f2be0b87a,91,1174180,FR,2024-08-10
406ce7a5-ffcd-493f-a7da-e089bc623eb9,92,427410,FR,2024-08-10
7ea6ae79-7a07-4ddb-80f7-34c1c8bf21a3,93,1145350,FR,2024-08-10
575dad30-129b-4d73-a544-c91b8edc10e5,94,1966720,FR,2024-08-10
bfd4d12b-c397-486d-9018-2d84ad8b742d,95,548430,FR,2024-08-10
9b0dfa4c-fa7a-4cc3-a3c7-66dd7e4784cc,96,1250410,FR,2024-08-10
fd649888-c6ac-44bb-9f98-0e6244b359e5,97,251570,FR,2024-08-10
9e031780-b25c-493c-abc6-c1f2350a6db0,98,346110,FR,2024-08-10
8a398a78-3e05-40bc-9352-08ec2fef00fb,99,570,FR,2024-08-10
79fe9030-aa03-4ec0-9715-cc7b22fbc34e,100,2405,FR,2024-08-10
1985fbac-b54a-4182-ab95-610570820729,1,730,AT,2024-08-11
64497028-e738-4a5c-ac0d-3289a3dc8119,2,1675200,AT,2024-08-11
96170684-415f-4f8f-9b1f-befbe7d94abe,3,236390,AT,2024-08-11
20200fec-cb68-48f0-bc0a-2a6ebe276001,4,306130,AT,2024-08-11
0110cf02-a2ba-4d02-a445-4c33da67b9bb,5,2074920,AT,2024-08-11
3f43c110-e636-40d5-9961-50f14fa8ce01,6,1857090,AT,2024-08-11
ac7b32f2-1a5e-41fe-91c1-89d044a90315,7,2933620,AT,2024-08-11
0ee9fd96-d7ab-4860-949f-50a5384437bc,8,238960,AT,2024-08-11
4e27c836-a508-4771-8a4c-8c179bf307ee,9,1245620,AT,2024-08-11
54f2bd4d-a728-4706-8f24-d58cb577ab9a,10,1593500,AT,2024-08-11
be64febd-2d5d-4b50-91a0-9af8172d88f6,11,2183900,AT,2024-08-11
aea3b382-1615-4950-8a36-be4de15cbcf6,12,1222670,AT,2024-08-11
a4a7f645-531f-4a73-ad29-48e8b0eb407e,13,33369,AT,2024-08-11
b1062e6b-bde3-4794-a630-a3f37bdb3cf5,14,1086940,AT,2024-08-11
af006039-f024-478e-9249-ac95eb9c2a06,15,397540,AT,2024-08-11
f76f0f00-6c5a-4a81-a2ab-9ec0b8169e7b,16,2195250,AT,2024-08-11
b7bf453c-6523-4d5e-9fbf-17241897d2ea,17,2139460,AT,2024-08-11
575b7aed-4241-45cd-b0ed-4ae50569abe2,18,1449850,AT,2024-08-11
e934cb92-da08-4c22-9bc1-c07c0fe12a06,19,553850,AT,2024-08-11
8999d250-c904-4552-aa06-02dc4a2a6738,20,271590,AT,2024-08-11
30ad6c5a-1466-4b73-a4bb-ef7a04454443,21,230410,AT,2024-08-11
f1db86d9-45cb-4824-b8a6-4721957f9daa,22,39210,AT,2024-08-11
2ac824a0-8188-4d8f-a80d-d4b13fb13ded,23,578080,AT,2024-08-11
ec021d68-a44c-4b88-a2e3-a35a0227a9b4,24,2638370,AT,2024-08-11
3ba8fe64-fa51-4b0a-baed-b353416c4407,25,2669320,AT,2024-08-11
7455b72b-6224-4935-a3c8-e2340a665ce6,26,381210,AT,2024-08-11
303f4e45-497b-402c-82eb-18c44b26f363,27,252490,AT,2024-08-11
effad6c9-9be3-4a8d-91e3-900b75e2cfef,28,2567870,AT,2024-08-11
77883eb4-9e5e-4c88-ae7d-a6ff9e4663c1,29,2778580,AT,2024-08-11
a6ed628c-fb3e-40f7-bb4f-404487841f9e,30,1085660,AT,2024-08-11
5fd4530c-6c48-4943-b248-bf72577c7fd6,31,354231,AT,2024-08-11
c73b597c-53e1-44b8-bf0c-3ce205de35d9,32,1172470,AT,2024-08-11
7c9089b6-6db4-4ba1-8c1b-52adf6e54b81,33,1059530,AT,2024-08-11
a9299c91-9b27-4489-9f90-6132503fe00e,34,6115,AT,2024-08-11
298ec453-8547-4f0a-b8dd-064ece5ed5ac,35,227300,AT,2024-08-11
1cbfaadc-9879-473c-be48-19fa0aabc80c,36,1237970,AT,2024-08-11
f99b6047-1383-464f-97d6-f65915c228dc,37,311210,AT,2024-08-11
5490c949-3b9c-44a1-bb64-037dd728966b,38,377160,AT,2024-08-11
c902ccaa-4bab-413b-a70e-dcffc13d2d53,39,15435,AT,2024-08-11
997daf33-fdb1-46a9-b75f-ab0c8ce28374,40,440,AT,2024-08-11
73b8ac21-f24d-417a-a864-08e8ef13e092,41,2344520,AT,2024-08-11
f648b710-f016-4b2f-98ae-99d80e25cd4d,42,2142790,AT,2024-08-11
0be7d902-ceff-4126-aaa2-c36e441f10f9,43,1172620,AT,2024-08-11
f75b69de-152a-4f94-81bd-b556dce5dd01,44,570,AT,2024-08-11
4d4eef4f-88ad-456a-9ada-fad9ec133e09,45,2808930,AT,2024-08-11
b62d7f9b-efb2-4a10-931a-ece22518cf15,46,30424,AT,2024-08-11
e4c08e71-4d4b-4a9b-a12d-5cc97787a46f,47,1250410,AT,2024-08-11
b7b208c6-19e0-47bb-b40c-dd328fd8dc37,48,5700,AT,2024-08-11
62073b0f-4a9f-4d41-bd12-2cda494f5064,49,2362300,AT,2024-08-11
a206e51e-9eb9-4276-b0f6-9f2492df888b,50,2396240,AT,2024-08-11
abd504d0-5aa6-43f0-9305-3e8237e80cc4,51,2358720,AT,2024-08-11
cf1d2ca2-d035-40b7-9406-e33a9cc29ec3,52,1476970,AT,2024-08-11
a80515b4-0e80-45d2-98de-1c5088e27a37,53,2215430,AT,2024-08-11
e248f3e4-7d0c-4f22-81cb-11f66e70b570,54,1962663,AT,2024-08-11
58498b2b-a674-446a-8c29-17789a4588ce,55,275850,AT,2024-08-11
4e4a383f-dd58-4aad-b257-06560d992af4,56,1149460,AT,2024-08-11
c121a72f-7bb7-4296-b4a4-d2649dbe1bec,57,489830,AT,2024-08-11
437d8bfd-1fd6-4ad6-ba4c-6b4866fb1b33,58,1286680,AT,2024-08-11
952359e7-4dfe-4741-9728-56d6255f4e25,59,41962,AT,2024-08-11
2ad3cfa1-c918-4dfc-b656-abe2fc843fb8,60,782330,AT,2024-08-11
770781e5-87e5-4c9d-8e0f-7862235d3b6b,61,1326470,AT,2024-08-11
263db9af-b4c5-4b04-b90e-ac30f1b1de73,62,49520,AT,2024-08-11
96fdc2a0-0d6d-4446-b92b-69e1183b3134,63,1203620,AT,2024-08-11
abe86b66-8b50-44b5-9b21-efe71e3b0f88,64,202970,AT,2024-08-11
70a267fb-cddb-4a76-96c0-cf03d418b7e2,65,1151340,AT,2024-08-11
36061450-3a66-4ff1-8294-f6c129098691,66,38150,AT,2024-08-11
6708ec43-c3d7-42cc-b7bc-87c2e231bf00,67,2519060,AT,2024-08-11
99992469-e9a4-445a-b71b-e4515f3a23ba,68,39394,AT,2024-08-11
82f040d1-f4d5-4c03-b6fd-b558de77113e,69,393080,AT,2024-08-11
8da7d5bf-5aef-4d60-9a8c-5e4ed36f2826,70,1716740,AT,2024-08-11
2aca0c17-72c1-4629-98b5-c026a5437c77,71,359550,AT,2024-08-11
e9e187c4-5062-4b0a-8ccc-708b11cf5c5f,72,40143,AT,2024-08-11
136dc05a-237a-41f5-ba12-38c8d9790121,73,1599340,AT,2024-08-11
bfe451c9-adc9-4463-b79b-07abefed9921,74,1144200,AT,2024-08-11
b6682b6f-60d4-4ead-98e5-824c39886324,75,2305840,AT,2024-08-11
5a44f56c-5351-48f4-af5a-ec9a261210bb,76,41122,AT,2024-08-11
c7bb8378-a175-4928-9956-58b9a02c64af,77,2488620,AT,2024-08-11
bbb6df31-40f7-4717-8782-47bbb9b15335,78,1363080,AT,2024-08-11
69d48675-8233-4cbf-a686-5e921729e549,79,199943,AT,2024-08-11
c10dc2ce-c56c-45d5-a5c2-00fad0777d97,80,1551360,AT,2024-08-11
e215e68c-6cee-42e5-9ec1-06f886b71e4d,81,2751000,AT,2024-08-11
bc1c7211-d54f-4811-ae1a-f2bfb2fd685b,82,582660,AT,2024-08-11
492004d5-8c6c-48f5-8b9e-0dcf510abd9c,83,494840,AT,2024-08-11
900b5cd0-eb38-43d0-b4bc-1b5f7d69ea40,84,39471,AT,2024-08-11
eecc7d15-d20a-48fa-b42f-82463f9be675,85,1232580,AT,2024-08-11
1e42e942-1ec0-41f5-aa79-84f0d08d8397,86,2141910,AT,2024-08-11
9754a3d2-a40a-4875-9e9c-ea3122cf8a63,87,43422,AT,2024-08-11
88b6dbdc-5368-4889-ae28-f89fd3187256,88,1091500,AT,2024-08-11
8c486f6b-b4f4-4de4-81ae-8047617f5f61,89,413150,AT,2024-08-11
704f0dfd-f744-4917-a503-1348e1c5bfb4,90,594650,AT,2024-08-11
9f35036c-bc5a-4f84-9446-dc10e7b7cc83,91,1244460,AT,2024-08-11
d9149e9e-60ae-4413-aaf4-cae1ce4f6dd4,92,546560,AT,2024-08-11
a6dadbcb-d699-455c-b1d4-40052ca0e626,93,1562430,AT,2024-08-11
5bf81ed0-6109-4025-9140-407660d7fadf,94,2591280,AT,2024-08-11
49e817fa-0877-4af6-bb2a-e6d26c76869a,95,427410,AT,2024-08-11
e77fe261-4eb9-4b4c-b193-1206d3bee729,96,784150,AT,2024-08-11
10f8ac56-bf31-4d61-995f-9a1daad2a1e6,97,1282100,AT,2024-08-11
d2cf28ba-839d-4297-bd4b-5312ba055192,98,1643310,AT,2024-08-11
4d8069a6-879c-4522-b9f4-e01be6920e4b,99,1017180,AT,2024-08-11
0f4b0238-6f8f-4fa5-aead-6be2f50eccae,100,1284210,AT,2024-08-11
c0200271-f29c-4f09-a53c-4ea6f35df4a7,1,2358720,global,2024-08-11
7ef97d43-d7d5-4119-a48e-d72dbf5ae304,2,730,global,2024-08-11
9f397fd7-2240-4a25-bf39-dbcc5b84d626,3,578080,global,2024-08-11
c8915ec7-af69-4d98-b50e-11a46b97895e,4,1675200,global,2024-08-11
5cd0a354-d988-4f2f-b818-f48797a65e8b,5,2074920,global,2024-08-11
e4adf354-daca-408b-a25b-be57bac18f92,6,570,global,2024-08-11
fa36015b-a967-421e-aec3-6ea2ab465a4a,7,1593500,global,2024-08-11
aad74b48-2fc8-46f9-9d76-371341aa54ce,8,2183900,global,2024-08-11
24548c13-7ebb-4d2b-8d12-e10a4860b39a,9,33369,global,2024-08-11
b37c62ba-19b3-4532-981c-ef5fd3beb08a,10,1245620,global,2024-08-11
ca42a539-272e-4a34-9715-cd32b21bc748,11,397540,global,2024-08-11
e27c9acd-acf4-400e-b91f-51475f51faa2,12,2933620,global,2024-08-11
37de9306-0688-4696-a32b-b5e0c8f132c3,13,553850,global,2024-08-11
dd979bad-2e38-4194-b7e5-1cfeecfddd05,14,236390,global,2024-08-11
5d2777b8-8960-488e-9942-f09567ef0d6f,15,1086940,global,2024-08-11
e4e47439-5977-4321-956e-aefcb9edc0e8,16,1203220,global,2024-08-11
233005c6-0978-420c-a72c-19ac8bb1103e,17,230410,global,2024-08-11
dd723f8c-67a5-4e14-b95c-604e1f9605a2,18,2139460,global,2024-08-11
90d97fa4-77c1-46e0-8097-56da75b25ad9,19,306130,global,2024-08-11
0370b87b-d217-4f8e-a432-727db3e97141,20,2638370,global,2024-08-11
ac1e67ae-9629-4aa2-9cef-91b0641d8fc3,21,2344520,global,2024-08-11
b75153e2-37f8-4b01-a381-db210dfb6c6e,22,271590,global,2024-08-11
aff36e75-b7c2-4fc0-b6f6-25ff1efdd9f9,23,311210,global,2024-08-11
2427a6b2-ddab-402e-8933-5d49299ac56d,24,1085660,global,2024-08-11
c2be5ea6-a238-41fa-9fae-fca83367ac0c,25,381210,global,2024-08-11
8c64cd29-88e4-4dba-8000-415919313806,26,1449850,global,2024-08-11
6ff423e7-6186-4543-9076-ce1bc9ad4f3a,27,1222670,global,2024-08-11
f11d400f-1350-4c9d-96d3-6da8f67b8abe,28,1172470,global,2024-08-11
7f7aacda-3d27-4a81-ba60-7fb8070e5f21,29,1237970,global,2024-08-11
6d6b5b36-cad6-4135-9c9a-f5e996384c47,30,2778580,global,2024-08-11
b78f00c2-8d8f-4cf9-b591-bdbdc12b9ac5,31,393080,global,2024-08-11
c22baaa7-bb54-4c5c-b3ee-0342cf1d5f6f,32,2142790,global,2024-08-11
d1c7822d-4365-4480-91f4-c61e93a32de6,33,377160,global,2024-08-11
78bce9a9-0aea-49a5-983a-d7e5d22ffb07,34,489830,global,2024-08-11
902d0f51-d6dd-4081-9cbf-1fc2c8c75d33,35,413150,global,2024-08-11
a150edf5-85f8-498a-a0ab-b527ae2f1dc5,36,782330,global,2024-08-11
8f377ffa-977d-42b4-a31b-d618c953b33d,37,49520,global,2024-08-11
cf2797f2-3741-4127-b0fc-e78a866becf3,38,2567870,global,2024-08-11
bf8b1459-1d17-43ec-aef2-68d9686a5e16,39,252490,global,2024-08-11
be760947-3f92-4de7-9d1f-3c449964d55f,40,440,global,2024-08-11
929d5aeb-7a7e-41b8-a41f-79894638e9de,41,359550,global,2024-08-11
45d0afe9-2fe5-4315-b626-054819176c2b,42,5700,global,2024-08-11
78785efa-4f46-47a2-a1b8-91fbb5c389ff,43,1151340,global,2024-08-11
c95b8286-372b-411f-bc4b-3f214fb93d22,44,1962663,global,2024-08-11
363c4572-af30-4063-97be-2d2ddeb8594a,45,739630,global,2024-08-11
6b9bb630-6733-4a5a-8f04-c80bbbe0de6a,46,1286680,global,2024-08-11
d894aaff-6bbe-4f7f-8857-071e9e3d7f92,47,1091500,global,2024-08-11
136dd36d-7811-4413-b4a8-9f79e914ee49,48,2669320,global,2024-08-11
8ff9eac4-ba8c-4149-9491-fcced1255808,49,427410,global,2024-08-11
738837a5-d788-471a-a345-8aa24e6636c1,50,2215430,global,2024-08-11
40706082-f0c2-433d-8929-34b9df497000,51,1144200,global,2024-08-11
f73e4dcf-b5d0-48d3-890f-cb8fa90fad52,52,202970,global,2024-08-11
71a28a1d-cbba-4c1f-bb9d-1fe918f1d2fb,53,2751000,global,2024-08-11
26e95b0e-9823-4f21-9654-a0e8d8f102ae,54,1938090,global,2024-08-11
38736e62-1a5f-4906-8a74-c3d7948f71f2,55,1716740,global,2024-08-11
dbb89c4b-56bb-444f-894e-1aa5e0760e84,56,251570,global,2024-08-11
4f1114d6-dd19-4877-9cc1-a1acd9a1dd55,57,199943,global,2024-08-11
e779e315-d65b-4124-a489-d2cf7e91722e,58,2400510,global,2024-08-11
1209a21e-4ba2-4a60-b68e-7dae44eacc5a,59,38150,global,2024-08-11
b19c3b93-a917-483e-a75a-810f2fee0e7f,60,1517290,global,2024-08-11
e9e67ed6-4284-49cc-bd50-aca9fa4def2e,61,15435,global,2024-08-11
a6e091aa-74f2-49c0-94ac-a9f2d8e9b6c0,62,1172620,global,2024-08-11
c416444d-b2d0-4e33-a3cc-9723ebe246a3,63,431960,global,2024-08-11
09680866-a061-4088-af47-fb9c67e9d83e,64,30424,global,2024-08-11
aba67ee7-567b-44c0-a673-a78b311c1b09,65,548430,global,2024-08-11
3fd107cc-44fb-4166-8f4c-39b7f431186a,66,1282100,global,2024-08-11
4cc40f1b-e51e-4f9f-a375-eb5de2056a80,67,2195250,global,2024-08-11
ce3e7afc-25bc-4ff7-bb34-569fc37b5384,68,261640,global,2024-08-11
bd46a67d-7ad5-4d39-a170-8b4da4944f9c,69,1985810,global,2024-08-11
a5707b67-c3d2-4cad-ab8c-481b8813eacf,70,552990,global,2024-08-11
b2945537-730e-4fea-bed4-e192bcf02281,71,1326470,global,2024-08-11
9e07fb18-422c-4a8f-884d-3f089f9126df,72,814380,global,2024-08-11
609f7180-82f7-4137-8061-05fce624e313,73,1476970,global,2024-08-11
3f068f1a-f1fc-4a13-9841-025dd22e5b01,74,1316680,global,2024-08-11
8af4862f-41ba-44d9-819d-4d9086ac680d,75,1623730,global,2024-08-11
20cebb1d-0f0f-4e7f-8b6b-717181123056,76,582660,global,2024-08-11
6026ff3b-007a-4124-98a0-f1390158d7e8,77,1551360,global,2024-08-11
0b0379ce-b316-4446-b010-d872a45770c8,78,2519060,global,2024-08-11
347b5533-98eb-42ab-9449-8d0cb229e76c,79,1659040,global,2024-08-11
891a9362-d79d-4529-a039-3dd1cd207094,80,1238810,global,2024-08-11
f9acd6e8-c474-4075-ada0-a3e8d6635888,81,1149460,global,2024-08-11
e9925c65-8697-4bbe-bc6f-3d3f634927e3,82,294100,global,2024-08-11
520ac1d6-6fc7-4abd-a737-f6403f406587,83,2016590,global,2024-08-11
393fdfb7-582c-44fc-9151-e084d7da42e1,84,223750,global,2024-08-11
d1f04b42-87dd-480e-885b-1344c85efa37,85,1966720,global,2024-08-11
c82c2729-a698-4d8d-b56c-2a8dbab9164d,86,2357570,global,2024-08-11
cb19ec49-e2f1-44c3-a63d-c11e2f3caf52,87,1174180,global,2024-08-11
23308e8d-fecc-4e14-adc8-851946ef6a34,88,108600,global,2024-08-11
a9c32ba9-c5ed-4002-a3ee-6de928d555d3,89,1203620,global,2024-08-11
bc6e18e7-28a4-4eb0-85b6-dafe1fe4d12b,90,2881650,global,2024-08-11
2d89d004-228b-4f79-8ed3-e312d24729b0,91,546560,global,2024-08-11
0306323a-3ac1-4671-8758-4b02f21475d9,92,2526380,global,2024-08-11
11216ae6-04be-4fca-be20-554568a633f7,93,2336880,global,2024-08-11
874763fc-6ed4-413c-a8ef-7ffde2506794,94,2366980,global,2024-08-11
a10fbc50-4a55-42a0-afb7-97fe2cd51f3f,95,2406770,global,2024-08-11
361bbfdb-5c6d-4ac8-affb-a4df80a44366,96,2396980,global,2024-08-11
0e95197d-1dc5-4991-af34-7ddb1f514224,97,2670630,global,2024-08-11
3ca948c5-ee85-40f9-84e7-b5b70a067c79,98,1250410,global,2024-08-11
af9b0aee-b4ca-4c71-ac3a-9df69cda4149,99,227300,global,2024-08-11
c1b8c2dc-09ba-4479-861f-63c743b8540c,100,992300,global,2024-08-11
fabd6894-c888-4491-85c2-3ff600c14e6b,1,730,PL,2024-08-11
02fa5bb1-56e9-4938-b908-ea74ee2cbc45,2,1675200,PL,2024-08-11
ffd460f8-35a5-4b4a-a9be-46a5c686ef2d,3,1593500,PL,2024-08-11
fbd56610-78d2-4b16-9524-26575adfe5f9,4,1326470,PL,2024-08-11
8f014345-8750-459c-a44e-5a17e4cccada,5,238960,PL,2024-08-11
dc6ce642-6f98-44c8-a5ab-82fda37dc077,6,397540,PL,2024-08-11
69424b92-4583-4282-9694-e3f942d61728,7,33369,PL,2024-08-11
5581d0dc-0717-4b5c-b12d-1466e0541503,8,236390,PL,2024-08-11
33d15c47-9754-486c-b470-aecf8ae8070a,9,570,PL,2024-08-11
76d359be-7749-4037-a23a-661f243bd4ed,10,2638370,PL,2024-08-11
ca37a079-7db9-49fb-997e-1893ab8fb129,11,1086940,PL,2024-08-11
ea047af2-d4cd-4877-9855-7b9ca4771fef,12,739630,PL,2024-08-11
40328cc9-af27-4932-babe-973d06073fb7,13,2669320,PL,2024-08-11
9a931a35-02b0-4c4f-8045-1bc2a8254cf6,14,354231,PL,2024-08-11
47dee510-e2cc-4e12-bdb8-1c98fbe453f8,15,1059530,PL,2024-08-11
035c70e0-878b-48f3-b9c5-fcbd9e1f1138,16,381210,PL,2024-08-11
62bbbc52-c61e-4cc5-933a-f365bd94f16e,17,5700,PL,2024-08-11
cb671163-61cf-4973-9ba5-4241ea835a86,18,2074920,PL,2024-08-11
6240bc93-732d-4979-86f6-20394e31d3d7,19,271590,PL,2024-08-11
0f28cde7-5d25-41a3-a46e-d399c2eb3c97,20,1222670,PL,2024-08-11
ea051c85-8e69-467d-85bd-9dd4c676acd2,21,29097,PL,2024-08-11
a762513e-e808-40d6-bcb8-9b278d7ba665,22,227300,PL,2024-08-11
dae2680f-4a30-49e3-a64a-dba9cb248932,23,1245620,PL,2024-08-11
167f60c3-e71a-45a6-b9d5-1313d804c783,24,444200,PL,2024-08-11
0db664c4-17cf-4af2-b650-f6f1b93e27cc,25,15435,PL,2024-08-11
b68e6ff7-95f9-4257-af47-4602b36c1a6a,26,22933,PL,2024-08-11
559af0dc-cb18-4db6-8f45-ae138943e53a,27,489830,PL,2024-08-11
266fb85e-6235-4025-9785-bee221d31bf2,28,553850,PL,2024-08-11
63eabfa0-bc92-4627-a037-766e86e47898,29,306130,PL,2024-08-11
7edf3e2f-eb31-4ddc-a846-f741745222cf,30,782330,PL,2024-08-11
86d722e6-65f0-4f1c-a59f-dd5fdee53533,31,49520,PL,2024-08-11
ab466240-4e3a-47ef-9e2e-a47452ae049b,32,550470,PL,2024-08-11
866365e4-1fd4-48b8-ac73-1668f8527c60,33,2183900,PL,2024-08-11
517ae316-8f81-402f-9224-ab2fb98e9bbf,34,377160,PL,2024-08-11
11c5193f-85f7-42f4-ba19-c0417d0ef0f8,35,230410,PL,2024-08-11
bbb00557-9108-4fa6-9f56-fe9010ccc538,36,1846380,PL,2024-08-11
e911c5bb-cf9f-424e-b44d-3fe941e71a20,37,380600,PL,2024-08-11
de1879a4-62bd-4f3d-b4a5-19f936a202e3,38,30424,PL,2024-08-11
7cc95932-76db-445d-bf0a-b0d85ae36c7b,39,578080,PL,2024-08-11
35f0a510-bc89-407e-a338-48679491b70a,40,440,PL,2024-08-11
272e350d-627f-425b-961c-19a4d728f419,41,2405,PL,2024-08-11
86420d0c-0309-4e0e-8c75-52428a14e945,42,1237970,PL,2024-08-11
41aca8c8-6ab5-4270-87ea-b0968469018b,43,2344520,PL,2024-08-11
8c51383f-49d2-4825-bbfb-02590b799811,44,38150,PL,2024-08-11
77a40823-d459-44fd-9ec3-c0f7007c3791,45,2567870,PL,2024-08-11
7f3765f6-ad48-43d5-9af2-e4dec69160f3,46,2778580,PL,2024-08-11
4d160e59-b91c-4a2e-8721-b248ba0b91c4,47,1551360,PL,2024-08-11
a0ccf8e9-bbc4-4e53-9b13-7398370903ed,48,2195250,PL,2024-08-11
6498ddb6-2d00-42f7-9e43-be5ece058840,49,199943,PL,2024-08-11
a90907e8-8335-4d8d-8ac3-7bd2c9019029,50,2933620,PL,2024-08-11
e50580f0-7252-484f-a6cf-186379173ceb,51,284160,PL,2024-08-11
96254ec8-297c-450d-8b25-9d265370f45a,52,1091500,PL,2024-08-11
f2ebcbf4-e226-4ae1-813a-bb6cab53b6f0,53,2215430,PL,2024-08-11
0c976616-d1d0-4538-94d2-7304bbcebf5a,54,40111,PL,2024-08-11
d5248522-2d3b-41a4-a6d0-38d7232df711,55,2139460,PL,2024-08-11
2e4a41fc-050a-4d61-b040-d4229b6f7b5a,56,252490,PL,2024-08-11
0d055891-0755-4493-bc67-c6149eaa7be6,57,1222680,PL,2024-08-11
7414bec3-9822-4399-8b1d-402b6f0c9b86,58,2300320,PL,2024-08-11
a2eec7dc-1373-4486-a007-51892ca45c78,59,413150,PL,2024-08-11
a6812414-7dc0-40e8-b4f7-1bfcac8a7b9d,60,2358720,PL,2024-08-11
91142676-bc8a-46f1-a868-6296fab9506a,61,261640,PL,2024-08-11
53c9307b-7637-4bad-8e32-1d61ee994f4b,62,1248130,PL,2024-08-11
4a4ee3f7-0a5a-4239-a631-206aac96d218,63,1172470,PL,2024-08-11
21b60c70-188d-40e3-87f3-9e5d6104443f,64,1286680,PL,2024-08-11
9a7ffdc8-9258-4c34-9e81-ae3aecf984d4,65,1599340,PL,2024-08-11
83c22e2c-4124-4d17-836e-7d84f3f1423f,66,39210,PL,2024-08-11
876c509b-eeea-48ce-804a-432572fe1dea,67,546560,PL,2024-08-11
539b3c57-a054-4e70-920a-9e4cf4544f8e,68,1172620,PL,2024-08-11
7aea9076-ec44-4a4d-b514-a40af98732e1,69,250900,PL,2024-08-11
8e03e394-0697-42d9-91e5-babf859e9799,70,2751000,PL,2024-08-11
06880681-f6d0-45ec-a6b4-8cfa8a7ae88c,71,2000950,PL,2024-08-11
b0de707b-50dc-40fa-abe3-03699c95dec9,72,1151340,PL,2024-08-11
3874bde7-82c4-4be6-baf7-3da025185bf6,73,294100,PL,2024-08-11
6f4ca243-f1d1-42a7-af66-62b8831c51d8,74,548430,PL,2024-08-11
d8035e1b-046a-42e1-acb7-81f9d738033d,75,582660,PL,2024-08-11
0a380d0a-5d99-448e-abed-f385deae6688,76,1332010,PL,2024-08-11
27629389-48e5-4804-9570-4949ca5c3d7d,77,379720,PL,2024-08-11
668b499b-d458-48fc-ba52-f55ae94ef36b,78,1517290,PL,2024-08-11
9d63a446-2787-4824-91ac-da43dfd3622e,79,242760,PL,2024-08-11
d750b7cf-2efa-4c89-a187-243ec4fac75f,80,447040,PL,2024-08-11
4229d7b7-542c-4725-a9ae-6c204f5f067f,81,1222700,PL,2024-08-11
faf1c87e-eb14-4933-87a7-2a84e7083110,82,1250410,PL,2024-08-11
0bb85b81-6ab6-4825-a4d3-1e22ea8d5cc2,83,612880,PL,2024-08-11
b0737147-ba39-4dae-bd43-8f0a101ae4c5,84,1818450,PL,2024-08-11
98f72d8c-75e8-44e3-83c6-b6527533ae60,85,1774580,PL,2024-08-11
3e81cd27-c3cb-468b-bf29-927baf7da3c3,86,394360,PL,2024-08-11
422de682-a9d1-43a4-befc-d9858b964c30,87,5701,PL,2024-08-11
81945182-d0ea-4d61-9d33-1ef246bfd5f9,88,1174180,PL,2024-08-11
b42df3ec-f086-4871-b609-b320f5b88ac4,89,476600,PL,2024-08-11
8ff3b3c6-eacb-4019-9685-0f85dced6ec9,90,359550,PL,2024-08-11
a7694002-143d-49e6-97ce-7f88e9c7d9df,91,292030,PL,2024-08-11
8692d97d-6ea9-461d-ad34-a7b76d33033e,92,2322010,PL,2024-08-11
0436d6e1-a839-4254-999d-cbfe231cde5a,93,201810,PL,2024-08-11
e07fe05a-e162-40b5-a53c-c098d41f22d8,94,494840,PL,2024-08-11
89e8503a-7acb-44fd-b9ea-ecc251b2a0f7,95,2138330,PL,2024-08-11
81ea330c-b91a-4eea-9667-14816907b70f,96,1985810,PL,2024-08-11
8d9664a0-d7e9-4a33-a5b8-16ec601d39bc,97,1363080,PL,2024-08-11
f6986cb4-1537-4951-a633-56068231ba78,98,2488620,PL,2024-08-11
41c6fca0-d0df-4ca1-a771-665b928f1cc9,99,534380,PL,2024-08-11
7777c2eb-35de-4518-ab10-8d90d5bbc2da,100,37885,PL,2024-08-11
f60f67b8-b010-4584-b4a4-fe8137bd135b,1,730,AU,2024-08-11
7a3b2f42-6661-4bc4-aec5-3387db5f68c5,2,33369,AU,2024-08-11
22c2d9c6-b2e1-4e85-b8ed-6a8191c31242,3,2183900,AU,2024-08-11
201db5fa-1fff-40cb-898a-9b0e46c51416,4,397540,AU,2024-08-11
b2158c7e-2eb1-4cc7-a605-4ed007857dbb,5,1245620,AU,2024-08-11
a1ef9094-c8c7-48dc-a007-7c8b54044460,6,2933620,AU,2024-08-11
d088a5b7-630a-4787-8008-49a2a8f7a27a,7,1593500,AU,2024-08-11
064326e6-90ac-4c8d-b287-bb49874ff1f1,8,2074920,AU,2024-08-11
afb684c5-339a-46da-8ed7-d632054716bb,9,553850,AU,2024-08-11
8934f9ba-b8c8-4864-a395-cfc94e4012a4,10,2357570,AU,2024-08-11
4461db29-f353-4973-92bb-b3876218b23b,11,236390,AU,2024-08-11
afe5fc3f-47d0-446f-9814-ef4b38a61a6d,12,578080,AU,2024-08-11
800653f0-0ab9-475f-9c0d-ff43de2f08c1,13,1086940,AU,2024-08-11
f393c4f6-84cd-4f04-9ffa-8bfdb1f71a47,14,2638370,AU,2024-08-11
54e6ef2d-1cbb-4813-b847-eb0239b825e0,15,1085660,AU,2024-08-11
3908b76a-1532-4f58-895e-9132b223772c,16,238960,AU,2024-08-11
f2132168-4557-48e8-8c9e-6b5e5db7698d,17,230410,AU,2024-08-11
3b8a08a7-7ccd-4694-a89f-0dedd4110bb1,18,2358720,AU,2024-08-11
2cce11c0-dbd4-4b6a-b03e-27215fbc4717,19,311210,AU,2024-08-11
e90954e6-4338-442a-9c4b-d5fed1b105b6,20,1985810,AU,2024-08-11
9cc15e6f-741c-4234-8dec-c733d8563e3e,21,570,AU,2024-08-11
41b224b6-120f-47d6-949b-51f5fee6a550,22,2139460,AU,2024-08-11
48f54f17-5276-4f52-a4bc-7a206adc0744,23,2778580,AU,2024-08-11
23d0fba6-e43f-456b-b062-8fdacdf5bc9b,24,30424,AU,2024-08-11
0108e3a0-3fb1-4829-abe9-4a7094c70795,25,306130,AU,2024-08-11
67de975d-bf44-44ce-842a-0a6afe1aa071,26,782330,AU,2024-08-11
8c53235b-259c-4e44-bc99-a2a483ef9119,27,49520,AU,2024-08-11
21dbaf59-f59a-4136-9d1a-c1b72b243876,28,1222670,AU,2024-08-11
7baccc70-4957-47f9-a23b-c69999d833b3,29,38150,AU,2024-08-11
4a8e30d3-7319-4782-b6ad-a8b45c0a75a1,30,1938090,AU,2024-08-11
fe802fde-3597-4b96-8de6-d5b9db6980a3,31,252490,AU,2024-08-11
ee866f59-6715-486e-b5a0-a517e427abe8,32,489830,AU,2024-08-11
f3f758a0-1cb1-4875-aaa7-4ec70a0b3226,33,39210,AU,2024-08-11
d9af1799-9720-4206-9c37-908e6137358d,34,393080,AU,2024-08-11
51472a48-cc01-4058-8e13-26e028e9a37e,35,377160,AU,2024-08-11
d96374d1-abf6-4110-92c9-fcc8b09e689a,36,359550,AU,2024-08-11
5b60fbb3-4e03-4906-be7b-75c555e13b27,37,199943,AU,2024-08-11
ac36050a-3151-4c55-b587-fc81cb4f7d8c,38,2142790,AU,2024-08-11
bd7fc948-68a7-41b1-9deb-d9d65864c9a4,39,381210,AU,2024-08-11
3f819aed-aae9-4202-8d81-37768377e476,40,1237970,AU,2024-08-11
88ca697d-484f-4241-9e67-e358619f74eb,41,1476970,AU,2024-08-11
469512d0-4cb8-4486-b31e-2865073caa7a,42,440,AU,2024-08-11
ebf7d787-585f-4749-bea4-37a839e870a4,43,15435,AU,2024-08-11
91cc6c1c-9270-46bf-b5b2-063ffbd41bbc,44,1286680,AU,2024-08-11
77ffc558-cd60-4b4a-a87c-0a10beec65a6,45,427410,AU,2024-08-11
e38808d6-0cf7-41cb-a33f-60d36f4f8177,46,2790720,AU,2024-08-11
a05adda6-66e0-4b10-b0a4-50621de682fb,47,202970,AU,2024-08-11
3597dd23-92a1-4265-8b29-ee6094698962,48,1962660,AU,2024-08-11
c503606e-05ce-4e4a-b661-d08c62097960,49,2195250,AU,2024-08-11
e5610b7a-55f2-435a-bad4-ed20504bf40c,50,2567870,AU,2024-08-11
a9832830-6161-4885-b712-76491ef98833,51,2519060,AU,2024-08-11
153ca8a0-f7bc-4f9f-912d-045c22d76c4e,52,1172470,AU,2024-08-11
d1405a89-ab4c-4153-83db-68bb7568000d,53,271590,AU,2024-08-11
90db6611-d7ec-4081-94fd-20a6c6a930ad,54,1151340,AU,2024-08-11
d86621c1-35b7-4150-8149-5c388f7853ae,55,1449850,AU,2024-08-11
40db998a-6ee1-4a3e-b14c-66c804f9906b,56,15366,AU,2024-08-11
8e9a63bf-b578-461b-935f-cfa0b058c7ff,57,2400510,AU,2024-08-11
6ad6e5a9-abe9-47a9-932e-7fc133125b46,58,294100,AU,2024-08-11
04586675-e708-4dff-92f8-929ca25b7476,59,2344520,AU,2024-08-11
c334b2ca-6a16-4151-bd2d-8b29b245d840,60,261640,AU,2024-08-11
1338b09f-b2fb-44aa-bce1-809f3724f189,61,739630,AU,2024-08-11
725e553b-2e73-42c5-8cab-62dae63c8d36,62,1659040,AU,2024-08-11
0d6ea748-41ea-4f1e-aaf3-073432ee098a,63,413150,AU,2024-08-11
0a52f81a-0f93-46bd-af13-9e0d863eb056,64,2751000,AU,2024-08-11
71454adb-fc63-401e-ad2c-e254b027e40d,65,1091500,AU,2024-08-11
a940078a-e2d0-478a-b025-c6b9b79c185c,66,216150,AU,2024-08-11
32729ab7-378e-4eab-9955-50997ee5c3c0,67,223750,AU,2024-08-11
1cf9ac64-ad67-4383-a568-1ae7c12802c4,68,582660,AU,2024-08-11
dc9e89de-d0f5-40fc-8034-cddd5351edce,69,5700,AU,2024-08-11
81c7f89a-1b51-48b0-954a-a3d0906d24f1,70,1203220,AU,2024-08-11
9d007aed-b9b4-460b-a801-9cc44b5ce11d,71,2366980,AU,2024-08-11
ddd3c23d-713c-46a8-be93-874dbaabd0b2,72,1144200,AU,2024-08-11
7f70b101-2d08-4ad1-b578-9282aa66e48f,73,1282100,AU,2024-08-11
d7d5a26d-b928-451c-880a-1bf24d3e80b5,74,1149460,AU,2024-08-11
555b8144-969b-4597-be9e-ab7e573eb1cb,75,2399830,AU,2024-08-11
e05b618d-8cde-49ab-a717-eced50bb6d38,76,1962663,AU,2024-08-11
3baa89f6-fbf2-4b7b-8c9d-030f60544689,77,1716740,AU,2024-08-11
c0aadb4f-767f-4992-b606-2617ccc1d9c7,78,1172620,AU,2024-08-11
e8653b0a-d17b-4853-8916-a6b24b0e3fcd,79,949230,AU,2024-08-11
d3fda561-f88b-45e8-957b-cc52f69ad977,80,2141910,AU,2024-08-11
15e5f3fe-acbf-47cb-9108-047fcaae87dc,81,6451,AU,2024-08-11
2d4eed3c-c0f8-4dda-ac94-d695d464f751,82,2669320,AU,2024-08-11
395b6f89-ac6d-4b52-9d07-ad9f27b33ead,83,2215430,AU,2024-08-11
29c1c0e8-3e23-4cbb-aa3c-c67ce938e8ca,84,284160,AU,2024-08-11
fa9ca7aa-de79-427d-9c0a-e2350296e050,85,548430,AU,2024-08-11
f99c65d4-0f01-4325-9589-2bdb9d0a5899,86,2280,AU,2024-08-11
c51f0750-628e-4b27-b319-505c5be21f33,87,2315690,AU,2024-08-11
08f5802b-5843-40d2-aba2-670a17f3ef48,88,1517290,AU,2024-08-11
8f787f3b-e69d-4407-9438-ab97e9e493c9,89,427520,AU,2024-08-11
5d84425e-71e7-409f-8fda-ad4d0ea0ba79,90,2943690,AU,2024-08-11
df15ecc7-1c64-4376-b591-9c4bd9745f56,91,1551360,AU,2024-08-11
7e87663f-9b62-401b-ab2a-a3b1a086b3e1,92,1316680,AU,2024-08-11
c568a495-e534-475a-a7f0-390ed0e5bd70,93,1562430,AU,2024-08-11
b4de66e5-0982-444a-901e-7223f324fdaa,94,546560,AU,2024-08-11
14490b5a-885c-404b-89bf-af464f5f9910,95,251570,AU,2024-08-11
45e90ed8-e59b-4873-9dd2-bdd109576683,96,292730,AU,2024-08-11
59b701b1-2b24-416e-8d59-4222440399e2,97,1142710,AU,2024-08-11
923db9fd-2ee4-4b35-887f-a3e2d70c68f1,98,1599340,AU,2024-08-11
125e57e8-a651-4ef6-8a8b-5241fba1a7f4,99,960090,AU,2024-08-11
2a6feab6-08e5-41e6-8389-27ebec76733b,100,2670630,AU,2024-08-11
2fa750f0-7977-4ed7-8e0c-3c0b4db714eb,1,1449850,JP,2024-08-11
45a5e889-3f29-4190-8fde-5af33f9f6f4b,2,2074920,JP,2024-08-11
0f1e3279-64e2-43bf-b50d-d8f2302aee14,3,1172470,JP,2024-08-11
23034be4-e782-4237-841e-b6f8ad81ea3f,4,1672500,JP,2024-08-11
163df730-af16-4963-8cf5-063fe235fe94,5,2344520,JP,2024-08-11
0586a507-191b-4c96-a4d3-4e19f6111f64,6,1973710,JP,2024-08-11
a6e33406-ee28-4015-8205-83c5c5cf514b,7,2291060,JP,2024-08-11
b78b16b9-3b25-4b77-ad32-b529227f7f17,8,1336980,JP,2024-08-11
6423a8b1-d485-497d-ab9d-c2d77e03b47e,9,1245620,JP,2024-08-11
3992b103-3395-47f1-b91f-d15ea9cc9a5d,10,1364780,JP,2024-08-11
733efcac-7238-4480-8adf-429711f9590f,11,2972990,JP,2024-08-11
10a2097e-0c14-4b89-a181-01f24b6758fd,12,2526380,JP,2024-08-11
870776cb-6f7d-4e8d-b019-21f4ea23ac74,13,2396980,JP,2024-08-11
657f9846-b0ce-4cec-912b-ae63ca28fd07,14,21478,JP,2024-08-11
233135f6-bcdd-4c81-87a6-f950d2bf7f58,15,582010,JP,2024-08-11
666a92e1-233a-479c-a5b0-ea8deffa8f59,16,1875830,JP,2024-08-11
e3e4347c-8628-47bb-bf23-1b8002e00fca,17,2668080,JP,2024-08-11
e4176a94-214b-454f-9f73-698e18b7444c,18,251570,JP,2024-08-11
d5d2bc6c-758e-4b5a-a9b8-0f7e88c59bd3,19,2764370,JP,2024-08-11
f66f3679-1bbe-4860-a443-06dae1d7b887,20,13013,JP,2024-08-11
140a66f1-d7b9-4abd-9eba-a961459a9e86,21,381210,JP,2024-08-11
ab9c6cf7-2e62-4a8b-9b8b-6fa680f8cd84,22,397540,JP,2024-08-11
7ffa9fe2-0f54-4df3-84df-79a17be91b07,23,271590,JP,2024-08-11
063e5d7a-0fc1-47c8-8deb-f5f4dfde1923,24,2139460,JP,2024-08-11
e0244c32-0158-4bbe-907b-cf1a0a93394c,25,1593500,JP,2024-08-11
0813230c-dc61-4601-9548-355ad4dfde91,26,2215430,JP,2024-08-11
ff555a70-cda1-4f0e-88b3-3bbb4cadc7a2,27,898750,JP,2024-08-11
ef51dc98-59ba-4dc9-8658-c032832858d1,28,2399830,JP,2024-08-11
e89c4ab6-cc24-43f1-9ec5-04d7cdcca187,29,2989950,JP,2024-08-11
38ff724e-617e-4e9c-9dd9-5d462005c8ec,30,2358720,JP,2024-08-11
ad248ef5-1274-4764-9178-0f857a028e11,31,1118010,JP,2024-08-11
45bd1793-680f-45de-8212-15cf1b100fcc,32,5700,JP,2024-08-11
56e6d076-e222-4be0-beb4-d4802aa1f8eb,33,1623730,JP,2024-08-11
f5d93d45-bdd9-4bfc-bb7c-64cacb57d593,34,1295510,JP,2024-08-11
a2a32948-4ab7-4923-bc14-879d0ed22bb8,35,33369,JP,2024-08-11
c2584d4f-c002-4550-a5a9-5e39e5dde325,36,377160,JP,2024-08-11
39dcb81d-2eb6-432b-a715-883e02d73607,37,2567870,JP,2024-08-11
656b5fab-e3a5-40a7-8b38-6b43d15f00b0,38,578080,JP,2024-08-11
98697590-3c45-44f7-b63f-baa2779ec6b8,39,252490,JP,2024-08-11
aa0a1600-7d27-4102-8d1e-0e4c98cefa94,40,199943,JP,2024-08-11
9a4106e4-210d-4d11-bd2b-2d5a60035b5f,41,2778580,JP,2024-08-11
b990fa6d-a256-4bcb-a6e8-4042d9d52ec8,42,730,JP,2024-08-11
727d860f-7568-43cf-94aa-e3698848da23,43,39210,JP,2024-08-11
119238cf-52c2-49ea-82f1-77095adbea17,44,1237970,JP,2024-08-11
6469e4e1-9ec8-480b-92d8-334884278b54,45,2739590,JP,2024-08-11
669ab954-be3e-4f9f-8096-620cf7e8ab46,46,1446780,JP,2024-08-11
15d4c49b-6231-4991-ad3c-69b09b976e47,47,1091500,JP,2024-08-11
9818bd4e-c09a-455c-944e-75b4eb80dc9a,48,1151340,JP,2024-08-11
49532f28-1410-406d-a97d-d447a73f09ec,49,23161,JP,2024-08-11
2802e5a5-2e22-4c0c-81c2-c22199fc826b,50,2400510,JP,2024-08-11
e872dc2b-70c8-4847-95e0-e30a4d390fa4,51,30424,JP,2024-08-11
0dab0373-61f8-4ff1-824c-e39cce883db4,52,1422440,JP,2024-08-11
33436fb5-4449-42ce-81b9-887e75a9cb96,53,728530,JP,2024-08-11
e6372fe3-ac62-4cb0-9a56-7d685c4154e8,54,346110,JP,2024-08-11
62cf3538-d8fa-4d7b-b4cf-dcd4bdd84872,55,1790310,JP,2024-08-11
54021daa-3c17-426f-a321-17870ec922b6,56,2016590,JP,2024-08-11
03185068-e7f7-41ff-8bba-59cab868862c,57,1477070,JP,2024-08-11
b1561160-9bc1-4bbd-b0bb-5bd60a9306d7,58,949230,JP,2024-08-11
94507fe7-b8d2-4dfb-8ed2-be1cdec8de12,59,413150,JP,2024-08-11
3a654aa3-3afd-48dc-b77d-0cf54ae15532,60,2064650,JP,2024-08-11
db160393-0767-4e7c-83f2-3b9186dd40c8,61,1149460,JP,2024-08-11
f0aca197-5a6e-44f6-a277-bc3fe197a2ea,62,2357570,JP,2024-08-11
91642df3-640c-4aa8-a38e-12c121e6d764,63,1222670,JP,2024-08-11
b2312db9-5e21-451e-954a-53df8c7fee08,64,692569,JP,2024-08-11
f0f4d564-a736-47f0-a028-13e42f527d25,65,2933620,JP,2024-08-11
0a9fc16d-c44a-4313-9250-4fe762dc994a,66,2161700,JP,2024-08-11
62d3e45a-3561-4f1e-9b0b-a745f199f488,67,489830,JP,2024-08-11
7f8013ab-b349-4e3e-94a2-156a3246271f,68,2051010,JP,2024-08-11
7636c38e-1772-4e2e-8054-30f3f633df08,69,230410,JP,2024-08-11
c9f6b639-befe-44fc-91c6-1f316a3594cc,70,2322010,JP,2024-08-11
2ec9623a-1fd9-42fa-b2be-e67ebd4b7a73,71,2963870,JP,2024-08-11
39d05cc2-cbf6-4213-9416-271736b8b9f4,72,427410,JP,2024-08-11
f53c4cd2-6ea2-4b2f-85e9-f0b64c079834,73,2490990,JP,2024-08-11
08525e68-1d2b-415b-a6dd-8154a7520250,74,1384160,JP,2024-08-11
a45f18f1-23e3-467c-bf40-5306d288bbc0,75,1361350,JP,2024-08-11
efdccddb-02c1-41c6-bcf7-ca1f943ebdf7,76,1173820,JP,2024-08-11
39e30fe2-4438-4f36-8da7-43d0e978e498,77,1173810,JP,2024-08-11
b5c24fcf-a380-4115-88ac-b003ce1d3fb1,78,294100,JP,2024-08-11
2078788d-42a5-4a3e-a98e-9c5fd29f7632,79,739630,JP,2024-08-11
c3b67ee8-4c08-4766-ba99-7c29fab6ffa6,80,1031500,JP,2024-08-11
bd04b1c1-ab13-4dcd-a7ba-50e7e5f5f186,81,1085660,JP,2024-08-11
2aa06f4d-55ea-4420-a641-b5f343e8d538,82,223750,JP,2024-08-11
0598c87f-cbad-4925-a936-1718dfd14f3e,83,2586520,JP,2024-08-11
d5a0ff32-b2d3-4fa3-b5da-5dd76219d819,84,2510710,JP,2024-08-11
80b47f0c-b2f8-47b5-8a5d-1e9fdf2d7afe,85,1659040,JP,2024-08-11
4684f74a-135c-4f69-bc51-111f3d5c5a2f,86,1888160,JP,2024-08-11
2ef064b7-ab86-4ae2-9a1e-e2754b29eb4d,87,2141910,JP,2024-08-11
504631fa-9236-452d-8695-33939deeabca,88,1282100,JP,2024-08-11
5620194e-fdf1-4855-a87b-132aa87513d8,89,648800,JP,2024-08-11
795b87be-2f33-44a3-8ba8-272b1a4443d5,90,1730700,JP,2024-08-11
035ecc43-40e0-436b-a7a0-362a79609bff,91,1086940,JP,2024-08-11
ec74e176-aee5-4e28-be10-3ef1ac170561,92,2552430,JP,2024-08-11
eb2e87d8-b155-421a-8fe1-ea66f0f561ad,93,2111630,JP,2024-08-11
b46f785b-c974-404e-96ea-cd12ee8ae40c,94,992300,JP,2024-08-11
046a568c-6fb5-4621-88b2-2451db64ed01,95,32470,JP,2024-08-11
c89d88e0-f547-4ff5-b798-147b5802eab4,96,1973530,JP,2024-08-11
0c57e074-fab9-4be6-bd1a-68e4f46868bd,97,33960,JP,2024-08-11
da247e66-643e-4702-a66b-9a3bc86a2180,98,2305840,JP,2024-08-11
6aaa1b42-5423-4ada-8cc1-a3253852d8f8,99,1367080,JP,2024-08-11
cd3e81a6-f9b3-4968-b7d2-d7908f26ad6f,100,2701660,JP,2024-08-11
6541033d-4b5e-47d2-ab7b-166ed6098bd5,1,1593500,BR,2024-08-11
1528a2ed-5bb4-4f75-9802-6dd4ded972fb,2,730,BR,2024-08-11
d6227bca-0834-4fec-9b6a-d7d0e6d014bc,3,2933620,BR,2024-08-11
8e0ed292-1001-4205-bd60-7fc84d0ec32d,4,271590,BR,2024-08-11
94c1686a-9170-4bf9-ba22-e72ca69b0bf3,5,5700,BR,2024-08-11
8747c42d-dfab-4709-89c2-7d9f94b2d27d,6,2638370,BR,2024-08-11
a77ec62d-c1b8-473c-9f31-8a84b4ea29c8,7,33369,BR,2024-08-11
3bf8ad9e-ce2b-44e5-80c3-587718ed527d,8,1245620,BR,2024-08-11
7913726f-61c5-49a1-b02b-5fd3762eaac7,9,578080,BR,2024-08-11
0db4ad36-e7ee-45b8-a49a-cfe915f2a92b,10,570,BR,2024-08-11
8b0ffcb5-e6d0-4fe4-8282-37e0b89e8b26,11,2358720,BR,2024-08-11
c03e08b0-57f9-43e4-9f77-0eea019a812e,12,489830,BR,2024-08-11
69feacbe-20ad-4f80-b9c5-b5b07c34cbd6,13,397540,BR,2024-08-11
11c1e4f3-cb2c-4444-9549-225265c558b4,14,2669320,BR,2024-08-11
c71b4894-ff97-422c-8b51-71735b2b354c,15,1086940,BR,2024-08-11
4b07b16d-a7d2-4037-88c5-fb544effc4b8,16,2344520,BR,2024-08-11
d989e34d-4c3d-4432-9520-4584ac221fe5,17,381210,BR,2024-08-11
ce410959-1694-4247-a86e-d4704b13a0bb,18,2074920,BR,2024-08-11
85e3e0e7-a5be-480d-a512-3850d9d61205,19,108600,BR,2024-08-11
f7b86277-258f-416a-be75-8db3c745e28e,20,230410,BR,2024-08-11
30ccafca-6d10-4105-83cb-6d874af7d723,21,238960,BR,2024-08-11
636a6b3f-7fdf-4011-b61a-34e4d625ebc9,22,1962663,BR,2024-08-11
b207e4cd-64f8-42be-8bdc-5fb6c4e3b686,23,413150,BR,2024-08-11
d2191094-7e65-4c79-8a2f-14c9abb4d36a,24,739630,BR,2024-08-11
5145b056-0d94-4459-9867-9e17ccf24156,25,2778580,BR,2024-08-11
012d4660-3181-4b7b-93d9-cf5e8faa2b7f,26,1237970,BR,2024-08-11
d403e433-c1d5-4458-b0a1-2c30a824a39c,27,782330,BR,2024-08-11
79eccf9e-8f22-426a-81e8-45f6ee2ed2b4,28,377160,BR,2024-08-11
e1a48115-ca48-4a78-afdd-b1ddecff26d9,29,1222670,BR,2024-08-11
4ef8fdcb-edb6-4056-9512-5c2d6755c814,30,2567870,BR,2024-08-11
69f406af-93f8-413c-a546-6748d435f552,31,1517290,BR,2024-08-11
c9f8c1c0-8483-4b95-a7cc-7a183eaac985,32,1174180,BR,2024-08-11
5e57ac9e-04c4-45dd-ada0-1e98bd1677f6,33,39210,BR,2024-08-11
16affde0-6a12-46d5-8485-2f7459755a4d,34,1091500,BR,2024-08-11
0726cf7f-ec08-4571-a94e-6da2d7885d98,35,311210,BR,2024-08-11
f0b4c12c-2368-4d91-97ef-beaf23cc6db9,36,306130,BR,2024-08-11
eeca8be7-165a-4562-87b0-d9efb7158538,37,2195250,BR,2024-08-11
e9104ccc-c038-4690-a405-e434b251fa2a,38,15435,BR,2024-08-11
070626b1-6fc3-455c-b9c6-f225e226d838,39,1938090,BR,2024-08-11
f2080066-31a0-4349-bff1-e720e3b157b2,40,1222680,BR,2024-08-11
41badb51-f271-4fce-97b6-83421e3ffd1d,41,1085660,BR,2024-08-11
6bf9415e-162b-4964-823a-de2cdeb13fed,42,447040,BR,2024-08-11
443066ec-79e9-4eec-be7e-c807b6b90ab7,43,236390,BR,2024-08-11
97fe3ddc-2d1c-4f3b-9f97-962af625139b,44,49520,BR,2024-08-11
0bce8bad-7e94-449c-9a82-b22e118ab939,45,1966720,BR,2024-08-11
8851d192-73a4-453d-8079-14b3bfca6614,46,431960,BR,2024-08-11
cda59a72-c08a-4412-bcc3-f6af12a82e53,47,553850,BR,2024-08-11
9f683e00-e48c-4f24-a2dd-b9461f125750,48,985810,BR,2024-08-11
99c33f66-9b7c-4c7f-bdd6-d41a507c453d,49,379720,BR,2024-08-11
836464d8-7b5b-4855-8cb8-7bbecf305d3f,50,2139460,BR,2024-08-11
2572b51d-99ff-4321-8c92-92a66f5a56fe,51,1286680,BR,2024-08-11
07d49996-ab93-4bcc-8d18-1eca77ca3092,52,1665460,BR,2024-08-11
d7df9caa-6ee8-4ca4-bd9c-5739fd4f0c32,53,1846380,BR,2024-08-11
d75eb15a-93f6-46e7-9da6-da15070b0f32,54,2780980,BR,2024-08-11
66fc430a-8528-450f-91b5-e99c7ecb0443,55,38150,BR,2024-08-11
7bcc2d77-c7da-4de2-8096-a4acaeec331c,56,582660,BR,2024-08-11
c451aa05-fcd3-4d05-9c8f-cfb2421cc85e,57,993090,BR,2024-08-11
9cbb442d-027e-4fed-bce7-21cbb6a6b6fb,58,440,BR,2024-08-11
f00ccf63-3db4-4804-9002-f10c6c38e31f,59,227300,BR,2024-08-11
a65d5c92-6981-4320-bfe7-22f56b1bd554,60,2142790,BR,2024-08-11
b227efed-ab44-44a9-97bd-9639c2490d73,61,359550,BR,2024-08-11
7184da41-c1c8-4f51-adc3-76359d220d1e,62,2000950,BR,2024-08-11
da3d13d8-d2d4-49b5-87be-7155753398fd,63,2488620,BR,2024-08-11
378780aa-8a69-45b2-9822-4024febf3712,64,1289670,BR,2024-08-11
f8293334-0322-4a0e-a9b5-1bb164c6ad74,65,548430,BR,2024-08-11
1959eb18-3172-4048-96e4-eb630bb3f378,66,199943,BR,2024-08-11
153f509d-5be2-460c-889d-9602d4684625,67,1222700,BR,2024-08-11
77621de4-01c4-4a4b-83f1-f635ba22ad49,68,2138330,BR,2024-08-11
c20a651c-085c-4834-9052-83205c776f32,69,32470,BR,2024-08-11
4dd36177-2c00-4d16-936d-5861cca773af,70,1985810,BR,2024-08-11
2e08dabb-b5c1-4434-91fd-f427f411c7cf,71,1250410,BR,2024-08-11
386e1598-6ae3-48c9-8f97-51dfb8bf4406,72,648800,BR,2024-08-11
e6623316-8068-4093-8975-702a950b45b3,73,1149460,BR,2024-08-11
812cc85b-7c63-4a6e-aa26-fa5a5a23bdb1,74,1238810,BR,2024-08-11
d409837d-1f49-4c48-88a3-66e86ec281b3,75,266410,BR,2024-08-11
bc7539ee-5790-43b6-9f68-c5d92792d18f,76,376210,BR,2024-08-11
4a2a88b7-335d-4257-95f4-f52a1c9c4b9e,77,1599340,BR,2024-08-11
1b24f5dd-ffce-4986-95db-461fb7f7e664,78,2881650,BR,2024-08-11
1e4f2743-49d7-448b-88da-9de049234449,79,1284210,BR,2024-08-11
a99769af-4c6d-482d-8815-972e29272c4c,80,1151340,BR,2024-08-11
7757e3f3-cc00-4b6f-acc5-40e0f743c1d8,81,2395210,BR,2024-08-11
ed5a4183-d76f-4789-b3be-488a46ced1da,82,1274570,BR,2024-08-11
fb178fea-d9e7-4a9b-a878-1cddccc8ac8c,83,2050650,BR,2024-08-11
b85d7fd4-7fbe-4813-a8ae-10bbc879157e,84,1551360,BR,2024-08-11
144bd349-8779-4472-8449-7b8cae3603e8,85,221100,BR,2024-08-11
3e146245-bd3b-46d4-819e-ecc4610758ac,86,2519060,BR,2024-08-11
bffc006d-9f74-4b2a-91dc-a48316a706c9,87,612880,BR,2024-08-11
22b86c41-1366-4054-bb96-07efdae8190b,88,1623730,BR,2024-08-11
06bd4020-a7d7-49a4-98be-4132424f3edf,89,268910,BR,2024-08-11
e0d361fa-f3db-42ef-ac42-9a9f87fda35a,90,1364780,BR,2024-08-11
a7f2f708-f5df-453f-bdf6-2da16bc07e97,91,105600,BR,2024-08-11
ae58dd07-ecab-43e7-b2fe-24f15f6da3a6,92,1092790,BR,2024-08-11
a5a26117-52f8-4fb7-bca3-44eb1178d727,93,2322010,BR,2024-08-11
2a778e35-bfca-4290-8632-ff7ffd14685f,94,1238840,BR,2024-08-11
82247067-b5c8-4f3a-a4ee-ab433beaef7f,95,291550,BR,2024-08-11
60c1099e-835a-4b57-a596-b3cbf376fb10,96,1238860,BR,2024-08-11
c6386e42-cca7-470a-989f-35705e482ade,97,2751000,BR,2024-08-11
819d6535-02e5-4eb5-948f-5a867a182a68,98,30424,BR,2024-08-11
af230618-ea7e-4481-9bc1-6c21bc470ae0,99,1677740,BR,2024-08-11
7d157684-2418-45f3-a7fc-9683ecf3a564,100,1562430,BR,2024-08-11
fe820c27-ea63-422c-bfb7-4493259f3c05,1,1675200,IT,2024-08-11
f3bf3a6c-f643-4488-929a-61b02fb8ad6d,2,2074920,IT,2024-08-11
c7ffc4f9-b08a-4d60-8381-0e3668cd8d99,3,730,IT,2024-08-11
36dc3c69-1a82-48dd-9947-a4cd94f21b04,4,1593500,IT,2024-08-11
a2104dec-bc47-43ce-8231-286e410d61df,5,397540,IT,2024-08-11
52d48f0b-7328-4d63-bf91-7516ac0191af,6,1086940,IT,2024-08-11
9482e474-489d-493c-b2c9-8f7e109197ff,7,33369,IT,2024-08-11
4beab1b6-fc84-407f-b76f-0a0d68916966,8,1245620,IT,2024-08-11
2fb4a63b-2b99-4095-80b4-8771d2944489,9,2358720,IT,2024-08-11
d3c52b64-e112-451f-a15c-c8b4eb57d631,10,2933620,IT,2024-08-11
aa10519b-13d5-45ae-9b02-848c2945c020,11,550470,IT,2024-08-11
f46b8e8d-4b23-4c3a-8b68-6c76da101baa,12,2669320,IT,2024-08-11
1896f348-22ef-49cd-8211-e83a154ef35f,13,311210,IT,2024-08-11
3b063904-b668-43d9-ab57-9e9d3a18dd7d,14,2141910,IT,2024-08-11
ebc8d218-93b8-4b14-9b44-0eb3b36af074,15,2183900,IT,2024-08-11
b8cc938f-ff74-4d10-9ee5-e355e54b98d9,16,2638370,IT,2024-08-11
1c960581-5f09-4ef1-8068-4c0cd80697f7,17,230410,IT,2024-08-11
12947d0d-5108-4646-b9d9-e54348fa91ee,18,236390,IT,2024-08-11
3e899671-a362-408b-bdf0-87ad429e5b46,19,553850,IT,2024-08-11
e23e4b50-459a-4f2e-a99e-676f7a382be2,20,34111,IT,2024-08-11
97d5f6de-6d30-4ef9-9d4c-da6fa30a4d2e,21,2751000,IT,2024-08-11
818975ba-a2e2-428b-837f-80fd9ee16e5d,22,15435,IT,2024-08-11
e22df739-0c46-4d4d-927f-c67bf341e56d,23,227300,IT,2024-08-11
ddf62d67-2814-4e7e-9d5f-f940932b5a9f,24,199943,IT,2024-08-11
f77f12c3-32c8-4ff8-849e-a6d50bbef15e,25,782330,IT,2024-08-11
4eb9ee8c-a966-4fca-8a3f-41c65f798f0b,26,2778580,IT,2024-08-11
92aacba5-b8b4-4911-a4bb-01cf9a1fef41,27,377160,IT,2024-08-11
3afccb49-3eb9-423b-b072-4f2be9f31f2f,28,5700,IT,2024-08-11
e0709a22-6946-4d87-93d5-612dc7ca6839,29,1237970,IT,2024-08-11
c1b5c586-074c-4663-a4ba-0d8e76311f74,30,271590,IT,2024-08-11
6aa3220e-ccf7-4178-b491-7f4fea359b8b,31,489830,IT,2024-08-11
232adf00-794b-4c5f-8162-dd25a862627d,32,1222670,IT,2024-08-11
eab448af-9b18-4e71-865f-89e4fec1029d,33,49520,IT,2024-08-11
b013ef26-cfd6-40c2-84f2-71f1f2d27ae6,34,38150,IT,2024-08-11
cce1ee5a-8fd5-497e-9212-61a412c082fb,35,578080,IT,2024-08-11
1578a4ac-a4b4-4403-b978-54ce14a02cd9,36,1716740,IT,2024-08-11
69c30926-e66e-4313-a251-167a73e2b839,37,381210,IT,2024-08-11
2305e076-d65f-4c5f-ad5b-9a18f1d47d55,38,1286680,IT,2024-08-11
9e4bcf44-9f83-44d5-8ffa-44ebe01c1772,39,2139460,IT,2024-08-11
44ae3918-e6e9-471c-894c-760c554ddeb4,40,354231,IT,2024-08-11
a57130d5-eb39-4616-908a-85bab043af4d,41,2344520,IT,2024-08-11
16e1d601-428b-4f5b-962a-b7649f98940a,42,15587,IT,2024-08-11
cd33154f-007d-47fd-ab5d-913dda882491,43,570,IT,2024-08-11
3cd2da2e-4253-45bf-8df4-ed686746585a,44,306130,IT,2024-08-11
f49c11ee-4c53-4b4d-9ee1-7492954e9992,45,2808930,IT,2024-08-11
3bfcb898-2529-4cfb-9ef0-e38acce73558,46,1091500,IT,2024-08-11
2482bb83-2dc7-47c6-847f-af87a5f2ab01,47,1059530,IT,2024-08-11
1d9452f7-094e-4f50-94d1-dd018e40fdf4,48,359550,IT,2024-08-11
346be307-dd2a-4e0b-ab5b-31fb372f1700,49,238960,IT,2024-08-11
2045d738-1d19-43d1-937f-f214165f1a29,50,1085660,IT,2024-08-11
35aa164c-63e5-45d6-9295-79ba6cd9ab97,51,739630,IT,2024-08-11
f1f54c09-88a1-41fe-a14d-bcc6bc8cdb45,52,1985810,IT,2024-08-11
76a727dd-161f-43d8-be11-b8a5b23b7434,53,202970,IT,2024-08-11
d3900ea6-e737-49dd-ba7b-1038d38344e7,54,1599340,IT,2024-08-11
4238f694-6eb8-4d99-b12e-a450e6fbf7f5,55,1172470,IT,2024-08-11
b58f4005-6d79-4158-99a6-804edc28a78e,56,413150,IT,2024-08-11
f6005411-0741-421f-ae65-94a6cfc777fc,57,12644,IT,2024-08-11
9d6461c7-20b4-4c69-a994-4c5e51ed0617,58,1962663,IT,2024-08-11
7db2936b-4b28-4ddc-9ae1-d6946c2acf58,59,1997040,IT,2024-08-11
22d434e4-334b-496d-953c-0385207502fe,60,1449850,IT,2024-08-11
a0b050bb-4c34-48d1-84ee-9e7964d2bae5,61,1203220,IT,2024-08-11
0171a369-7da9-4218-9be5-7829d35eb8c7,62,1172620,IT,2024-08-11
c4ab8949-d8f7-435f-a550-e2bc9e631933,63,393080,IT,2024-08-11
c3a7abe7-1f43-4efc-a70a-3690e50fa5f7,64,2488620,IT,2024-08-11
5d323377-8409-45fd-8931-ee3b3241ed3c,65,546560,IT,2024-08-11
8ff522eb-9bb9-4cae-aaea-f1bd01ddc3ae,66,1665460,IT,2024-08-11
0a72eed9-fb25-45d7-91e6-6cb89716b6e1,67,1551360,IT,2024-08-11
b2519ea3-dafd-4d91-b6f0-62b6ba202dcb,68,27490,IT,2024-08-11
7ed77f5b-2fc5-4ea4-b622-ecc4e39b496c,69,2519060,IT,2024-08-11
73b92bd3-6c32-469e-b471-7df13b468b3c,70,30424,IT,2024-08-11
b2943031-364a-4a63-9245-21854440a09d,71,261640,IT,2024-08-11
65761192-290e-4f60-a14c-db30a24d7802,72,39210,IT,2024-08-11
b7a80fd8-54de-4c98-8c75-6f38b7ad157e,73,1693980,IT,2024-08-11
a476487f-aa70-408e-82fd-ffa4e19ec8bc,74,1562430,IT,2024-08-11
459eadc1-a379-4e67-b84a-ec5d6324c92e,75,2567870,IT,2024-08-11
8fccabd3-6cf4-4d3a-8d76-09a5dc6ebca4,76,252490,IT,2024-08-11
c03ddce9-a0f8-4ee3-8c8f-c8e459f4db5d,77,2215430,IT,2024-08-11
5af8c648-fe00-4db3-9b80-999789dc5280,78,28204,IT,2024-08-11
b00378dc-4be6-4da2-9236-8c60c8588ba4,79,1332010,IT,2024-08-11
1820f8f2-7046-4e5d-b1c6-a242235bdba7,80,1250410,IT,2024-08-11
8ee0b0db-bb73-4c71-9629-cbec872cd649,81,1517290,IT,2024-08-11
0ee76104-527f-458e-b16e-da8312bf9f25,82,9709,IT,2024-08-11
9831dccc-4e6c-42da-ac1a-d20f8786a214,83,2280,IT,2024-08-11
da552034-9a8d-4332-8352-2fd172549cb3,84,1938090,IT,2024-08-11
8a8fdd8c-0853-4959-a492-99534029e7d7,85,444200,IT,2024-08-11
9716bf93-c0ea-40c7-a54b-fc5f867f01f1,86,981890,IT,2024-08-11
42bf9494-1850-4ddd-be14-57066102b569,87,43385,IT,2024-08-11
b923a760-3e8a-48b0-8eb3-18f9781105f7,88,2142790,IT,2024-08-11
b21c203f-c306-4547-911a-f172798fe263,89,15366,IT,2024-08-11
f1034f91-4817-40a9-ae4e-f0cb2559616e,90,427520,IT,2024-08-11
1fb3e920-ddd1-4667-a41a-2429590af52e,91,1923,IT,2024-08-11
c64f4884-2453-42a8-baba-b34bc71b9681,92,2399830,IT,2024-08-11
a9498532-ae5d-4dd2-b52f-75c40e7730b9,93,2591280,IT,2024-08-11
457560d4-a5c2-4c81-9599-d6c437d2119e,94,380600,IT,2024-08-11
6bfba67e-d0aa-44c7-b6c2-b927930cafbd,95,1092790,IT,2024-08-11
cd63883b-96d0-46b8-a98b-6febb765a490,96,2195250,IT,2024-08-11
31a297e5-a76d-444a-903d-d07c1a0f96d1,97,379720,IT,2024-08-11
51472163-0403-4539-9e18-225f680fcd64,98,2138330,IT,2024-08-11
004d1e9c-004b-4cf6-b27b-3056c2684f72,99,494840,IT,2024-08-11
a32f2195-ce44-487c-bd91-24e743940212,100,42700,IT,2024-08-11
111814ec-5919-45c9-bd9a-01a70b92f4bd,1,730,CZ,2024-08-11
2bb4c278-42f7-4532-b823-abce33dc32d9,2,1675200,CZ,2024-08-11
4363d15e-90f5-4570-a001-cb358f11165b,3,1593500,CZ,2024-08-11
ef5db116-4137-4c51-b599-09fd217ff5be,4,570,CZ,2024-08-11
0344b95a-21a7-495a-9652-7107611271b0,5,236390,CZ,2024-08-11
95463e10-2d1d-4e3b-9dca-391123c53715,6,33369,CZ,2024-08-11
aeba953a-3da2-48e3-8161-9c2c172fddea,7,397540,CZ,2024-08-11
46078ba7-8482-4ec8-a032-06254e31d9e3,8,238960,CZ,2024-08-11
d198d638-6ae5-4e5f-a567-8cbe75be1737,9,578080,CZ,2024-08-11
c0107f92-d554-4bd8-add2-447c78b3b2d7,10,15435,CZ,2024-08-11
6a87c8f1-bf88-4dc8-b608-3f1a110896c4,11,553850,CZ,2024-08-11
121d60ea-5e93-48c3-be9d-ad7d69c2726f,12,782330,CZ,2024-08-11
82f5b110-c964-4d39-89b3-36152114fbc1,13,199943,CZ,2024-08-11
efbcf420-8816-467f-8f97-d3065b63572e,14,227300,CZ,2024-08-11
48007fe4-32a4-4f1a-b6e1-5e2b2cb2d61b,15,1222670,CZ,2024-08-11
721c2a48-2141-4b76-a13d-4892e26a2675,16,2074920,CZ,2024-08-11
7ffb7a91-6fc0-4611-8a38-8a9ba6b49b2c,17,2183900,CZ,2024-08-11
d6545e45-5998-4a0e-9de9-b6b5f4b398ca,18,271590,CZ,2024-08-11
49a07b7f-4ee9-484e-9154-ad23111f925f,19,1086940,CZ,2024-08-11
b4b2b9d8-6a26-46b2-93e0-3f88b6fd589d,20,377160,CZ,2024-08-11
7c539e30-9484-4a2e-92f6-82c102d69e89,21,1172470,CZ,2024-08-11
7ca55e7a-f849-495f-93eb-a79c4c3c2d46,22,34790,CZ,2024-08-11
27d463a4-d2d7-41a4-9e6d-72b4089012a2,23,739630,CZ,2024-08-11
3ec761a8-4d25-478d-922a-5bb0fe493889,24,489830,CZ,2024-08-11
462c5fe5-7e8c-4060-8c53-b18cccac5dfe,25,2139460,CZ,2024-08-11
db2eba69-51e4-4d7f-b54e-fb7098cf6832,26,1245620,CZ,2024-08-11
874f01bd-4e0b-4594-bee6-82eceae870d7,27,306130,CZ,2024-08-11
4b2ad2e0-5d32-4c9b-8ec4-47e9b6b79957,28,24386,CZ,2024-08-11
bfa24ef4-b000-4f36-944c-0b600f89d68c,29,2215430,CZ,2024-08-11
68ffc136-9986-4dfb-a446-cdfd22a016b3,30,1237970,CZ,2024-08-11
44c06504-f862-4f56-b01f-b6dc86b86815,31,5700,CZ,2024-08-11
c6460227-7f89-4186-8578-30a219508626,32,444200,CZ,2024-08-11
b905a8da-3082-4f2d-b840-5c23c1436d3f,33,1469610,CZ,2024-08-11
3ded8d73-12ff-4ecf-9de6-d2ab538303cc,34,2638370,CZ,2024-08-11
64f92ff3-f2e6-4fbd-870d-9564e9e85282,35,2488620,CZ,2024-08-11
91da5c8b-3606-47be-b76e-bf113e08e660,36,252490,CZ,2024-08-11
18475a89-3b1e-4277-a8a7-9ec8cacbb92f,37,1091500,CZ,2024-08-11
8a1959dd-4770-4336-9ffd-2c7fd1005bb3,38,381210,CZ,2024-08-11
46482425-ef72-4500-bd1a-d3417e589ca9,39,2669320,CZ,2024-08-11
3146da10-94d8-4d87-a1bc-9deb6d69ca09,40,494840,CZ,2024-08-11
b67967d9-307d-4c55-a337-0fcce9edb30c,41,49520,CZ,2024-08-11
aae3119d-b003-4436-8c04-31f37d64ce33,42,2195250,CZ,2024-08-11
568bf5fd-5569-4b91-ae4a-906c2316d4e5,43,438040,CZ,2024-08-11
36a29dab-5796-4753-a5f2-8fb7c83e0181,44,24431,CZ,2024-08-11
630b2522-4b94-4aa7-8c02-b1367d09bf69,45,2358720,CZ,2024-08-11
5263f748-6e83-4364-8e68-d1f59a9a3454,46,2670630,CZ,2024-08-11
0d1fc587-28d7-4aea-83b8-0b4c817ad173,47,2778580,CZ,2024-08-11
0adc3e47-2829-499d-acee-65f398beb193,48,440,CZ,2024-08-11
70bc4be4-a0a3-4cc5-ad28-7a307f71e224,49,2933620,CZ,2024-08-11
b756a8d4-73ad-44af-852d-1b1ed02682ba,50,1599340,CZ,2024-08-11
68bc5d92-ba41-40b8-9d49-1e8a818f563d,51,612880,CZ,2024-08-11
e9999a8b-11b9-4101-808e-dceb2c490b56,52,1151340,CZ,2024-08-11
57d42430-1005-44e6-ab5a-65a7abf43471,53,1174180,CZ,2024-08-11
2b6e400b-f119-435c-8fcf-e484748326f2,54,39394,CZ,2024-08-11
9fd196cf-40f1-4bb8-9571-a571e49a4fd8,55,1286680,CZ,2024-08-11
cf0e3f63-979c-460b-8bd8-8cc6113c9b04,56,230410,CZ,2024-08-11
f0c4d0d1-ce68-4b0d-af43-fc56d5f54a7f,57,1172620,CZ,2024-08-11
2aacc003-d28a-41e4-b9f3-d233b2b44992,58,2751000,CZ,2024-08-11
65ca263e-f249-409b-ba12-0b5421f8bfa1,59,201810,CZ,2024-08-11
5680fe8e-543a-432f-b78a-902bfb266f2d,60,1316680,CZ,2024-08-11
b42abb01-23d8-44d2-b763-de59213935a3,61,2567870,CZ,2024-08-11
3e25ff76-58ac-4f5c-b408-69dcb55fd57d,62,546560,CZ,2024-08-11
c456efb9-12f2-4f5f-a7f6-5ba485004e23,63,1517290,CZ,2024-08-11
d578262a-2d75-49c6-a223-6f17385538da,64,1985810,CZ,2024-08-11
1a642c6a-c272-49dc-9cdc-52a1b023bdca,65,38150,CZ,2024-08-11
5ce03687-f5ec-44a1-92c8-4785936d65db,66,2280,CZ,2024-08-11
02559eca-ffd3-4d34-b70a-804bf973eabb,67,37844,CZ,2024-08-11
e053f96c-6cf6-40eb-80f7-14b5d3dc7e4f,68,1326470,CZ,2024-08-11
19d2e405-41ee-44e7-b1d3-7b8a91d1745b,69,548430,CZ,2024-08-11
6addfa1f-330f-4a9d-8711-00d9898b7f8a,70,27490,CZ,2024-08-11
8921995e-1b53-4162-bf8b-b2e3bd8c254f,71,359550,CZ,2024-08-11
95c4fcde-4097-4883-9e3f-f2c172da1172,72,2016590,CZ,2024-08-11
d21bbf59-e9ba-4edd-985d-21b91abdfb84,73,1818450,CZ,2024-08-11
71ec67bc-736d-4831-85b0-6c19e27cc452,74,1056960,CZ,2024-08-11
3e7db51c-4351-4195-8b8f-5dd9aff2d3b2,75,379720,CZ,2024-08-11
45909ede-10f1-46a0-b5ac-613fed3e675c,76,2698780,CZ,2024-08-11
aae585a1-72ce-40bf-bb93-db8d10416edb,77,2344520,CZ,2024-08-11
21fa06cc-8c4f-41e0-a8ae-ab803187a68c,78,1149460,CZ,2024-08-11
53d50926-e6db-4406-b252-3bda231f3c6e,79,1716740,CZ,2024-08-11
3400b6f4-9de6-4957-8587-1cc69a74a481,80,15366,CZ,2024-08-11
8564bd94-3882-49ec-bf4d-3ec4b5cb4942,81,413150,CZ,2024-08-11
35cdc9de-3f72-4303-b207-d231fe248d98,82,11780,CZ,2024-08-11
5ad52128-d96f-4831-9d44-c23773006716,83,284160,CZ,2024-08-11
caf86ebd-c5d7-4f7b-b0d5-d1e82ce0eb2a,84,1407200,CZ,2024-08-11
0ba0d238-61a9-4730-a217-2fc72a6eebc9,85,39210,CZ,2024-08-11
10cfeed9-9b0d-4380-87ab-f3cd0d648cc7,86,1142710,CZ,2024-08-11
2dab02e3-68fd-4568-9d98-e3ad43a505d7,87,1332010,CZ,2024-08-11
3b9dface-9701-41ea-bbb8-fc915fc4c323,88,350080,CZ,2024-08-11
137525fe-6d0e-47fa-84d2-df5384689d32,89,2322010,CZ,2024-08-11
3225dd0f-2760-4784-800c-c54d6b465a2e,90,1248130,CZ,2024-08-11
847442c3-d3fa-4203-a4c0-fc1c5e40b8ae,91,2000950,CZ,2024-08-11
42207b7f-69a3-4457-bab1-ea48fda18c84,92,1282100,CZ,2024-08-11
b5f82f69-b978-49e3-a29e-a82df072e824,93,2965660,CZ,2024-08-11
bf7d110c-27e2-4eca-9634-23ea7e97f112,94,1938090,CZ,2024-08-11
5150ffaa-6fc8-43aa-9fc6-26b64ee6d4ef,95,2429640,CZ,2024-08-11
baea73d5-71cc-45a0-bbb7-3f3ee2053a83,96,431240,CZ,2024-08-11
dff3139c-3499-4aaf-a078-51b12d904c3e,97,403640,CZ,2024-08-11
2ad0c80b-f2e5-48dc-b7f5-9693fc3103bf,98,281990,CZ,2024-08-11
1002b11c-70a6-4fdb-864e-5a5d0248f0ee,99,594650,CZ,2024-08-11
25c04395-247f-4f21-bdfe-acf33724d80a,100,1659040,CZ,2024-08-11
393a1f6e-460d-4195-9089-8b4926383bb0,1,730,NZ,2024-08-11
745f9642-9fbe-4dda-9262-4a371d222626,2,33369,NZ,2024-08-11
8d8e9e41-b81c-45ae-bc5d-451fa14b6936,3,2183900,NZ,2024-08-11
bf96ef4b-0498-4144-b06c-6dcadea2a32c,4,397540,NZ,2024-08-11
3894c4af-e519-424a-adb0-09452debc366,5,1245620,NZ,2024-08-11
ebbd22ef-1c96-4ce4-b681-a6601f5c6c9a,6,238960,NZ,2024-08-11
81d663e7-85eb-44a6-9444-03492e0b0d66,7,1593500,NZ,2024-08-11
c317547a-81f0-49eb-b285-fa181cac3c8c,8,2074920,NZ,2024-08-11
97721ee7-aa40-4934-9d19-b47d8d616fec,9,578080,NZ,2024-08-11
cef76cad-bd54-4e93-8191-418ddfd20e2e,10,236390,NZ,2024-08-11
faf4e0cd-8ea1-4a93-a744-140a7e56fb90,11,1086940,NZ,2024-08-11
10e0a12b-a26e-430c-9bfb-c1f30f2a739f,12,377160,NZ,2024-08-11
9d1ac0b5-7a38-4e71-8881-6ca9a17e9631,13,306130,NZ,2024-08-11
b20455a9-b33d-43af-8723-50fd77a4f96e,14,553850,NZ,2024-08-11
6e147ca6-1515-46a4-8ceb-21644f666ee5,15,1716740,NZ,2024-08-11
cefb149e-a107-48a1-b2c6-dd731d1f0892,16,2139460,NZ,2024-08-11
0e415721-0adc-4d3b-aa00-9850d3722984,17,2778580,NZ,2024-08-11
f856ba0d-a8d6-43e6-8946-f7530b80a008,18,38150,NZ,2024-08-11
0b12587f-247b-423f-8383-e98b45f2d9a6,19,570,NZ,2024-08-11
82bcac8b-0198-45a4-9a80-e0da423c87c5,20,1222670,NZ,2024-08-11
42834124-f6f8-4317-aa7b-47751c42b0b5,21,2358720,NZ,2024-08-11
8869f1a4-3daf-4ce5-916f-a7c9858f1670,22,2933620,NZ,2024-08-11
a1631aca-09e1-43a4-a7ce-2c2f54e7179e,23,199943,NZ,2024-08-11
f68a48c1-7725-42f6-9cdd-5b232cf9cde4,24,1085660,NZ,2024-08-11
5e24982b-d5e6-4395-8fa5-c53f767a27ce,25,393080,NZ,2024-08-11
154252bd-23f2-42cd-8e32-39e1b81ff9bc,26,252490,NZ,2024-08-11
ea9463eb-196b-4164-8a7f-1fc09fedba93,27,5700,NZ,2024-08-11
5265bb77-70a3-4d36-a461-7d8d21f1db01,28,1599340,NZ,2024-08-11
d526ab8b-8b8f-4a1a-9515-998c2c88fcb8,29,311210,NZ,2024-08-11
a86c474b-2c0b-497c-b83f-e667d573480f,30,49520,NZ,2024-08-11
22d9ab40-3ec3-49c2-b71c-5aec5214a42b,31,1286680,NZ,2024-08-11
361b55c3-323b-405a-a1e9-ae84ff97db06,32,489830,NZ,2024-08-11
55786e3c-c768-40ac-84dd-ad4bf23cdd16,33,381210,NZ,2024-08-11
8ad05bb3-cb11-41dd-a9c7-8999fc04799c,34,271590,NZ,2024-08-11
6122bcec-577c-4e28-a2b4-6c50cabbb8da,35,2638370,NZ,2024-08-11
d5fc731b-c192-4358-94d6-ba6847f1a84b,36,1476970,NZ,2024-08-11
820fb1e6-caf1-4883-9242-60eb06ed26dc,37,1237970,NZ,2024-08-11
95015f9d-286b-4fb1-8f19-4408621fa33c,38,2567870,NZ,2024-08-11
30acd4c6-d358-4b6f-b233-a6769762e2af,39,230410,NZ,2024-08-11
02f70d45-c494-4543-91ac-50a5fc415f8d,40,782330,NZ,2024-08-11
83e95d2b-eb27-4a63-9d26-538db6fe57c3,41,359550,NZ,2024-08-11
c13cee41-a2dd-4adc-a7d7-d05cde4bf21e,42,223750,NZ,2024-08-11
b8c27dda-8437-448c-b86e-121b5d38d031,43,266410,NZ,2024-08-11
5f869fa8-52a4-4451-b0b0-28359d81a2ac,44,1659040,NZ,2024-08-11
6c5e27f6-6e12-4f17-8374-f3f24448fc83,45,413150,NZ,2024-08-11
4f370c15-f5c3-4d1f-a698-021c4b76b5e1,46,1203220,NZ,2024-08-11
725a70c3-0b0a-4ad7-b5bb-9803953a6069,47,37135,NZ,2024-08-11
d8ecd3fa-92c2-4421-a77f-c13c58c03ef5,48,1172620,NZ,2024-08-11
9e9a4199-b359-4724-a5a1-9f68e31a9f39,49,202970,NZ,2024-08-11
61ef8373-7a17-4a1a-8b52-f32978c4f6b8,50,108600,NZ,2024-08-11
654c494a-078c-4964-83dc-b9cfb6c1e6fa,51,2400510,NZ,2024-08-11
ad522732-8911-44cf-91da-d1c4a17d7798,52,294100,NZ,2024-08-11
adea22b7-8eed-4c69-b3f6-2f914264fe54,53,2215430,NZ,2024-08-11
288254f9-4af6-4874-8957-1fdc164b62e9,54,2142790,NZ,2024-08-11
fc0780ca-ced1-49e3-9510-41865bb84828,55,216150,NZ,2024-08-11
32f8ea9d-f0ed-4347-9dc5-964f1b88ccc5,56,41962,NZ,2024-08-11
482e74f9-45fa-40f2-9acd-d51272cb2630,57,1172470,NZ,2024-08-11
79bf0df3-b649-4ba5-aa3d-f84222ccd2e4,58,2943690,NZ,2024-08-11
2f30ae5c-9a47-443e-ac6a-f21f7be56d40,59,1144200,NZ,2024-08-11
7b43f08a-1f60-44d9-b833-641cbc2e4f52,60,2420110,NZ,2024-08-11
a3d147bd-3b83-4b69-890b-0f43b235d415,61,1091500,NZ,2024-08-11
4462d2ea-f50e-4531-ad9c-ee8ccdf50705,62,526870,NZ,2024-08-11
e702ed1e-a5c6-459b-a738-6b788ea8e8ba,63,648800,NZ,2024-08-11
5f61f4a4-7162-4b9d-b9ee-aefb9959133b,64,2344520,NZ,2024-08-11
3efa37ae-f8b3-46c1-a228-e3e4e2b88444,65,427410,NZ,2024-08-11
ad2d70cf-5b18-40b7-8258-cfc3b69a8c3e,66,440,NZ,2024-08-11
c5e48d88-cf51-4d52-b3fb-8ffac742380a,67,281990,NZ,2024-08-11
49091a18-0bce-4db7-8a79-1d0d8e741459,68,36406,NZ,2024-08-11
ccd1c9a4-aeea-4928-8b13-1aa83c973142,69,1985810,NZ,2024-08-11
24b285c7-1da4-413d-86e5-1670c8df2e69,70,270880,NZ,2024-08-11
cd60132e-bc92-49d8-a27f-0b64e9a6a536,71,261640,NZ,2024-08-11
1ccd4c9a-674b-4fe2-9dce-108b600cb2a0,72,1203620,NZ,2024-08-11
09515f8e-fd01-46ee-9ce5-5c98da54823f,73,1151340,NZ,2024-08-11
9d3f9c7f-6dd5-4320-8163-e858ff6fefd9,74,42053,NZ,2024-08-11
a4f5ab40-4cb0-4fba-8b25-041329a0e862,75,2305840,NZ,2024-08-11
003641ea-515b-44a9-88eb-ce47ddb8d5cd,76,1282100,NZ,2024-08-11
696b37a8-9a50-409a-9d46-7adfe8a721b4,77,699130,NZ,2024-08-11
60ccd650-ae03-4855-b1da-be32aba68087,78,1142710,NZ,2024-08-11
7644c4a3-f5ff-450b-b8e7-71df91989d50,79,1962663,NZ,2024-08-11
e2b81246-d115-46a5-9baf-5deca394bd13,80,39210,NZ,2024-08-11
8f5db4f8-971c-4475-b0cf-8ad78759a602,81,1149460,NZ,2024-08-11
ef7376a6-295f-4c96-979a-84981f27d4ab,82,1158310,NZ,2024-08-11
467887e8-79dc-466e-834b-328eecbf5865,83,2670630,NZ,2024-08-11
ca4beeed-46c6-4bb5-8cc8-335bc96e8d8c,84,2138330,NZ,2024-08-11
f70704cc-be6c-421d-a650-8eaff2ac0336,85,2357570,NZ,2024-08-11
b8e5a0f1-b710-49fc-8c7d-2e23d1caf1d9,86,2669320,NZ,2024-08-11
e7f954d6-bde1-4838-a3ed-571f26eba74d,87,2396240,NZ,2024-08-11
139f0191-73e7-47ca-877e-50d98946d034,88,26959,NZ,2024-08-11
df9d3ace-fa64-433a-9816-fc97e42414ac,89,2336880,NZ,2024-08-11
1f73bc72-6500-4e0a-b850-7e9e8c0e5a65,90,2519060,NZ,2024-08-11
ee764361-87b2-423d-8ec9-b82ac6cef6eb,91,739630,NZ,2024-08-11
acd7a98d-c5bc-4ebc-82a1-d75d91a8f278,92,1611600,NZ,2024-08-11
6c9ea831-9592-4aae-a662-ad388a28d435,93,949230,NZ,2024-08-11
07ae252f-83bc-4ef9-9243-b720b66a1a17,94,22085,NZ,2024-08-11
b6601e04-ba31-4c78-bec1-cb11102784b2,95,2280,NZ,2024-08-11
1b10ccb3-9c11-4f7e-b901-1be41c2dc4db,96,1774580,NZ,2024-08-11
ebf58d12-de27-449c-8a62-b89afbbffe98,97,284160,NZ,2024-08-11
4645b4c0-af92-40e2-b457-d39a2c5bf0f6,98,1332010,NZ,2024-08-11
436bb3b4-8b3f-48b9-a5b8-bfee0ab91566,99,1250410,NZ,2024-08-11
dd747e3e-bc46-43b9-a94a-f7d84307b678,100,244210,NZ,2024-08-11
85a3635b-aadd-4cef-ac00-9972ab5d8891,1,730,DK,2024-08-11
010d542e-ed57-4980-86bb-2aac2442b978,2,238960,DK,2024-08-11
fed294b5-3819-497d-a80b-1ec4b276da5e,3,33369,DK,2024-08-11
9268134a-3675-4078-9ed0-72b5f8dad666,4,1675200,DK,2024-08-11
c63d4169-d11a-46cd-b152-be892b45dde1,5,1593500,DK,2024-08-11
ab423441-a283-4ed6-a5fb-73afdf194181,6,578080,DK,2024-08-11
4a4363d4-1ec0-4a37-9236-6db26fedd0c6,7,553850,DK,2024-08-11
ba76cbcc-70ce-4455-849e-af51fc571975,8,2074920,DK,2024-08-11
99e3eb25-1aa7-455e-ba24-a49280979faf,9,2933620,DK,2024-08-11
d6b082ac-7429-47b5-a1f4-db7dea358da4,10,2669320,DK,2024-08-11
41dea53a-1ab7-4500-88df-34917c2c6fd4,11,2567870,DK,2024-08-11
e5cac042-5fd9-4476-9c08-e069fcbfc466,12,1245620,DK,2024-08-11
d4c1990e-63df-491b-8e4f-10cd29489ad3,13,983380,DK,2024-08-11
6b8016b4-0d62-420a-a7c5-d0a26e4c1b1e,14,236390,DK,2024-08-11
685207fe-1d76-450b-b6ff-c862f7436fec,15,397540,DK,2024-08-11
6d929bef-b5a2-4c4e-af47-bc5326b8b7a6,16,2183900,DK,2024-08-11
c53d35b8-a0b8-4017-a98b-c778636ef7fb,17,252490,DK,2024-08-11
3d3abfb1-4eda-4750-841d-64c7191606ac,18,2139460,DK,2024-08-11
b8a56dc7-656f-400e-8976-b6793001683d,19,230410,DK,2024-08-11
95f59e37-2cad-450d-a47c-072e69c5bff9,20,1222670,DK,2024-08-11
e96d1d6d-f2a3-4ec5-ac03-2b68c36b4fae,21,1476970,DK,2024-08-11
6be5af66-676e-40a5-9884-1bfd244dca13,22,359550,DK,2024-08-11
260113a0-dafb-46af-8109-45c8b830b93e,23,271590,DK,2024-08-11
24b54828-9c3f-4e22-a9e0-7b14b221b909,24,38150,DK,2024-08-11
41d78a8c-381c-4b94-95aa-6bc7ad0a0128,25,306130,DK,2024-08-11
2ac1b8c1-0255-4aa9-88cb-d49bf1e7a090,26,1086940,DK,2024-08-11
1e8f2683-e0a9-440f-a4d4-fcf92b9e7fe5,27,1172470,DK,2024-08-11
f71c47b4-17af-4b20-83ae-95ad05c94210,28,227300,DK,2024-08-11
c496326d-dc74-484c-8ba5-a6bc7d46c378,29,2778580,DK,2024-08-11
67398ac0-6a1a-4b14-99a4-e67dce4a0192,30,28881,DK,2024-08-11
8a99d43e-c616-465d-8dc7-3367cee8be0e,31,570,DK,2024-08-11
8f4e5387-6e92-4631-b096-c351add02550,32,2638370,DK,2024-08-11
fc91611e-dc9d-4b83-9132-654ff484c9e1,33,1059550,DK,2024-08-11
f7484bfb-3397-4239-b1d4-bfd7c2cbdf4f,34,1286680,DK,2024-08-11
e05c04f7-0019-4223-8457-a56db2e42ccb,35,2358720,DK,2024-08-11
58bbb2f1-7685-46ef-816f-7fbc08f29d7c,36,1659040,DK,2024-08-11
c2fed3fd-076c-49c0-8224-f5927ba8703f,37,377160,DK,2024-08-11
6d23099e-236d-4a12-aac8-3fed5333e5f7,38,1232580,DK,2024-08-11
f6810ec0-6ea5-4142-a40d-869999922949,39,381210,DK,2024-08-11
6b6a06c2-cd64-42f2-a7e1-c218e9a570c1,40,440,DK,2024-08-11
de9d84e2-b7f3-4da4-920e-0f88b8126325,41,2195250,DK,2024-08-11
5d0d4c0a-9307-4809-8a41-9168c7771ec6,42,39210,DK,2024-08-11
cd14e4b5-9977-409d-886f-d9ca4bfc37b2,43,2961880,DK,2024-08-11
f09abb4f-7f3e-4ab6-8089-11480c8f5d97,44,15829,DK,2024-08-11
48436d2d-f6ea-46ff-b1e2-005151fc8f22,45,582660,DK,2024-08-11
42aedab9-e593-430b-bab8-6c23a07b9461,46,489830,DK,2024-08-11
23482c3f-aa0b-4207-a99c-2b32dd08884a,47,782330,DK,2024-08-11
9a37c50e-d4da-46ac-8b4b-f82f0dd25bae,48,1237970,DK,2024-08-11
2f7d58a1-c44a-4467-b983-04c2fd79b0da,49,2399830,DK,2024-08-11
f02c87a2-cc67-4d8e-a94c-4a3b642c9382,50,1286830,DK,2024-08-11
80660b62-a98c-440f-85d2-5e17506b425e,51,49520,DK,2024-08-11
9231b038-a6e4-48bc-bf4a-13552c19964d,52,5700,DK,2024-08-11
6b06b0a8-ce24-4782-aff9-3ba09167487e,53,2344520,DK,2024-08-11
96a82f2f-bc4f-4b69-889b-a05167ce7f05,54,2142790,DK,2024-08-11
9e11ab11-6e43-49cb-901d-628de578ba11,55,2300320,DK,2024-08-11
7506ba91-86b8-4217-a0b8-be8249ced310,56,1326470,DK,2024-08-11
fbac7a47-fa87-4004-ab6e-8351a4d7973e,57,739630,DK,2024-08-11
7cbd2e7b-c145-4722-8c73-b701bfdf2622,58,2488620,DK,2024-08-11
29016120-97c8-4e2c-86b4-8da2ac2cc906,59,281990,DK,2024-08-11
d9889a99-3d62-4b7b-a00e-9a7091fb66f6,60,2707930,DK,2024-08-11
877c9aa4-1ffb-4707-a3e0-f3c6596e8e59,61,1466860,DK,2024-08-11
459c403c-1bd6-410e-84a1-6b56f4d08786,62,1158310,DK,2024-08-11
24391c28-d752-45b8-9a4c-182c76dd4c94,63,24337,DK,2024-08-11
67d845e2-045d-4ac3-9fd2-91eb1b0f50f2,64,1144200,DK,2024-08-11
a82d84f9-9f00-475f-8fbb-b39e104b3f66,65,1172620,DK,2024-08-11
a7bee4e3-dfe9-44df-a97d-e4885a20a88d,66,1669000,DK,2024-08-11
b99d71c6-d5e2-41cd-8e2c-2471df04647e,67,2751000,DK,2024-08-11
6e171fb9-ff1b-49dc-80e8-19d815573f52,68,37095,DK,2024-08-11
cdd3015e-ed0b-43d2-9d1e-9479b5ce9c61,69,2406770,DK,2024-08-11
1ada72c8-b991-41a3-aaaf-eb6ef6df4a4f,70,12841,DK,2024-08-11
69e8ca1a-2c9e-4dd2-bacb-ea9049ed7adb,71,1599340,DK,2024-08-11
4dcc056f-8205-4ebb-98e2-ff098525e2a9,72,284160,DK,2024-08-11
387b36d1-d82d-46d9-9ca8-08da487e3562,73,436150,DK,2024-08-11
f128f51a-3896-4c8e-ad14-1717f4c65073,74,1151340,DK,2024-08-11
e282b7a6-c478-46f6-b502-f74dccfe5cca,75,223750,DK,2024-08-11
45345fe8-7783-4f20-9ec4-042c4219532d,76,2400510,DK,2024-08-11
2f3f13e6-8d26-4aa5-b86d-25a2c9455928,77,1149460,DK,2024-08-11
8a36f79f-e546-430c-b52f-03168094ba62,78,15435,DK,2024-08-11
430646a4-18c6-486e-916c-82b964116598,79,311210,DK,2024-08-11
325b5904-c4b5-4c0a-81ae-6273fa40bd09,80,427410,DK,2024-08-11
3a4a93d8-4c77-4d79-9ce1-efb8422961ce,81,1962663,DK,2024-08-11
cda87ef9-a48c-4918-b62c-d956e941dad7,82,199943,DK,2024-08-11
e06c7fe1-c316-429b-b47f-5c8666efb863,83,2252570,DK,2024-08-11
4e02c151-5edd-4733-ab67-ff5cef55147b,84,1517290,DK,2024-08-11
29af1df0-6961-49e7-9627-47b38cc0517d,85,30424,DK,2024-08-11
975b38d0-d966-4da9-a042-52f23d89817e,86,1551360,DK,2024-08-11
06551e54-5261-49a0-94ac-8d9ba49dc0ee,87,529340,DK,2024-08-11
8ae6a8e2-09b3-4d23-bbb4-ac62f743ffd2,88,1623730,DK,2024-08-11
8e0751a5-3122-4ede-9e3c-3f8e52303ed0,89,39394,DK,2024-08-11
61de64f8-a521-48b8-9026-821efca4c656,90,949230,DK,2024-08-11
727adc0e-3806-4bc5-8722-42c2b9c37c56,91,1451190,DK,2024-08-11
c7b2bdca-8589-4908-a4df-79165cbc17b8,92,1142710,DK,2024-08-11
0dad02a1-5489-4cc9-9af1-3478d127b149,93,2141910,DK,2024-08-11
6a5ab316-b262-4595-8112-e4084122cea5,94,1716740,DK,2024-08-11
2e72dd30-9d6c-4296-80c9-87eddfe8ae67,95,960090,DK,2024-08-11
5fcb44fd-4a67-4517-a46b-06c8a906f137,96,393080,DK,2024-08-11
61387cef-cd4a-4bc5-98bd-37a699e1eefa,97,548430,DK,2024-08-11
e7f2f1c6-d44c-4090-9bdc-580fe05d01ef,98,291550,DK,2024-08-11
525004c2-bcff-4e9a-9425-0aaea177a443,99,15587,DK,2024-08-11
d6a5a0c6-1af5-4dc5-bf06-b42aa48603b4,100,1085660,DK,2024-08-11
35f8c64d-8d03-41c0-8e2b-e983bab757ca,1,1675200,CA,2024-08-11
6d53e882-7a94-4ee8-aa8a-a711e4765e0f,2,730,CA,2024-08-11
a1983879-ad67-44c0-8222-fa4b9b4a1e3a,3,1245620,CA,2024-08-11
4d4e5f74-1902-412c-b09b-ffceaf3881f2,4,553850,CA,2024-08-11
66775eba-4b71-49ad-8b62-96bfa837a956,5,2183900,CA,2024-08-11
7cb6e7b6-a3b0-4473-8d6c-02c54177cfd8,6,397540,CA,2024-08-11
d0ba280b-63e1-40ce-b4a1-a24f40e99472,7,33369,CA,2024-08-11
9dc4d9f6-8005-43e7-958d-86cce3378db7,8,2933620,CA,2024-08-11
d8dad5bd-1d93-4ce6-83f9-ed365e5f95ec,9,1593500,CA,2024-08-11
14a54655-ee9c-49bd-9347-bf0645c044b4,10,2074920,CA,2024-08-11
ef12c0ba-cdc2-4f94-8432-99c89574f6ff,11,238960,CA,2024-08-11
9f971741-1030-4134-bc5e-50b9cad10f14,12,1086940,CA,2024-08-11
c44f95ab-e8e3-417e-b868-4e0db9b3a0f4,13,7694,CA,2024-08-11
972710c2-dae8-4c50-b47a-11e3df5409d1,14,2358720,CA,2024-08-11
da4c1d17-890a-4703-8733-bf3d2bd55cde,15,230410,CA,2024-08-11
af8e07b6-95d6-4ea3-ab31-102402d34cc6,16,236390,CA,2024-08-11
5e8ec6e8-b516-4a51-8651-b2165372f15b,17,2142790,CA,2024-08-11
4d11e55d-2873-4b45-a68b-91b3d6924a21,18,306130,CA,2024-08-11
9f286ea9-0740-406f-a86c-87b75fd41a5a,19,1085660,CA,2024-08-11
81327242-a76d-4588-991a-a9643c2ea41f,20,311210,CA,2024-08-11
4221b76a-8848-4924-bd74-4cf32eda4866,21,2778580,CA,2024-08-11
1965de55-8bcc-4140-9232-4bf86b232041,22,1222670,CA,2024-08-11
53d72ee0-e8b7-4e65-95a2-67da184eeaef,23,2638370,CA,2024-08-11
b6196b0f-0e7f-4280-90aa-b51e10635cfc,24,381210,CA,2024-08-11
b82b951e-105c-4a1c-b921-e8f1a569e6ed,25,39210,CA,2024-08-11
281cc2c9-dc4a-46fd-ba9e-36b69f2b2a81,26,2139460,CA,2024-08-11
8358b96b-bd85-4330-953e-8eeca4855915,27,393080,CA,2024-08-11
0603f6be-3462-4b9a-886b-ff2455ae5f2f,28,377160,CA,2024-08-11
75a991b7-a3e7-4f52-9de0-663c7e43bd31,29,782330,CA,2024-08-11
bbe56d16-8b4e-42a3-817c-faab015e0c0c,30,489830,CA,2024-08-11
793bf77a-4b75-4786-aa51-17ef99e8414e,31,578080,CA,2024-08-11
785feea8-6860-4312-b9cd-4356ba749c79,32,1172470,CA,2024-08-11
3f9d11c1-d7db-498b-8497-414ad8555554,33,570,CA,2024-08-11
c05ccc9c-4f10-46af-9e6a-a6394749148a,34,271590,CA,2024-08-11
06e2600b-333a-4635-ac7e-01f4a0e415a6,35,354231,CA,2024-08-11
ce651b8a-b5f4-4a51-9388-4d659c489afe,36,359550,CA,2024-08-11
b21d90b0-69c6-443e-b79b-4a8e2995dc4a,37,427410,CA,2024-08-11
b21ffff4-3678-4578-8e4f-262393fa0d26,38,2344520,CA,2024-08-11
049a95a0-b13e-419a-a4d4-87f9ff034afc,39,1151340,CA,2024-08-11
bdcf4275-c485-41fd-9c2a-ff05ec9fecc5,40,15435,CA,2024-08-11
fda13364-983e-4a6e-9075-b49d2b74dbf3,41,49520,CA,2024-08-11
80728df5-ee36-4bd4-8ad1-165039f14078,42,2567870,CA,2024-08-11
eb0a17c2-254f-472e-8f0a-7c81105e57f1,43,199943,CA,2024-08-11
36a597ef-4f9c-440a-877b-fd82d1aead82,44,1237970,CA,2024-08-11
61fb5662-9c77-4374-801d-0c126815b1f0,45,38150,CA,2024-08-11
67eee610-510d-4af3-a588-5cb922124318,46,1599340,CA,2024-08-11
5e6fc309-5bb0-4f9b-84cd-d918daaf96b6,47,413150,CA,2024-08-11
a7374086-8770-423c-ad63-a55d2f36e519,48,2400510,CA,2024-08-11
e48b6b0e-a61b-4999-ace6-2997a15ba1ec,49,1286680,CA,2024-08-11
eb318d0f-df77-4f25-8d37-cf9706edfebc,50,440,CA,2024-08-11
3c8f573e-afef-425e-b950-a946c0b4b7ee,51,2751000,CA,2024-08-11
c8d3bb2d-395a-4e7e-be67-656fb2ecf22e,52,1449850,CA,2024-08-11
de1d9068-e78d-44a8-a49b-4c8599ce71d4,53,252490,CA,2024-08-11
f3b1c678-e017-4e16-9f8b-1cf095a8482a,54,2215430,CA,2024-08-11
13f8093e-cdad-4462-8e09-313e406aba7a,55,5700,CA,2024-08-11
7fa173ea-6559-421e-9edc-f013d38a6557,56,1716740,CA,2024-08-11
39bfde27-ecee-4d33-be88-b40849e7e3fb,57,1476970,CA,2024-08-11
e47d9001-4ef5-4373-ac4b-7081b5be3c59,58,1059530,CA,2024-08-11
cc22cf2e-138f-4811-a635-610cafeb11b2,59,2141910,CA,2024-08-11
c48dd969-27dd-42ca-bd2d-ec0f01b8ca38,60,1282100,CA,2024-08-11
1ec9314b-773b-4ac5-85f7-47545556249e,61,202970,CA,2024-08-11
a2871e14-b3e6-4983-995b-37f8aec939fd,62,1962663,CA,2024-08-11
f0a00c99-4a73-48a5-8ccd-42e568d359bf,63,1091500,CA,2024-08-11
db577b25-fb3d-4335-b18b-75fa2173f51a,64,216150,CA,2024-08-11
17dc7941-8685-4d65-a16d-cd72b6f3fa8d,65,1172620,CA,2024-08-11
d7738ddf-2736-4d59-a8a6-225d4dc2d28e,66,2016590,CA,2024-08-11
981b3a0f-3695-4174-ba54-c7ce4c8a0c59,67,1659040,CA,2024-08-11
4312eabb-53ba-4d35-99e4-707a24ca79a7,68,739630,CA,2024-08-11
c10e4dec-452c-42f4-a577-4ea7745beec9,69,1203220,CA,2024-08-11
2d3abdf8-3e32-4b94-a438-bcb7f7beb510,70,1149460,CA,2024-08-11
988581d1-97cb-48cc-877f-753c9b0916e7,71,1144200,CA,2024-08-11
9eca1c0e-41b1-4dad-ac9e-d622f4fc3d2e,72,2195250,CA,2024-08-11
dfbb789a-7e2b-487a-a86f-9dcabde7ad9d,73,2379780,CA,2024-08-11
f449f36e-8a57-4e71-8806-3600716e8953,74,1517290,CA,2024-08-11
cc1be32a-7b53-4875-be7b-20c9cde327a5,75,3782,CA,2024-08-11
5adfb899-5c25-439f-b541-323f31f17a53,76,1985810,CA,2024-08-11
384cfdcb-bb63-428a-b77e-5e42c1ef3c96,77,30424,CA,2024-08-11
3785225d-f803-4e6a-9bb2-f73eed9bf58f,78,548430,CA,2024-08-11
1348708c-8eb8-4163-b8f7-0eaa85e11b6d,79,1203620,CA,2024-08-11
4a5f66fc-bf7b-436d-abc9-d10b10d3a0f4,80,261640,CA,2024-08-11
34b6122a-61e5-48b3-9ca0-72adfe57d124,81,1326470,CA,2024-08-11
520487b6-c92f-4a4d-993d-e0330f26cfde,82,2336880,CA,2024-08-11
d036d505-e5de-4591-9b5e-9958e851a51d,83,1562430,CA,2024-08-11
6f7c37c3-b5b1-4901-9b1c-f2feda10f265,84,108600,CA,2024-08-11
83e439c6-fb90-41b1-988f-08ddf2439f2a,85,2526380,CA,2024-08-11
24032d8d-ef80-44dc-968d-1bd89b636fa7,86,1142710,CA,2024-08-11
b99b62fa-4943-4792-9cf4-79be67ecbf92,87,2965660,CA,2024-08-11
87def240-8419-4622-a44a-e6b7a8669701,88,270880,CA,2024-08-11
9fdc03d6-3f47-41b6-8fb3-f0c062d5bfb0,89,1250410,CA,2024-08-11
28ecebdf-7c9b-42a1-9775-cf34af4d2ddf,90,22380,CA,2024-08-11
4e4c86c5-e6b9-4d92-ae0c-03fe15c476ab,91,1623730,CA,2024-08-11
054671db-bb11-47ce-b704-1fd760b26649,92,15366,CA,2024-08-11
aedb634b-88bb-473a-8463-15cd5fe0aa03,93,546560,CA,2024-08-11
ba5b1a12-bb9e-4225-89f6-6ce8b5654dde,94,251570,CA,2024-08-11
102711b9-fcf7-4e63-a48c-35cb29ec434d,95,1158310,CA,2024-08-11
317bea87-a2e0-4f4f-b51d-c2828aae7bae,96,1232580,CA,2024-08-11
2dc81044-b700-4fd4-9aac-920906ad61ff,97,223750,CA,2024-08-11
97b40fed-1017-48c2-a55b-a68ae981ce74,98,2366980,CA,2024-08-11
6030cfe0-2714-4632-9731-9b199bf23a4a,99,1938090,CA,2024-08-11
285ff228-ac0e-42fd-ae31-b947c20487d2,100,1629520,CA,2024-08-11
d0e354be-de71-497c-b7af-d8f1579ee1eb,1,730,US,2024-08-11
d61a518d-70d0-43ca-9074-19b2eae03473,2,1675200,US,2024-08-11
5d419439-f4f2-4595-8be2-c66d9dd9aaec,3,2074920,US,2024-08-11
4d3c34b1-9610-48d0-95f0-65f0c3b2d6ed,4,553850,US,2024-08-11
afd57898-9e21-4b79-8cbb-4b483e9f2bbd,5,2183900,US,2024-08-11
bb015d7b-1cdf-4345-9ef6-4c8726482554,6,1245620,US,2024-08-11
753c9d9f-18ea-4203-ab76-4700349d957c,7,33369,US,2024-08-11
bc7e3f05-6700-4065-aa8a-d6688e5707e2,8,2933620,US,2024-08-11
9fae94e8-308c-4562-bad4-92894e049d6b,9,397540,US,2024-08-11
c516e0e2-d6d6-4827-b95d-bf4dde063fcb,10,236390,US,2024-08-11
9b650284-afc6-40bf-b229-583e3ca1c224,11,1086940,US,2024-08-11
ada7c055-e54b-4ce1-a094-bae583956ca8,12,311210,US,2024-08-11
106835a8-a6d4-4c27-8ac9-59423cc4ada5,13,2638370,US,2024-08-11
dcfb9f56-f92a-4482-980d-96b1aaa8974a,14,230410,US,2024-08-11
84c1bd83-c542-4049-a162-28bf56a72248,15,1085660,US,2024-08-11
3932783c-00fa-4e7a-bfe0-f517228841fa,16,1593500,US,2024-08-11
4ca18bd4-edf2-434e-b767-a99247dec446,17,306130,US,2024-08-11
c8134619-7f02-4d14-a048-e96f11e66222,18,393080,US,2024-08-11
434e7150-0386-41e5-9bb9-f2608d393bb5,19,2139460,US,2024-08-11
9e05bd0a-0433-40d5-96a4-ae5e3c393558,20,381210,US,2024-08-11
609f9353-63e0-4647-a2d4-c340f0b1257c,21,2142790,US,2024-08-11
2bff5604-f0ff-4479-8263-02c58b88377b,22,1222670,US,2024-08-11
5a39f847-a486-445d-870a-e8d0f1eb7c33,23,2358720,US,2024-08-11
b4574e64-0c58-4bee-9c95-611ac04c1e3d,24,49520,US,2024-08-11
87e98959-f6d1-4fad-a616-e56e528611e7,25,238960,US,2024-08-11
e5706f37-fb0c-46bb-acbe-3b9d2a7a375e,26,2778580,US,2024-08-11
59336a1a-dae0-444d-bc83-817b3594318a,27,271590,US,2024-08-11
74f098c2-e304-4c3c-bfbd-acdd3ca11520,28,377160,US,2024-08-11
d471ce4f-a7e3-4b26-b23a-abedc5cd959b,29,359550,US,2024-08-11
b7d3216e-0529-4f78-8396-1af7ab36b282,30,1172470,US,2024-08-11
d41f13c2-e253-4349-bd2f-6a368b28c896,31,39210,US,2024-08-11
601f14b7-771f-4a95-8c55-f81f374faf9a,32,440,US,2024-08-11
240b2167-63f2-4c51-aaee-da5fbea3ec9b,33,489830,US,2024-08-11
a69a9f50-627a-4570-8339-05dceedd83d1,34,1962663,US,2024-08-11
dc3e416b-6e39-4342-ac35-ab70be86815f,35,782330,US,2024-08-11
c2867b2b-c87a-4d55-85bb-11026ff3b859,36,252490,US,2024-08-11
b9e7ec05-977c-42f0-8308-fde15e034c14,37,1151340,US,2024-08-11
39ad5b08-36ee-4b43-b7a7-d262167aa2ea,38,578080,US,2024-08-11
03655591-4aff-4f5a-999d-91cf78b180ae,39,2567870,US,2024-08-11
abea1b37-60e0-4e69-8d90-986fc2ab24e9,40,199943,US,2024-08-11
ec323082-1b82-4d21-955a-153fd76d449b,41,2344520,US,2024-08-11
8369c55f-85f3-460a-8fe4-2147bc756847,42,38150,US,2024-08-11
f7c7a346-1c26-451c-8e81-a85e757c5ef7,43,427410,US,2024-08-11
0f55a1ff-0d3a-4a23-bd8a-56025135f51f,44,5700,US,2024-08-11
982fcc8c-32be-485d-b863-d5956ae10b30,45,1237970,US,2024-08-11
bb448f49-2dab-42b4-99a0-5592e3462073,46,1144200,US,2024-08-11
87152604-aefe-4db6-a4c0-379fb646c543,47,202970,US,2024-08-11
9a844954-c164-46d7-829c-30367eb0c55c,48,1286680,US,2024-08-11
a42f8d2d-f4f4-417a-8a42-115aa6134e12,49,1449850,US,2024-08-11
54cecc81-a08b-4708-a6ee-b66ee677cd15,50,1599340,US,2024-08-11
45385010-e157-4beb-9f9a-87c3e83c4e28,51,251570,US,2024-08-11
1372f139-1394-44b8-831b-927184c45031,52,15435,US,2024-08-11
16f88f87-087c-48e7-8e9c-b702d1b4ea24,53,2215430,US,2024-08-11
78218629-e04e-46e9-bfae-0b473233d516,54,2400510,US,2024-08-11
93a2d8e9-ac78-4f98-8215-8647f360a8a8,55,2141910,US,2024-08-11
a82ac877-da1d-4ca1-9961-5bb778e086ba,56,30424,US,2024-08-11
f59a5920-2a7e-4d3b-85a3-c2adb44d9cba,57,413150,US,2024-08-11
c6388650-bd9b-449d-a528-2fb31b706fda,58,739630,US,2024-08-11
652b722e-55c0-47d5-85c9-747c47c0ed70,59,1091500,US,2024-08-11
a33a8512-ec4d-4824-bd7d-29f00bfe525d,60,1716740,US,2024-08-11
1515df9a-04e0-4ae1-8643-8ae156b56fd6,61,261640,US,2024-08-11
f4eb1a6d-2537-4400-9aa6-be0d662de658,62,1172620,US,2024-08-11
42a3ad63-037e-48fd-bf76-841534cd5423,63,1938090,US,2024-08-11
4fb8ed4c-bfe8-4fe4-b6dc-c6d0d9ba3c93,64,570,US,2024-08-11
6971f405-bf63-422c-83ca-3db7eb44b428,65,2519060,US,2024-08-11
e273e5ed-c485-4803-b42a-f47e3916813d,66,2406770,US,2024-08-11
4a4259cb-1e9c-4b1a-9c9d-4f4ca72c9b77,67,1059530,US,2024-08-11
982d93ab-de3d-49b0-84a9-bb47f8c43e04,68,2336880,US,2024-08-11
13b6dc71-daa0-4089-9e97-9c7454036a57,69,548430,US,2024-08-11
c738b322-85b5-4562-8081-38436a573017,70,15366,US,2024-08-11
540a264c-c30b-4213-8255-17d85a228714,71,2582560,US,2024-08-11
c85d291d-c12d-4806-816c-80919730c7cb,72,1282100,US,2024-08-11
1dd5a116-4309-42b2-9519-127b0bb0f534,73,270880,US,2024-08-11
9f307e79-9b47-4e23-a2f3-16c4538a543a,74,2016590,US,2024-08-11
8ceafd29-7d3e-44f0-a985-56aa9ae03958,75,1966720,US,2024-08-11
769894dd-bde7-430f-a269-870a27bbe521,76,1476970,US,2024-08-11
e4560b3e-cd08-4635-9b0b-900c6f82ce0e,77,2751000,US,2024-08-11
f593d510-3707-4ad5-8590-e72096db985f,78,1517290,US,2024-08-11
5acf3f4f-cf31-448b-9e77-e6605f0c0637,79,1149460,US,2024-08-11
9e40b2ee-29ef-4409-af87-ab0031e1d527,80,2366980,US,2024-08-11
858c0789-a767-4f80-979e-718d14a25236,81,294100,US,2024-08-11
c1b4bf7f-864c-47ce-915a-8b52a32e790b,82,1985810,US,2024-08-11
743a61ce-5f75-4720-91ba-8e2ce25c54bc,83,1203620,US,2024-08-11
c4784831-026d-43b6-822f-20ae6b8911f1,84,1326470,US,2024-08-11
8ca3e5d3-ec05-4426-8d58-5c2b1f329d8e,85,2670630,US,2024-08-11
b839cf38-a478-4dd0-ad34-a1e6fcaca714,86,2073850,US,2024-08-11
513016df-c622-4a06-a29e-fc83ec1fe4fc,87,1174180,US,2024-08-11
3a709690-d855-4889-b55b-0c25de5c7cc2,88,1659040,US,2024-08-11
93da8859-9eb3-4934-989e-87fc6b7673d9,89,582660,US,2024-08-11
daa035c7-82e5-47ca-9e30-7ab39994c707,90,223750,US,2024-08-11
8c034ef9-17c0-4ffd-85e0-85b41f7897d6,91,2357570,US,2024-08-11
4e842bfd-4d8c-43b9-b4f2-2f070309a582,92,3782,US,2024-08-11
a0ab1637-f2a8-4fdb-9037-2d6c57b212ce,93,216150,US,2024-08-11
d16dd306-a237-4690-9534-ed8828a48219,94,33608,US,2024-08-11
9640ca0a-cae6-4565-aa57-01e9d0139690,95,284160,US,2024-08-11
8119addd-b798-43d3-943b-6124c3625133,96,22380,US,2024-08-11
9e6757fd-6531-4826-9dc1-580c0910f212,97,8133,US,2024-08-11
0185b76a-3441-47f3-b2f0-4dc56ca9b618,98,42700,US,2024-08-11
03669823-ae10-4e56-a04f-4264d7ea81b6,99,2965660,US,2024-08-11
93a8abc7-f625-419f-bf7d-f500a15e9f50,100,1623730,US,2024-08-11
eb766b22-abf8-4d0f-9956-30dc9560b097,1,578080,TH,2024-08-11
df4536e0-186d-496f-a671-f1a22d67a255,2,570,TH,2024-08-11
c0f2f5d2-ede7-4fc4-8bb6-9c19c619660d,3,2074920,TH,2024-08-11
9202eaaf-e483-4c24-b1fc-ac1e43ac582a,4,1593500,TH,2024-08-11
6a07c364-d97a-4541-b929-f95e5dc57272,5,1203220,TH,2024-08-11
6e9207bd-b72d-4b6a-945e-fa283b5841ec,6,1245620,TH,2024-08-11
897e07c6-5aa9-4102-ac14-d87310172d83,7,2139460,TH,2024-08-11
83b7b683-dde2-4aab-a320-be6bff29a148,8,5700,TH,2024-08-11
5b53bccb-a70f-4f82-84ec-4692b92faef9,9,1222670,TH,2024-08-11
39c485b4-9b12-434e-8dcc-ca7fbc763d06,10,2358720,TH,2024-08-11
7511bc86-1ab1-45d6-8a66-cfced2a96c3a,11,730,TH,2024-08-11
852ecc2a-7e69-49a1-96ca-15d93d3730e6,12,2183900,TH,2024-08-11
b90c3cdb-ca70-484c-a2f2-e58e0cf012bf,13,413150,TH,2024-08-11
68170268-3b1f-407d-be3a-ded06cb5e7b2,14,2778580,TH,2024-08-11
84287af1-0159-4fc3-beb6-1a422668cd8c,15,39394,TH,2024-08-11
1abafeae-096b-43ba-9a2a-6502bdefa129,16,238960,TH,2024-08-11
50711927-9e7b-4d73-b1ad-bf1062a17687,17,2526380,TH,2024-08-11
d6c4e093-a43e-41c1-bed8-eaff9d26f5d4,18,381210,TH,2024-08-11
0fc34e42-6486-4813-944f-7b34a8dc7c0a,19,199943,TH,2024-08-11
f6b51433-9cde-4e23-a1fa-329032c43853,20,1172470,TH,2024-08-11
974217cc-449d-4280-acf8-ef27d28fef31,21,814380,TH,2024-08-11
56be826d-c91d-4348-9651-bba319086c31,22,33369,TH,2024-08-11
9d17b99f-3d65-4d16-9dab-8d3d6b5798e9,23,1237970,TH,2024-08-11
d98f4908-1627-4477-a10c-4fb6752ca422,24,230410,TH,2024-08-11
a119624e-fcd9-4a0d-a6ba-53e636b35d10,25,1158160,TH,2024-08-11
fb7d39d2-38eb-4c2d-98f0-6066f654901f,26,553850,TH,2024-08-11
ae6d7f95-4367-4dfa-b6ff-901415f18a4f,27,1086940,TH,2024-08-11
3107509a-529e-4181-8a5f-8988bf46c581,28,397540,TH,2024-08-11
9b717ec7-5a4f-4963-954e-1463ed159b85,29,26688,TH,2024-08-11
7647ebb1-bcb2-468d-82be-a46d02f8da7d,30,271590,TH,2024-08-11
8414e80e-647c-47f7-95af-8bed15e99859,31,782330,TH,2024-08-11
e06fed4f-b9dc-47a2-ba74-1ec7cf14855c,32,377160,TH,2024-08-11
d2ba9ad9-a74b-437c-8f84-ea859f5ef0bb,33,1089090,TH,2024-08-11
80af0fff-a286-4bbf-bb42-b07cb4e32fe2,34,236390,TH,2024-08-11
17d52ace-0c57-43e4-8142-4bb0070d472e,35,1222680,TH,2024-08-11
3c34197d-779f-47d3-b3fa-443cfaa85b78,36,2567870,TH,2024-08-11
52595f91-0479-4bc6-aa69-71aa441b8d19,37,582660,TH,2024-08-11
260fa374-ee2e-425b-9f7a-bb602566d572,38,1846380,TH,2024-08-11
607bd0d9-a729-4fa3-9f15-01fa7f96513e,39,1672500,TH,2024-08-11
a48fe54f-b360-4d04-8570-03400f89d0b9,40,1665460,TH,2024-08-11
e30304af-105e-4a50-a6dd-d1f98e33a5bd,41,2195250,TH,2024-08-11
c1a8c9cb-e713-4e75-a782-9944104db55c,42,2669320,TH,2024-08-11
11bcc049-473c-428e-8b4a-7a3cd1357c9b,43,489830,TH,2024-08-11
9661f487-e126-4c5f-a4d1-c9e135f2d940,44,2346550,TH,2024-08-11
3a5d1222-afca-4895-b8ba-5813f98c486c,45,38150,TH,2024-08-11
ff283c8d-ca81-4d6b-89fc-cc76e2ccbebc,46,1238810,TH,2024-08-11
3934137f-0a32-4f0f-b790-07bfabc2514d,47,2215430,TH,2024-08-11
19beb5d0-986b-4c85-b85a-c01211689cb0,48,359550,TH,2024-08-11
d1aab5b5-760b-499d-92a7-185ac44bf32d,49,1174180,TH,2024-08-11
3bc82c8a-be3a-4cd5-b17f-9b54694aa65e,50,2344520,TH,2024-08-11
35675947-a3ee-4c35-99dc-aaf81caacc63,51,2305840,TH,2024-08-11
ee3e456a-75ec-4199-bfc8-7e4f9f8d4456,52,23157,TH,2024-08-11
7601c09e-e711-4474-9ba6-f415eafd5f0b,53,2338140,TH,2024-08-11
8ed499cf-520b-44e9-8318-f82a1a404c37,54,2142790,TH,2024-08-11
d257af9f-abba-4e24-ab84-7a579706aa13,55,431960,TH,2024-08-11
412676a3-856a-40ab-acde-b80b1c4d9a3b,56,739630,TH,2024-08-11
2463500c-6318-4273-8690-fb1e41416ca6,57,346110,TH,2024-08-11
af501725-9c8b-4a97-b8db-81ca2e62b15b,58,251570,TH,2024-08-11
9f22f83a-de8b-4a53-9a70-5e789f06cc84,59,2315690,TH,2024-08-11
feb965c0-c06f-4e84-914b-99cc927a02d1,60,1517290,TH,2024-08-11
8c032162-c85e-453a-a5b2-e1438b42b4a9,61,2751000,TH,2024-08-11
784bddb8-49e2-4cbd-980f-d0357eacc2f0,62,550470,TH,2024-08-11
9702c10e-ff89-4f39-91e4-e61dbc6c4099,63,5699,TH,2024-08-11
29ce20b0-ada9-4bea-a23d-9c949f4681f7,64,2857890,TH,2024-08-11
a930da09-b9ed-488a-964e-bcd1c80306c8,65,2073850,TH,2024-08-11
ad52387f-f056-4f6f-92c5-7be27af0b99a,66,1962663,TH,2024-08-11
6a67bf48-3a5f-4b98-beeb-ebdd992a554a,67,2933620,TH,2024-08-11
7d9ec9b7-b6bd-435e-9361-642773287d9a,68,1335830,TH,2024-08-11
ca3d9296-16a1-4a64-91a3-67f50a5d56aa,69,1286680,TH,2024-08-11
ae0dfcea-17ec-44b5-b430-6e2ad6a9cbb6,70,1623730,TH,2024-08-11
a1b7a017-f9d2-48a3-b26f-d0e4ec04ccb6,71,949230,TH,2024-08-11
db95f7f6-8d35-4e1f-8061-ceff579b58c5,72,2808930,TH,2024-08-11
97c465ca-2315-4bd7-b7a6-68b60c59d27b,73,1858630,TH,2024-08-11
916207aa-c3ad-4296-a776-4d2c945c9d85,74,38285,TH,2024-08-11
1ef18e06-8b49-4eba-a789-582469df47e2,75,1282100,TH,2024-08-11
5a9fa1ac-cdeb-450b-813e-c5f10a9372d1,76,105600,TH,2024-08-11
c4f4acc8-03ec-49ce-b419-f80d5dcec25e,77,49520,TH,2024-08-11
5904a7b6-8949-49fd-ac09-1559b7232ba0,78,30424,TH,2024-08-11
23d92ee4-86e7-4e62-a772-5813cc60671d,79,306130,TH,2024-08-11
5a9ab0fe-e31a-4a8e-b1c9-337d958d4bc9,80,1716740,TH,2024-08-11
80648d2e-bda8-436d-96e4-c139ccc050ac,81,124923,TH,2024-08-11
5db60b9f-4156-43e4-9b04-2fff3084325a,82,379720,TH,2024-08-11
bc1265d2-bb2a-4911-b2c1-969979c96e79,83,1659040,TH,2024-08-11
a9180842-0258-421e-ac21-12702ce65b61,84,1056640,TH,2024-08-11
c135fb13-7a82-40c7-9095-db69d3547431,85,824550,TH,2024-08-11
9c3ba67a-4cd6-4a78-b47e-dfa7a8d68bec,86,1997040,TH,2024-08-11
753c77f9-d1a7-4230-b5a1-df07d22f65a7,87,23662,TH,2024-08-11
ed682d78-7b57-449c-ac4b-ab154a3dc2c4,88,1151340,TH,2024-08-11
fdea2f86-197f-48e6-a187-795ed16ca72b,89,447040,TH,2024-08-11
f3671dd0-b54e-4d7c-8619-1ef8f158cb33,90,457140,TH,2024-08-11
2018ffe1-5ccc-4670-8ccf-52627266299b,91,8133,TH,2024-08-11
6d1f8951-ffc2-4b68-adec-9d2fc2d898f0,92,2426960,TH,2024-08-11
8a327426-87ce-498a-8608-be1f75bb321e,93,648800,TH,2024-08-11
022504bd-ca41-4953-8950-7b7fa40aa795,94,1091500,TH,2024-08-11
01015848-2b0b-4d73-9f0d-a803ab65e7fe,95,1250410,TH,2024-08-11
e8bdec3e-d9ba-4928-afda-1e0b1d73ea74,96,1085660,TH,2024-08-11
88a5ae94-de24-4815-9982-45eaff662c37,97,1149460,TH,2024-08-11
349fc2a3-efcf-477a-a57d-cd053107788d,98,513710,TH,2024-08-11
91b267bc-9375-442a-8525-ff95f4871b36,99,1774580,TH,2024-08-11
41e6619a-463d-4b1c-9a3c-b3f679ac4231,100,27654,TH,2024-08-11
00db1cb2-505c-4aee-bd3e-c19ae028caa0,1,730,CH,2024-08-11
8da024dd-c88f-4545-a9d5-c02d766a4403,2,578080,CH,2024-08-11
6a8c551e-6b26-4261-8eaf-6315b77ef92f,3,33369,CH,2024-08-11
980e4427-19e3-429a-89c5-026b5f28cb6d,4,2074920,CH,2024-08-11
54adf350-5f6e-4f7a-b8ba-f95e9e67f346,5,236390,CH,2024-08-11
e35f28e5-7713-41d5-afad-befd513a7cf9,6,2933620,CH,2024-08-11
dd176aa8-ba2c-4ede-831a-888ba50552c9,7,1222670,CH,2024-08-11
a4ce974e-af80-4f0b-b98a-22bb96141cfd,8,1593500,CH,2024-08-11
cf13b2a0-1012-44da-b254-a6749b34c385,9,2183900,CH,2024-08-11
580910e4-44ed-43ca-a81b-616a92f2cae9,10,1245620,CH,2024-08-11
43934e11-8859-45d6-88b1-a05f150402bd,11,2195250,CH,2024-08-11
73a40e65-74a9-44fc-b49a-e809debd3be4,12,1857090,CH,2024-08-11
d08eee1f-609e-4125-b118-6ed0a4478bf2,13,34790,CH,2024-08-11
f2230dfa-f3e1-4f17-9bd5-3ba80da87d5d,14,553850,CH,2024-08-11
c3891b29-1e33-4b9f-9411-f32a0ce3d82a,15,397540,CH,2024-08-11
9bd3c724-32ed-4488-b9ba-4e07dde37d88,16,1086940,CH,2024-08-11
ac2685e0-e50d-4d65-8bbf-0a42cf194c4c,17,1599340,CH,2024-08-11
46392c6a-da27-4e48-b9c7-0fa225b5fc7c,18,1203220,CH,2024-08-11
83d53c33-498e-4bee-97fa-60ae53445218,19,306130,CH,2024-08-11
a2fa5ca1-3498-408d-a619-54d9f9711c41,20,2358720,CH,2024-08-11
c5db6681-b650-4d39-a2b2-7cea56549480,21,230410,CH,2024-08-11
20f98e5d-38cc-4009-bfc4-796a76ca6987,22,582660,CH,2024-08-11
7a1f53df-6e47-4f1e-a6c9-c03d31cba9ba,23,271590,CH,2024-08-11
d2ef831f-84f7-4a18-a691-166e38ee80ba,24,1250410,CH,2024-08-11
384436b5-d8fc-4aad-a7c2-0ee2be9b8909,25,15435,CH,2024-08-11
14787c2d-e70a-4543-9791-ec867cd06427,26,2567870,CH,2024-08-11
0c36b3a6-e5b4-4af3-8c24-6cdbdcecfa56,27,1172620,CH,2024-08-11
e159a252-8c90-452d-86af-4a55211ac99b,28,1172470,CH,2024-08-11
b432668c-ab89-4ac3-ac09-81ed12301fd7,29,1449850,CH,2024-08-11
05ba6abb-035c-4e5d-b11e-b114ec97603c,30,2139460,CH,2024-08-11
8930ce68-8099-4eec-842c-b41d8a97d98d,31,26143,CH,2024-08-11
bfa41528-90bb-44d1-8eaa-391422b8f564,32,2362300,CH,2024-08-11
b52793ab-78cc-48b6-8710-19306796c1fc,33,381210,CH,2024-08-11
c3c8a7cc-4a28-43ba-bbb3-eca283c2e0e1,34,2751000,CH,2024-08-11
78782c5a-a87d-454f-9421-3e1f77b51f28,35,39210,CH,2024-08-11
8bc2fa61-3d7e-414c-ab91-e4d8b4135c07,36,377160,CH,2024-08-11
b69aa88f-53ec-4e18-8354-fa977346b443,37,1151340,CH,2024-08-11
ba5b54bb-aff6-4e7b-9930-8e99ac06d0a4,38,5700,CH,2024-08-11
a7ae5f8d-68ef-4c11-a4bc-ae7b64e546a3,39,33022,CH,2024-08-11
b9f16966-6070-41f5-bac1-df6458ab503e,40,782330,CH,2024-08-11
979e918a-a7a0-41bc-97e8-015885356ff9,41,238960,CH,2024-08-11
32f7cefc-25b3-4078-817f-6646c7327795,42,49520,CH,2024-08-11
1833936a-6435-4e95-80f5-416b83f789fd,43,489830,CH,2024-08-11
4201c37c-3ca5-40fb-b94f-341e127651cd,44,3782,CH,2024-08-11
9e7c7e96-4f63-4141-af80-42019439ba9f,45,1716740,CH,2024-08-11
fc44fcef-9de6-4b8a-b7ae-371942f31b8b,46,43679,CH,2024-08-11
63c75f39-cdaa-4992-9288-86b7ee1c01d6,47,1144200,CH,2024-08-11
ce2613db-94f9-49a2-8172-d50733f85fcb,48,1962663,CH,2024-08-11
f675dd79-b7b5-471c-a500-63b084fedd00,49,1085660,CH,2024-08-11
26e06546-e9da-494f-8baf-cdb6cda5c157,50,2426960,CH,2024-08-11
560c4fcf-d9a6-495b-adb8-618210707266,51,43078,CH,2024-08-11
e3f8e88a-1928-4430-a213-fc77ae7a1553,52,1237970,CH,2024-08-11
4057dca4-9155-40dd-bb89-6fe3ef25093e,53,1158310,CH,2024-08-11
cc90ea01-45ad-454e-88fb-8a8fac92dc4a,54,2778580,CH,2024-08-11
c7478881-059f-4a9a-ae8c-09cb0d134721,55,1326470,CH,2024-08-11
3d9646eb-827d-4788-a202-5feb07f2d4c4,56,251570,CH,2024-08-11
7a1f2608-c1d0-4977-97d4-189524f374a5,57,27500,CH,2024-08-11
cc1837f2-4185-47b3-a83a-0ebb5b84f8d8,58,2142790,CH,2024-08-11
0bdad372-c762-400d-b472-e18f84c31f02,59,1774580,CH,2024-08-11
09961724-cab8-4106-aada-24eaf55c6e84,60,227300,CH,2024-08-11
34070c4c-b66b-4164-a914-77b8ed013d07,61,275850,CH,2024-08-11
99da1e5f-090f-4c40-aba4-40c05e2097e2,62,2638370,CH,2024-08-11
a8e7aaad-d10d-42d1-ab3c-4c62a787edcd,63,570,CH,2024-08-11
44f6c960-409d-440a-845d-aba0fb781cbc,64,394360,CH,2024-08-11
4c979c1f-2d56-49c4-8025-2bd2d4abf1cc,65,37095,CH,2024-08-11
8542958f-74d5-4062-b4ee-4da64d885671,66,1091500,CH,2024-08-11
db7d0687-4a24-47e4-8392-35e733dc62b1,67,252490,CH,2024-08-11
9b7b70a6-12b0-4f48-b923-99168fe8cc15,68,1248130,CH,2024-08-11
19d87a27-2f76-4f52-9430-c6d87c45d27d,69,223750,CH,2024-08-11
afc62b76-9a08-4bf3-b0d8-3640e4f97b1c,70,1142710,CH,2024-08-11
d44504b6-76a5-443e-b351-167be8705c03,71,1286680,CH,2024-08-11
1718fd3d-2a0c-47aa-99a5-1eab51a0c447,72,216150,CH,2024-08-11
7c0546e8-5b54-489a-9232-54d596095671,73,1149460,CH,2024-08-11
87dccfa6-0eca-4452-bdac-6ccfd359727e,74,359550,CH,2024-08-11
27f0efd3-28eb-4101-afc0-57c550c183b7,75,2488620,CH,2024-08-11
52dcf430-d9b1-46d3-82c4-55586687fb95,76,784150,CH,2024-08-11
2f7a67c4-f935-4247-8387-54aed3a60633,77,1203620,CH,2024-08-11
77ecd8bd-e58c-4234-b4af-b206c6bad2c8,78,2662170,CH,2024-08-11
13c33718-4735-4a77-baa8-d2329d7dc943,79,1938090,CH,2024-08-11
254584f7-baef-409e-a352-8edaf5f685fe,80,1282100,CH,2024-08-11
ad3656dd-e0b2-481b-9428-b400b81eb16c,81,2215430,CH,2024-08-11
1a583018-c049-45c2-a877-bc4ec8ed2f61,82,1332010,CH,2024-08-11
e99ad1d8-c38b-46d9-91ed-dce09906c817,83,2406770,CH,2024-08-11
708b3ec7-bd4e-41d2-957c-73aa6716f061,84,800221,CH,2024-08-11
a18cad74-24a5-4412-8540-c9f4124f74d3,85,311210,CH,2024-08-11
1a8a2d8f-4d7d-4511-ad9d-4a7bd207a46b,86,2064650,CH,2024-08-11
cde44e62-fcbe-4d86-9e42-66e5fd192592,87,2300320,CH,2024-08-11
ffaf1166-88bf-4cf5-a619-4231353071c6,88,2669320,CH,2024-08-11
3f5f5fe7-4f4a-422c-a18b-f5cc036ba97c,89,2000110,CH,2024-08-11
509c4e8a-5491-48f1-b68c-647e7b4842b2,90,221100,CH,2024-08-11
8d9d97b3-338f-4ec7-a8db-6d9237179f51,91,739630,CH,2024-08-11
65f86310-1121-4455-87eb-93bc5526053d,92,2344520,CH,2024-08-11
1ea2dd17-78c1-47f7-898b-157744b88ec5,93,1017180,CH,2024-08-11
a10726b6-c44d-4e2b-aa8e-79e393730682,94,1623730,CH,2024-08-11
8e410292-f968-4e5e-ba27-64e1b3c8af91,95,2366980,CH,2024-08-11
138a6d75-85ec-43af-ba2a-273390599c4b,96,546560,CH,2024-08-11
ae5f783e-caa5-4b64-a4e0-dee53961bf6c,97,30424,CH,2024-08-11
7dae9fba-fbc9-4426-b864-c722c1fbf5ed,98,1517290,CH,2024-08-11
e05278b9-089b-418f-9c5d-e3c5a538d7ea,99,1286830,CH,2024-08-11
3a1ee6a0-a4e2-40d4-8953-3c4cffa9234b,100,2670630,CH,2024-08-11
0d6ea80e-b478-4716-ae2f-7d3615a54246,1,570,RU,2024-08-11
3e80bc3f-cb0b-4cfb-ae63-adf089bbbbb6,2,730,RU,2024-08-11
9c83ac81-e1c2-4b10-8f8d-5fdb35a63e26,3,1316680,RU,2024-08-11
fbadaa8d-d2a1-4f86-bb5e-55969ab34a2e,4,578080,RU,2024-08-11
d798cbf3-7d20-412f-a106-31a8e2713ee6,5,2183900,RU,2024-08-11
e6a40dbd-52ec-47cc-b5f4-c43265aae25d,6,252490,RU,2024-08-11
f56a5cd8-e057-4b8a-ae85-c1844380bca9,7,2074920,RU,2024-08-11
e7676c3b-995c-4a91-acab-e564270df558,8,739630,RU,2024-08-11
a16c0727-1a37-43cf-aee9-836feb120e22,9,2358720,RU,2024-08-11
64ad8bdf-7ace-4aae-aece-06993ce41bbc,10,1086940,RU,2024-08-11
cfcd5e5d-76ac-4eda-b690-2f63910951dc,11,326360,RU,2024-08-11
c0bedaa7-a6c0-4d52-b88b-cb6836a14659,12,1818450,RU,2024-08-11
fd0ee98a-b3ee-47c5-b3d1-a7534b97bc04,13,1245620,RU,2024-08-11
4edb11d2-f465-48f9-b7fc-c9c17a1d3932,14,1282100,RU,2024-08-11
7a5ba254-f009-4c74-ab41-e658c284dd73,15,2808930,RU,2024-08-11
262596d8-d1bb-4943-bd7c-3191c306913d,16,238960,RU,2024-08-11
d3b5455f-8172-4190-bac2-479fab8e45d9,17,548430,RU,2024-08-11
d7062409-69d4-466f-b491-54022d067cdc,18,1232580,RU,2024-08-11
97bc1c07-79b4-4399-ad1d-d1275de9394c,19,2638370,RU,2024-08-11
c71906fe-f7f0-46fe-bc6a-35de413ab258,20,2881650,RU,2024-08-11
5717f132-285e-439b-b00b-da68956d20d6,21,440,RU,2024-08-11
503af18c-62a1-4f19-be5e-371e033bdbf5,22,427410,RU,2024-08-11
2c6bc6ea-a960-4504-9fc9-e6282054b836,23,2567870,RU,2024-08-11
222d8f4f-be93-4a53-85a6-607338088657,24,2139460,RU,2024-08-11
a9617816-bd5f-4616-adcb-aeaf7b5ff9fc,25,1149460,RU,2024-08-11
2a821e45-0743-41c4-b197-f93f285896b2,26,413150,RU,2024-08-11
3fc7902a-c2e4-4cbf-8bb0-4a59169000e2,27,227300,RU,2024-08-11
1bda205c-67f4-4680-bcbb-61aab27fc6d8,28,594650,RU,2024-08-11
9301a327-0dc9-4715-8dbb-1151676e70a5,29,431960,RU,2024-08-11
8be748a1-f92a-4811-bfd4-c62dbf5643ed,30,294100,RU,2024-08-11
3d70b713-b920-4d54-b958-8b512030e0b9,31,233860,RU,2024-08-11
1241d326-38ab-4abd-b545-5c21cb3cd6e3,32,2016590,RU,2024-08-11
1d070a54-4856-46df-bd80-3c6c62ce07c5,33,41962,RU,2024-08-11
53e7f0c9-fe77-41d1-8769-d8ac9c182645,34,221100,RU,2024-08-11
efaaa90f-81a5-48cb-bce5-5e8a68d110c9,35,2778580,RU,2024-08-11
5c86f339-6dcf-45f5-95b7-8486dac80f66,36,1966720,RU,2024-08-11
7f2a796e-2933-41ee-9b7d-628b8abfb294,37,1332010,RU,2024-08-11
661cd73b-5d2c-4433-9001-fda8a0777b9b,38,1119730,RU,2024-08-11
a490b07c-a4e2-4b0b-b429-beeb6460a61a,39,582660,RU,2024-08-11
2022497b-6d04-45c9-ad89-07bdddd83f4e,40,761890,RU,2024-08-11
42fdffc7-199b-4484-b96c-555c4b1db29f,41,766570,RU,2024-08-11
f978160e-b0e5-46d9-ac46-8c0c12e36a7b,42,1144200,RU,2024-08-11
0072a037-6975-486b-a112-8878eaab8f3a,43,546560,RU,2024-08-11
222d9fd1-6732-4609-b758-79d39249f19b,44,4000,RU,2024-08-11
964fd5d4-ba01-4de5-a961-7e8ead0653c4,45,284160,RU,2024-08-11
fbeed639-3c29-4f6b-853d-5958335ea700,46,393380,RU,2024-08-11
e1aec5da-e1fc-4e74-8e3e-b92e579e9942,47,1158310,RU,2024-08-11
bf0f3334-1464-4d26-b584-6759c3b05a7c,48,494840,RU,2024-08-11
b0366fd9-304c-445b-9f19-082f84b75726,49,1326470,RU,2024-08-11
81f5888e-16f9-4ae0-ba0c-3505bd6c5bc9,50,2073850,RU,2024-08-11
9a5a2f77-4d45-4b53-913a-6f0d003a2de9,51,10464,RU,2024-08-11
21741957-5afd-43a6-a173-5aaf11008aae,52,2305840,RU,2024-08-11
83872c1b-a3a8-41b6-9450-29e6e7c9e9f5,53,250900,RU,2024-08-11
0a8aa268-d4e2-4e8c-ba6f-2ea1686e0c52,54,105600,RU,2024-08-11
469a4a9a-fa20-4d2a-a108-1c232c1017ca,55,2405,RU,2024-08-11
cb9480da-a865-4c01-9859-36977326aaea,56,2396240,RU,2024-08-11
1a7d6413-1c53-46c0-ac15-b1d6e65db653,57,648800,RU,2024-08-11
cc396702-2677-4e86-814c-f74638ebbe0c,58,1092790,RU,2024-08-11
a9f83ce6-b92c-4b32-8312-a9204785bc15,59,1203220,RU,2024-08-11
7bfb5f0e-06bd-479b-a5ae-ba83a9cc7fb4,60,36586,RU,2024-08-11
55ac77d8-7801-4025-bff5-bb4817f8afe8,61,892970,RU,2024-08-11
56202b72-75fb-4c05-b038-3909cf017621,62,268910,RU,2024-08-11
35c6e4b7-151f-43e0-ad24-c91542680396,63,1203620,RU,2024-08-11
f58291d9-6831-4f16-b24c-1401c0151888,64,1874880,RU,2024-08-11
50bcda3a-3399-4322-bb1c-b24ddd5d50cd,65,251570,RU,2024-08-11
ffc132ab-4601-4c71-ad2b-eabb1dd1f8ed,66,629520,RU,2024-08-11
67ea0e8b-9f86-498d-b497-144acc645fe7,67,389730,RU,2024-08-11
3db77360-822a-47a7-bf86-2ebafd48047d,68,2835570,RU,2024-08-11
4bd37162-41f4-4cf2-a1e8-90ef4ecd9654,69,1943950,RU,2024-08-11
af3ce9b8-b7bd-4d1d-bf36-1dc51ec199fa,70,228380,RU,2024-08-11
177ff2fa-79f4-459b-b1fa-ab50f17bdb9f,71,2406770,RU,2024-08-11
150deddb-2439-4653-a9da-e15466a2acb8,72,242760,RU,2024-08-11
0ead3050-09e1-4ede-a39f-82c0223ce7f7,73,1458140,RU,2024-08-11
f97a4abe-8ca5-45fd-bc70-e5f98ff63600,74,1623730,RU,2024-08-11
b4fec44f-eea6-44ae-8562-8e7e952e8cca,75,1681430,RU,2024-08-11
1ef9c113-7fae-42ed-b5c1-cd06a8670482,76,38036,RU,2024-08-11
da18cf43-e3bf-4c8e-a3e0-b4b966f18d17,77,597820,RU,2024-08-11
87cf0987-f79c-4c6e-a8cf-b83eaac3abea,78,427520,RU,2024-08-11
2bdc4040-89d9-4b2d-9427-3bdc858250bf,79,108600,RU,2024-08-11
89c3ff37-88f7-4411-89c5-5c5666b2b51c,80,475150,RU,2024-08-11
34ab0996-7c8e-4887-b365-1c6ec5bffd91,81,281990,RU,2024-08-11
ff6e90c0-cb0f-4fe6-bf84-09a0eb2d941c,82,1304930,RU,2024-08-11
84e59e48-813d-4985-9aa6-d791abf27a57,83,1097430,RU,2024-08-11
5f941fa9-bd3c-402b-84c0-715d93f671e5,84,322330,RU,2024-08-11
9624e304-2b91-42d4-b32d-3bd6d1bd58bd,85,34206,RU,2024-08-11
a28d9d11-0f01-437a-84ec-be0baab5f2f6,86,1601580,RU,2024-08-11
d494b6ee-93a1-421d-8f29-cd08024dc4b1,87,1549250,RU,2024-08-11
0b4e8e46-3707-49eb-bd5c-7bf11b820f49,88,1659040,RU,2024-08-11
4c39cfdd-4347-412c-b20d-23b1d05ce8e2,89,6306,RU,2024-08-11
903fc93d-3647-4988-bb5f-2e833fb322f0,90,803330,RU,2024-08-11
c1711b50-c8c3-43af-b5c4-e8cc05d2db5d,91,606280,RU,2024-08-11
dfe5b75e-315c-40d9-ac50-cb26784f47b8,92,784150,RU,2024-08-11
f706016b-4037-475b-af18-d77e877c1ca0,93,394360,RU,2024-08-11
ba8620a6-b54c-4afb-b933-724b5063eeeb,94,346110,RU,2024-08-11
84fb1d2b-9354-4fba-b415-c0a52b33b27c,95,1110910,RU,2024-08-11
651d97a1-ed34-44af-8166-ecb346ab0988,96,2526380,RU,2024-08-11
32c699b3-f813-4a08-94ee-661c872a0a4b,97,1604030,RU,2024-08-11
5fdf2333-c8af-4fb3-b7ac-cc15b80cdfa3,98,767560,RU,2024-08-11
69f329c7-aabe-4341-9248-428c9195c78f,99,1643310,RU,2024-08-11
71d416aa-543c-4e28-acb4-d599f2b75e33,100,1717250,RU,2024-08-11
c2c17841-763e-4652-8241-79062e12caef,1,730,SG,2024-08-11
2425a72e-e8e5-41f9-9c94-5a4f5fa90e4e,2,578080,SG,2024-08-11
52fd746b-cf54-473c-b3a5-a642c9f9c309,3,2074920,SG,2024-08-11
edd44499-38fc-4884-94ce-6d2e1aa71252,4,2358720,SG,2024-08-11
7108cbf4-4578-4b52-8d24-bf9c79bbd936,5,570,SG,2024-08-11
4cf78323-bef2-456f-b9fe-e35ab2f322b5,6,33369,SG,2024-08-11
886f61ef-a6f4-4b85-ba9a-3b73a5f98ede,7,238960,SG,2024-08-11
46e49b28-4105-4e5a-9250-3be0ad2966d4,8,2183900,SG,2024-08-11
5d8a0916-b0a0-4e9f-95cf-0b5385d6d272,9,1593500,SG,2024-08-11
26c25da2-6a3e-438f-a2cf-47e0846fb777,10,37311,SG,2024-08-11
5dc3fed0-8b4b-4c67-8eed-c90dae52f3b4,11,1245620,SG,2024-08-11
a8aadee7-e587-4951-9218-f7bfb8346a2d,12,2139460,SG,2024-08-11
402c07ca-8d52-463d-a585-748d26d01246,13,2344520,SG,2024-08-11
e7dc115f-6d9b-4fbc-8bfd-ee25a90da88d,14,230410,SG,2024-08-11
b0a7ac39-6b21-4519-8024-1584f0b2c851,15,397540,SG,2024-08-11
f0150d6e-4135-45d4-94c2-96e655d76810,16,2808930,SG,2024-08-11
58d5fd99-7cdb-4e95-a014-663725435660,17,39210,SG,2024-08-11
ca119b62-ebed-4157-b6b7-f43d243d75c4,18,32470,SG,2024-08-11
72369806-76a9-45b6-860a-a663475f1447,19,2778580,SG,2024-08-11
83b15d27-0efd-4ec4-bc7f-00d242567d6b,20,553850,SG,2024-08-11
a20a51b3-7cc9-4ce8-a505-bbddb65b8988,21,2338770,SG,2024-08-11
4ad12ff7-9ece-4d2d-b4ee-7e71740dbcd1,22,1476970,SG,2024-08-11
4d08205d-03f5-413b-8545-06bdf423f424,23,38150,SG,2024-08-11
fa00c387-2c84-4d68-995a-d3d8e308addb,24,2526380,SG,2024-08-11
c0b68bce-8865-4838-9827-10838e4e87a0,25,88801,SG,2024-08-11
e2382cf7-331e-4905-876c-eec48a9bce8d,26,1086940,SG,2024-08-11
d9753caa-3581-49f2-94e8-a95af334f874,27,1551360,SG,2024-08-11
b9eb438b-1fbe-4cd9-8598-3ee85a19519a,28,1085660,SG,2024-08-11
bb39e70e-f859-4c59-b2e8-87780b92b08d,29,22407,SG,2024-08-11
0ca35d03-f78d-45cc-bb5b-d646cb857519,30,1222670,SG,2024-08-11
79891176-cacb-4b26-aa15-cc5c0c44fdba,31,1237970,SG,2024-08-11
e40ca862-237f-4db6-9402-04aa3dd4f719,32,377160,SG,2024-08-11
edd06a31-e2eb-482e-ade2-4b7d0a6ae72b,33,2567870,SG,2024-08-11
8d47ac33-7702-4baa-927b-4a0e9e9ed3be,34,946050,SG,2024-08-11
ac72cd55-1191-403a-9195-f5f73d4ba4ed,35,3782,SG,2024-08-11
c2222f6e-7d93-47e8-b84d-ae719e735ad5,36,2142790,SG,2024-08-11
6bf06793-6048-471c-84ad-3f4e491d95d1,37,440,SG,2024-08-11
60d3544e-2782-4d3a-bbe2-f5457df03c1d,38,1203220,SG,2024-08-11
b09fb0c8-4644-44f8-a6cf-7df50f550425,39,814380,SG,2024-08-11
892ae670-0884-4d36-96c4-80e3107aabe8,40,1973710,SG,2024-08-11
761509a5-dd8d-4abb-ae78-cd227ba3d92e,41,381210,SG,2024-08-11
89db608e-7828-4d0e-bb0c-805cf91bcec7,42,306130,SG,2024-08-11
ccfa8b92-1596-4e4e-9e7b-14a5cb21cae1,43,413150,SG,2024-08-11
adb6f1f8-928e-4884-b47d-e90601d83ede,44,782330,SG,2024-08-11
ef9acade-092d-45ad-9627-1900dbcc5776,45,24029,SG,2024-08-11
017e45e1-dbca-415c-a384-e0fdc0f6bb92,46,2195250,SG,2024-08-11
7f83e845-39d4-47d5-89d2-c24323f8f001,47,2203480,SG,2024-08-11
230cae95-d395-4327-9e11-1d9b797348ca,48,271590,SG,2024-08-11
b116a466-437a-4b7d-b5d0-0b70abb91453,49,985810,SG,2024-08-11
b6fb37c1-1b22-4339-843b-c1746b641ee7,50,1172470,SG,2024-08-11
045bd360-d3d1-447e-8724-3624705566fe,51,18351,SG,2024-08-11
ad080552-2687-41e2-9046-3749f03e582c,52,2366980,SG,2024-08-11
d6e25a15-b6f4-4685-9f63-d2eca36ba21b,53,1286680,SG,2024-08-11
69311cd0-cd4c-43f0-a557-0276940ca05a,54,1144200,SG,2024-08-11
2b2be9d3-a945-4d26-8975-1ac363b1152b,55,223750,SG,2024-08-11
21e12b2d-4f78-496c-964a-a5b482c513b4,56,38285,SG,2024-08-11
b04a5f64-5ba4-45c5-9ca7-87beb980c299,57,1091500,SG,2024-08-11
37483fa4-493f-457f-a4b2-08ffb8f07f4e,58,2751000,SG,2024-08-11
5536b49d-f2c3-4ab1-82ec-9c253bdb6567,59,1449850,SG,2024-08-11
f8bb9460-443c-4deb-b0d1-54f67d691031,60,359550,SG,2024-08-11
8750bb99-f65c-4479-a686-2d6c05825b65,61,1597460,SG,2024-08-11
f02473ac-482f-4136-a129-a6907db537b7,62,2943690,SG,2024-08-11
8282bbea-dcf0-44ef-b0b8-99c90a87aa7c,63,39394,SG,2024-08-11
1396c1f3-150d-4e7a-af64-5437cab1e5c1,64,10991,SG,2024-08-11
14cbf809-6635-48c4-b8d9-5e0be1dae306,65,2669320,SG,2024-08-11
11157560-1f16-4d99-8894-a6c1f98a730b,66,15366,SG,2024-08-11
2964bfba-7ae3-476a-a665-f071c189097c,67,1985810,SG,2024-08-11
d21afa49-0211-41dd-8c3f-abef9621c270,68,1629520,SG,2024-08-11
9c8e07f7-208d-44e4-883c-f7d35faeddce,69,1672500,SG,2024-08-11
5eee4cbe-77a2-4740-b2d8-bad797a4b091,70,1671200,SG,2024-08-11
198164f8-b8f0-4a6f-bec8-c5ec42f3e1c7,71,30424,SG,2024-08-11
387d5e11-4e83-46ed-95e5-f55b1d224c04,72,2933620,SG,2024-08-11
3c3775bf-fca7-49cc-8c7f-d4c6e28e4c2b,73,489830,SG,2024-08-11
43151229-c632-4166-8a00-a1214999fab9,74,5141,SG,2024-08-11
ff3921f4-4724-4ea0-add1-d2abda758185,75,1174180,SG,2024-08-11
ed995ae6-8dde-426a-af54-7655a971affb,76,949230,SG,2024-08-11
b34b9e22-03ff-4556-8516-60ae7085f33d,77,2215430,SG,2024-08-11
912b7436-f128-46d7-bbfd-9e4fa0be458b,78,39932,SG,2024-08-11
6317db33-7051-401f-b27a-315639102d24,79,427410,SG,2024-08-11
86346656-53ed-4567-93f7-14e79299e9d4,80,1623730,SG,2024-08-11
4d3a00b9-7a57-490e-871f-c000b6fa912c,81,237310,SG,2024-08-11
b3f5aaec-1379-4e84-ac6f-4d202adea8ac,82,15435,SG,2024-08-11
a4316670-6fef-4d6b-9af0-7334caa676f1,83,35623,SG,2024-08-11
346e4925-cac2-405a-9937-1b48793bcf32,84,2396240,SG,2024-08-11
7e60a2a7-1521-4392-8c2a-5a01152c66ab,85,1659040,SG,2024-08-11
6a95fae6-59ac-4732-af8d-9388a10f0319,86,835570,SG,2024-08-11
96c1a20e-3ca1-44e9-a49b-1545d857f4f6,87,1774580,SG,2024-08-11
7bb0bce2-44b6-4ece-b8c5-69198aee9127,88,1097580,SG,2024-08-11
21891a9c-5fb8-4e96-b8fe-2f152dfeab4d,89,2000950,SG,2024-08-11
f927c1ed-2251-428d-9274-c0ef28d156ee,90,29490,SG,2024-08-11
1547039a-c76b-44cf-9f73-0de5a2c5ab99,91,2400510,SG,2024-08-11
8b8f51da-82d8-49a9-b1cc-98cb99ea486f,92,1145350,SG,2024-08-11
f01a8ba4-2f47-47db-be62-8fe6cd166c55,93,2138330,SG,2024-08-11
be0400cd-415f-496e-af05-365220c0748f,94,2662630,SG,2024-08-11
772d5c51-dd47-430d-b5be-c1fc09f331ea,95,36551,SG,2024-08-11
017908b1-913e-4fab-ba67-361d24d31c5d,96,2325290,SG,2024-08-11
498a9912-1050-4c35-bf4b-287b7f6829c4,97,1868140,SG,2024-08-11
3d12bdd5-3147-4f24-9c5e-26f1a6e7d403,98,1332010,SG,2024-08-11
1c05469e-1b0c-49f3-ad0d-20aa2e4d992e,99,960090,SG,2024-08-11
b4ea1da2-4c95-423b-ae0c-08c4e01b50a3,100,49520,SG,2024-08-11
6e07a223-a9da-41d0-bc74-a415539e7a18,1,578080,HK,2024-08-11
648bdb0a-0ecd-47fa-8da3-3011b1f26964,2,2358720,HK,2024-08-11
105288da-6ec7-41c2-aaab-1b373666465d,3,730,HK,2024-08-11
6c6890dd-c6ed-4f31-8e1d-7b50334cfc79,4,1203220,HK,2024-08-11
e53ea771-4dcd-4369-9e3f-2e5e4d105ea4,5,2074920,HK,2024-08-11
269604ae-de7c-4521-8cfa-f0fe0cbcbdcf,6,2897760,HK,2024-08-11
af8dcaeb-52ea-4f5c-b280-600a6f382010,7,1449850,HK,2024-08-11
df01f394-1a88-4ad5-a19b-82fa79f97a04,8,2183900,HK,2024-08-11
a4f8183b-7389-4940-915a-3d294e068137,9,2877160,HK,2024-08-11
ac0b39af-a77a-44cd-a23b-d84b6657eeb5,10,2344520,HK,2024-08-11
f4100d3c-8b4c-4e75-8c22-7102bdb1d35e,11,2139460,HK,2024-08-11
1932767a-0837-4464-8fa0-670319c297d2,12,1593500,HK,2024-08-11
aad38263-df39-416d-a133-59fbb157912c,13,2458860,HK,2024-08-11
c39d6293-9c5b-42c4-8353-c25cffd79425,14,992300,HK,2024-08-11
bfba45ff-e8b2-4466-97e6-1984ec30ae34,15,1172470,HK,2024-08-11
89ea9918-6bc4-4f8c-8b66-4e34dde6d870,16,230410,HK,2024-08-11
3c581459-1ec5-4918-93bd-fc28626d9223,17,3067200,HK,2024-08-11
8f3a6859-1f35-4917-809b-fdcd96dd3c43,18,949230,HK,2024-08-11
021c833f-b753-49a1-aa87-5b478b9b94b3,19,552990,HK,2024-08-11
20aa36cd-500b-4ba3-9483-a2ac1f5b67e2,20,1237970,HK,2024-08-11
15657b4d-6009-4dbe-b335-9f37a31a3816,21,5700,HK,2024-08-11
3b76af77-b210-469e-9d9c-bba162a2387e,22,271590,HK,2024-08-11
408e93d2-e2e5-41f4-9b22-f0aeb69bc65d,23,13560,HK,2024-08-11
33cabaa4-c686-4f07-8bc6-6f2456709bee,24,2739590,HK,2024-08-11
7cb6c4ea-89e2-48c2-bb16-5051f195e706,25,397540,HK,2024-08-11
19770a63-bef0-4f9c-a6b9-e71ae956a806,26,2808930,HK,2024-08-11
edab89ae-f59d-41b6-82e8-b9b8d4165793,27,44014,HK,2024-08-11
62dd955a-f8c7-4b46-9048-11fcef25eab7,28,1222670,HK,2024-08-11
b9305184-1fed-4f45-b1b3-abb3a71529bd,29,236390,HK,2024-08-11
1d9e9ef3-6811-4cd9-9761-1e02f6a19da5,30,431960,HK,2024-08-11
3cb09d92-36d6-4be4-ba18-0009ffec602d,31,570,HK,2024-08-11
ef658918-26c5-4877-a234-8840fcef06bd,32,413150,HK,2024-08-11
ae36017f-d5fd-4dbd-803c-a9e331842d29,33,553850,HK,2024-08-11
47581566-63f5-4020-85aa-67fa5d7c6bc2,34,2668080,HK,2024-08-11
84a3c200-81e3-496e-a6e2-70cce76e32b6,35,814380,HK,2024-08-11
e2677335-3a91-4398-81d1-25394a35938e,36,359550,HK,2024-08-11
a58acdbb-6cfb-4e4f-8a05-2c11f9526b4d,37,33369,HK,2024-08-11
084709aa-f66a-4bb9-a4b1-ad6cd1c1085d,38,550470,HK,2024-08-11
3df9649a-7b9c-4cb5-9412-a6c41eb130b4,39,1245620,HK,2024-08-11
8eff58f7-9d85-448e-92a2-de512028cad5,40,2933620,HK,2024-08-11
980aa84e-6d56-42ca-b1e0-326f180ac71d,41,1477070,HK,2024-08-11
9d59bbbf-5085-4556-bb3a-48834d25437c,42,1909840,HK,2024-08-11
95fa61f4-abfd-4059-bd71-aaec25026153,43,835570,HK,2024-08-11
7f914645-fad0-4987-bdda-671f6dcae400,44,30424,HK,2024-08-11
85909c3c-7c0f-4b1c-9617-b37a6bde9d6a,45,1973710,HK,2024-08-11
e5256c1a-42a7-4fc5-9f6e-1f15daa7f9b6,46,1333350,HK,2024-08-11
b5e19c9a-aecb-4ee8-81e8-7a7e58120bf5,47,1238810,HK,2024-08-11
ca735198-69a0-4388-8c46-9e40ed9ede79,48,3011560,HK,2024-08-11
aaa06246-c514-4055-b478-4eb4bf4fc501,49,2109460,HK,2024-08-11
9ece4157-80cf-4cd1-bdf9-2f5281888843,50,1549250,HK,2024-08-11
b5101577-259f-4575-8c39-a028aafa2b69,51,2854170,HK,2024-08-11
4b52b22b-e7ed-4b1f-841a-585d33f7da20,52,1336980,HK,2024-08-11
67c7bd75-83df-4263-b8fd-6c90cf3d7fe8,53,1623730,HK,2024-08-11
6a1b0a11-acc9-4406-9764-ac1a0b424a7c,54,1180320,HK,2024-08-11
5735b910-e916-4b47-828c-07adb66c2d80,55,306130,HK,2024-08-11
888664f3-9576-42b9-b8e1-6a1166b8999f,56,33608,HK,2024-08-11
3775c7a1-3102-476b-8f28-8c6f1ba758b3,57,1672500,HK,2024-08-11
fbab57c3-c20e-4965-836b-cad261ccd19d,58,35839,HK,2024-08-11
dde80cb7-6c04-48c2-b096-0c67653c7d55,59,394360,HK,2024-08-11
afae8c7f-82cf-41f5-a2b6-07515bf515ae,60,21432,HK,2024-08-11
605c429b-85e1-4d1b-bcc2-b5f97f8223cf,61,2567870,HK,2024-08-11
d7a6d43f-fed6-45cc-a9b5-007fea1622ca,62,3064420,HK,2024-08-11
bb23e668-e9a3-4fee-b692-e081e323db09,63,199943,HK,2024-08-11
6f9ddc3b-0d3d-4dda-a3d0-f3adcfb48745,64,377160,HK,2024-08-11
4c5b38c4-92e2-4583-9adf-76ff014fc6b9,65,1329410,HK,2024-08-11
15150c62-16e3-43aa-9ee1-6c92c122ed11,66,2602770,HK,2024-08-11
ae47337f-a0b4-409d-bec5-3b6fa4ab37bc,67,2338770,HK,2024-08-11
6cf1e715-7cc7-4852-955f-51f0691a4a9c,68,2346550,HK,2024-08-11
bfe62c2e-126f-4d7a-b206-14bb58ead341,69,227300,HK,2024-08-11
bfe91161-6f74-4363-aabd-955c9a49fe46,70,2396980,HK,2024-08-11
6ed2eee8-5cc1-49d7-b9c1-61631698048f,71,13181,HK,2024-08-11
9722be95-8cf0-4334-b61a-7c8e1b2c6766,72,1086940,HK,2024-08-11
03af43b6-93f5-4c3e-b594-d57ff1e7f16b,73,1665460,HK,2024-08-11
74486506-bc0e-4997-a1bf-e6a6bae5979f,74,37311,HK,2024-08-11
a3b6609f-9514-4258-a5d4-93b2177cec65,75,2855560,HK,2024-08-11
91e9bb52-8870-48cb-a330-f9e32bcbc575,76,2195250,HK,2024-08-11
a2375dc0-de11-4d71-a726-e5716322a4b9,77,2751000,HK,2024-08-11
01ee8966-bd08-4b22-bec7-e7f82e4965f7,78,1973530,HK,2024-08-11
2a5063e0-ddb9-4f2a-a3b8-9404c11ff0b1,79,381210,HK,2024-08-11
56890e3f-bbc2-4588-bb16-ad61f37da060,80,2778580,HK,2024-08-11
d1b274c8-cbcb-4fa5-aeae-cf5489510667,81,1517290,HK,2024-08-11
38f414eb-9307-4d5f-bd1d-cd5c5ca3fd3b,82,2875140,HK,2024-08-11
d3d7e003-9e45-4f18-82c9-8213e6ba1004,83,1085660,HK,2024-08-11
30ed90e9-2fb9-4fff-a22e-0c0b08879ec1,84,2291680,HK,2024-08-11
96d2532c-f9fa-4a45-bcea-088a36b7bac7,85,40956,HK,2024-08-11
b95ced18-190f-46a8-9319-528898c79c7e,86,2273420,HK,2024-08-11
2688021a-c819-4ec3-b184-e348b6e6a098,87,1631080,HK,2024-08-11
ea9b56b9-62d6-4669-9a89-f980b19caf40,88,1938090,HK,2024-08-11
2477c0d1-8ece-4b5c-825d-8fa2409abab8,89,898750,HK,2024-08-11
f31c3d22-8b50-42c9-b52d-c68722ec5f73,90,1144200,HK,2024-08-11
45f965b6-8a3c-41bb-82be-6a0a07909c0c,91,23487,HK,2024-08-11
717e5e1f-6716-4e02-b4d8-d4c4edbd977c,92,1585570,HK,2024-08-11
f7e71f3d-83cd-46c8-92ee-c681073c98cb,93,2396910,HK,2024-08-11
a6c294c0-cf3f-4450-8c89-287921d18d1c,94,2448970,HK,2024-08-11
5a64e428-cd3d-470c-a37a-18a6a0da04f2,95,2053940,HK,2024-08-11
01c2bd1a-6a30-4693-911f-925bce135874,96,782330,HK,2024-08-11
1cdce7f6-9a2d-455f-af4a-009912c44624,97,1859910,HK,2024-08-11
d697d037-c4bc-4091-b1b4-c42e4ab962e3,98,15366,HK,2024-08-11
3aadccf0-31a4-453d-a6fd-3cf5ff710a7c,99,2445690,HK,2024-08-11
31b3d26e-68a2-406a-a5b6-b232db5e785a,100,1151340,HK,2024-08-11
1de72699-d3f9-404b-a1ff-44a6568b7fb4,1,2933620,BE,2024-08-11
5d4e795b-2f6f-416f-a913-3e270c752d17,2,2074920,BE,2024-08-11
b1c41721-9739-46f2-ae07-b609d9feab30,3,1675200,BE,2024-08-11
1c60306c-9b38-4c69-a371-d762b9522576,4,33369,BE,2024-08-11
52edb342-9646-4585-99c6-1c25eb1f19b2,5,2183900,BE,2024-08-11
7747a78e-0eac-4337-93eb-ad0d6d6d799c,6,1593500,BE,2024-08-11
087f6ed5-80f2-438e-84d0-cf8e146acc93,7,311210,BE,2024-08-11
e9c3d65c-8946-4e27-9c9c-2eed1873201f,8,397540,BE,2024-08-11
26319778-ec1c-4aec-8ab2-93feec7825b6,9,238960,BE,2024-08-11
dc133499-58b3-44ae-b412-17ee15042d1a,10,1086940,BE,2024-08-11
80f995ef-fde6-429f-82ff-e86abfb79866,11,15435,BE,2024-08-11
0ba4333d-c7e2-4dd4-90b9-e198c42c0b86,12,2139460,BE,2024-08-11
e3a332a4-2c7a-4d1e-ba6a-b1749a7447e3,13,2426960,BE,2024-08-11
befb78f8-f2e0-47c3-953b-3e30c4196cff,14,306130,BE,2024-08-11
ef2e0d65-ab96-4b57-bffc-4eb7e1b30645,15,236390,BE,2024-08-11
9344a9a8-5482-4443-92ec-409010dd8902,16,1222670,BE,2024-08-11
ec4bf14a-67a1-4504-8f72-a50a04b3a29d,17,1245620,BE,2024-08-11
07016154-56af-4554-a316-acc6f2c9651d,18,3782,BE,2024-08-11
8271cc58-0abe-4d74-8319-f45b203b83b7,19,381210,BE,2024-08-11
8ab0ca97-5321-41a2-a26b-16ed428d3101,20,271590,BE,2024-08-11
1633ce1f-ff10-41cd-a175-b7709ee6415a,21,227300,BE,2024-08-11
2cbd684b-6a83-4a08-8396-7a9ddc50b901,22,230410,BE,2024-08-11
46d23456-3926-4b81-b930-9fc27bfeb136,23,1203220,BE,2024-08-11
9808a7da-5dc2-4593-b6ad-759c967e5721,24,553850,BE,2024-08-11
cb7b0467-6b92-4b90-a250-8b1d5292bfd3,25,489830,BE,2024-08-11
67c38c9d-2d22-410c-988f-ed2d4b78be0d,26,1476970,BE,2024-08-11
99a01138-84b4-4927-864a-0e1a38e28f54,27,1085660,BE,2024-08-11
7af91b62-72d0-4c7d-8deb-f6cfca4bbb10,28,6115,BE,2024-08-11
c5645b86-990b-4850-ae8e-a78d3ca96190,29,2358720,BE,2024-08-11
207eac61-80a4-4292-aa3f-840a43938441,30,2567870,BE,2024-08-11
c1a83f28-6994-494c-87c2-c0b0135301b1,31,359550,BE,2024-08-11
9cd7f125-dc76-47f3-968f-c47cfdea15e4,32,252490,BE,2024-08-11
959420c0-abac-4e4c-a539-b1a06f6f4a07,33,23266,BE,2024-08-11
f019267b-3fac-454e-89f7-4ed7dfe22b08,34,1172470,BE,2024-08-11
b7db047f-43a7-4cbd-bd13-ab85582d2f4c,35,39210,BE,2024-08-11
7119f4e5-023d-4aa8-9b9a-6eab0b614f0d,36,377160,BE,2024-08-11
43308636-9110-432a-aa8a-daf4f94f4b64,37,10293,BE,2024-08-11
501ca3f3-1fdf-47b4-937c-65258be2b2f1,38,2808930,BE,2024-08-11
e282b7cf-4b9d-44de-91c4-0dacf72a1499,39,49520,BE,2024-08-11
7f54dc04-21de-453e-835e-1d3db016678d,40,38309,BE,2024-08-11
d110059b-0108-4717-9d16-aa5017ca7779,41,33857,BE,2024-08-11
fcb5d72f-bf4c-42e5-b8c5-008b274ba642,42,1286680,BE,2024-08-11
b598acb4-39d7-4ca5-bb88-30fa4157cb8a,43,5700,BE,2024-08-11
a1963026-2ba3-41ff-a3e6-7b7227bf2000,44,1237970,BE,2024-08-11
9773bfa8-8ada-43f6-a6c5-bc7881b436ad,45,29290,BE,2024-08-11
ddd07bb7-3d05-4819-96ff-fd7031426078,46,2638370,BE,2024-08-11
f5d429c6-4426-4db5-933d-64fcd0fb5f8e,47,38150,BE,2024-08-11
4d4586c8-2088-4988-b059-d412ddc37bd9,48,1151340,BE,2024-08-11
4995f4e4-47c3-4c68-83cb-f564fba4c227,49,202970,BE,2024-08-11
8e694731-431d-4503-a37a-236f6a5d851b,50,2344520,BE,2024-08-11
7d129a93-42d7-44e2-bb5a-c667021f66f1,51,782330,BE,2024-08-11
5005ac34-24ac-4893-abd0-74a859df0037,52,2778580,BE,2024-08-11
dcaca65d-aea2-48c6-bbdc-98a6dcedfff7,53,22943,BE,2024-08-11
392b787c-fbdd-4221-a703-c1d154634a29,54,1144200,BE,2024-08-11
9642f7a7-bdf8-4021-88a8-21e8d8504e69,55,578080,BE,2024-08-11
4c910a60-c71e-4b67-ab31-7eeb8b0a0aa3,56,2142790,BE,2024-08-11
e9a9d1e1-2d10-4e27-a652-aa7e8a1c4861,57,393080,BE,2024-08-11
7ecaa679-a88a-4003-8e95-3c388185c544,58,1985810,BE,2024-08-11
420826f2-8365-421b-acba-a60618e3344e,59,1938090,BE,2024-08-11
f56e143a-99d8-47bb-a942-3bfc98b2b294,60,1962663,BE,2024-08-11
e649e23f-de20-4e69-a2f2-7a4294a0ef50,61,2215430,BE,2024-08-11
215dd871-a7f9-4076-b450-beb47453f6bf,62,380600,BE,2024-08-11
35e38875-3f30-40b1-a9a8-d80e1335d9d6,63,575,BE,2024-08-11
4735bfa9-ef31-4919-886c-2a092c3d90da,64,1172620,BE,2024-08-11
bc7381fd-711a-4212-b71a-6c44068c05e4,65,1343400,BE,2024-08-11
f372bf81-dd35-4660-8a74-5bded1d5cc3f,66,1250410,BE,2024-08-11
ad04c589-62f0-480d-a6a4-d5f2f4893b2f,67,2488620,BE,2024-08-11
e914ccff-66ee-475a-abb2-ca8e5dab4cf4,68,2406770,BE,2024-08-11
83298c55-0877-4ff1-a715-e0f0d354dcfc,69,1623730,BE,2024-08-11
6c5364fd-42dc-414b-a16e-d910ff375004,70,1332010,BE,2024-08-11
8296a417-9c27-4130-b038-870e4981f93a,71,35071,BE,2024-08-11
02aace44-d7ef-4203-9811-fe664a5e3ca2,72,251570,BE,2024-08-11
34bb7938-973c-4924-8940-6aac4704bb96,73,1091500,BE,2024-08-11
e477f334-e378-4fcd-adc2-59d1ba16e565,74,261640,BE,2024-08-11
142d588e-02e3-4397-9757-9da61c1702fd,75,2669320,BE,2024-08-11
589a7daf-5a43-4662-8cf4-fe4cde1f6e5d,76,546560,BE,2024-08-11
b18f3b23-ea2b-4959-9a21-b87fba0c237c,77,1142710,BE,2024-08-11
76886492-8e47-4b05-8928-00925f6d711b,78,27500,BE,2024-08-11
5a70b855-acb4-4f5f-b28d-48c10e1233a2,79,43092,BE,2024-08-11
e6d6f9b2-408f-4fac-92a6-051f46fcca2c,80,2519060,BE,2024-08-11
71939e82-10b9-41df-9972-2cee4df9e4db,81,739630,BE,2024-08-11
ae423a51-acf8-4123-b778-259dcbd23ae9,82,2751000,BE,2024-08-11
2b4e92d3-48ca-4b79-b625-49a4fd2709df,83,730,BE,2024-08-11
46cd5b65-6f2b-45b5-9c09-b8fdbcca62c0,84,413150,BE,2024-08-11
f0f62a71-b3fd-4681-9fe4-757adfd23647,85,570,BE,2024-08-11
51237f41-071b-41e8-9fe5-b7100ee4dfed,86,2300320,BE,2024-08-11
7d41aadd-54cc-4677-9f7e-42444fa51a52,87,1203620,BE,2024-08-11
ad43dce0-4c6f-4659-abd6-8f36092c5bf6,88,38048,BE,2024-08-11
34c5dc00-ec42-4f4e-9feb-d2723686b702,89,2338770,BE,2024-08-11
c397f4cd-5701-4892-880b-253da96d74ba,90,284160,BE,2024-08-11
87137889-1996-4c72-90ae-8cb6b92bffdb,91,2362300,BE,2024-08-11
025104f4-453b-4aca-b703-5afe4d276a60,92,1934680,BE,2024-08-11
563fb4fd-648a-42bd-acab-6da3c9ed60ad,93,281990,BE,2024-08-11
4de39806-b3c3-4061-abd2-7cabdbb03abc,94,1517290,BE,2024-08-11
ecc4f4c7-88db-43b0-9085-acdb28a0133b,95,1248130,BE,2024-08-11
050a005c-50b1-4826-8ae6-2d5d5738f9e2,96,1046264,BE,2024-08-11
e055ebd6-2aa3-40bf-a3c7-f9b8075214c1,97,594570,BE,2024-08-11
817ebc2a-871f-478b-8770-6c01908bf393,98,2878600,BE,2024-08-11
0adf09d8-e5ba-45ee-820f-222174d1f4e1,99,1669000,BE,2024-08-11
0f9ab3af-dcb9-41b6-b2ba-532bd03526fd,100,27954,BE,2024-08-11
34a23021-dbd5-47f3-b9bf-a85f02e2cf86,1,578080,TW,2024-08-11
1e1fd072-3b8a-4c11-b99d-f5494bb14148,2,2139460,TW,2024-08-11
a2d760ce-033d-4903-8688-1c819620b366,3,2855560,TW,2024-08-11
462cd852-a1fb-4454-9594-f8ff8b7cd076,4,2358720,TW,2024-08-11
b5a0d8d1-f64b-404c-a2c0-b914b5d05b9e,5,2074920,TW,2024-08-11
0d87617f-f83f-44ff-bea3-f6a363101cc9,6,1203220,TW,2024-08-11
9d328725-9a2b-46d0-81e2-9a74b59c12a1,7,730,TW,2024-08-11
332e0abd-60d9-44e5-982e-c56fd52a0789,8,33369,TW,2024-08-11
3eff8c8b-6bff-48ff-b84e-8a4e25c7b2f5,9,1593500,TW,2024-08-11
23b01a03-e80a-4ceb-b66f-38c144ae849c,10,13560,TW,2024-08-11
6bcbc45e-6315-473c-9375-9e7591a14fdf,11,2344520,TW,2024-08-11
77efeb1a-853e-4496-8769-2bb073e352d4,12,1172470,TW,2024-08-11
e11562c7-f284-4516-bc2d-d4cffc18b6e9,13,1449850,TW,2024-08-11
088a864d-0a32-4098-8f4b-b809e9edf86a,14,1245620,TW,2024-08-11
41eaa58d-cd3f-4aea-a7a8-de72768e2977,15,1859910,TW,2024-08-11
c4108a56-db92-44ea-ba69-a73e61c59303,16,992300,TW,2024-08-11
11cfc14d-cdc7-4297-a75b-f2bcccc1ce3a,17,2668080,TW,2024-08-11
eec4a8ce-8c8d-4805-9529-9bf29025b96d,18,230410,TW,2024-08-11
51e90efc-c190-4f09-87b7-019f87b71ad2,19,2183900,TW,2024-08-11
2910aaf0-5623-4865-8415-d9df282005d6,20,1089090,TW,2024-08-11
fbd5c848-f281-4849-8f88-376b9680596a,21,1336980,TW,2024-08-11
c2ffd1e2-d0b5-4f4c-9eb8-ef4e8ed4decb,22,1237970,TW,2024-08-11
12e25602-0172-4d65-9611-71732b2f5578,23,271590,TW,2024-08-11
fd7f0012-fb20-438f-bc25-add4507a3703,24,1909840,TW,2024-08-11
60b81b9d-4000-4fc0-82d7-c503b1b2c7a9,25,814380,TW,2024-08-11
a7b8a3ad-cc77-4cde-a040-76a2cd952750,26,397540,TW,2024-08-11
fe8aec9e-90ac-41a0-8e1f-eb08a2f8e57c,27,1973710,TW,2024-08-11
6be0f79b-55fd-4a7d-a342-7e135f0b8b7d,28,835570,TW,2024-08-11
e4785b03-4bb0-4f1e-9d0f-41507dd00c87,29,553850,TW,2024-08-11
6d76ba80-f013-4539-9497-f97a695025e7,30,3067200,TW,2024-08-11
4b83fbdd-c26d-4479-bac6-c420629adad3,31,227300,TW,2024-08-11
3f884d08-f820-438f-bad7-59b2da583ec2,32,251570,TW,2024-08-11
9f47d3c9-155b-474a-ae92-b5b80be4f0fa,33,5700,TW,2024-08-11
74e6cd36-ee97-4e91-a7d6-3403dc1ae2ee,34,2972990,TW,2024-08-11
c32b0b05-dea5-4c0e-bbc7-2cf5b37870eb,35,2445690,TW,2024-08-11
bd458e80-c2ce-49cc-8c13-1cd180715875,36,1222670,TW,2024-08-11
1fca5501-6557-4374-a4f9-3e638ccb9f7c,37,2778580,TW,2024-08-11
94d5ceee-d00d-49ee-af79-8adbd526e673,38,44014,TW,2024-08-11
f2eb49d9-3e43-4609-a6bf-c94c90ac0068,39,2338770,TW,2024-08-11
6c1679da-eed3-44d0-96ca-d606b48e0dd1,40,985810,TW,2024-08-11
172e9e09-1d0a-450d-8abd-994f47f13a90,41,744900,TW,2024-08-11
effbbd47-2125-40eb-98eb-178c313ead8b,42,1085660,TW,2024-08-11
985dfb29-b492-4914-aa69-60e6aa3cdf6f,43,1610440,TW,2024-08-11
35640afd-d80f-40e4-a8b0-d65ce59a4d71,44,236390,TW,2024-08-11
71dcd075-69d5-47dc-9808-aab58dc5a6ed,45,1551360,TW,2024-08-11
33081f70-e7f7-4fd3-9902-8a2485543514,46,1086940,TW,2024-08-11
6916eb2c-5ee4-4be4-8973-1cf4dbf8ee99,47,36564,TW,2024-08-11
6cdcf52f-68eb-4237-ae42-2785a49c16c9,48,582660,TW,2024-08-11
a7ed41b8-8b5a-428c-999c-9039cf27f8ad,49,1477070,TW,2024-08-11
c5caa6e2-caa1-4df9-94c0-b10d9ceb6af2,50,2458860,TW,2024-08-11
3105a8c8-00a3-4505-9d44-2b3cfc39945a,51,39394,TW,2024-08-11
45f7341b-fe0b-49a1-8021-15ad809700ea,52,413150,TW,2024-08-11
e282b269-6c75-40c4-8eea-a60b57900b32,53,1364780,TW,2024-08-11
bca9be08-7cf5-4c91-aad9-70fbdd5b4460,54,199943,TW,2024-08-11
b339df51-4a3c-4233-8911-3791031a2bc9,55,2897760,TW,2024-08-11
ba307738-2d16-4f49-ab6b-d6179b113a82,56,1282100,TW,2024-08-11
11a153ff-2972-49fc-b0bc-20aef27049ad,57,381210,TW,2024-08-11
9c4ee4c4-f20a-47d0-9e7f-d3e014927f6c,58,958260,TW,2024-08-11
79191317-6740-48b4-9c49-a5ba663b9e45,59,1954420,TW,2024-08-11
f174c6ec-9fcd-414d-86bf-ed03fd9e9415,60,1809540,TW,2024-08-11
92c63e95-d480-48fb-8e4a-f4f018f91b4f,61,306130,TW,2024-08-11
0afa2baa-bebf-4037-be3a-d7b216a84eae,62,377160,TW,2024-08-11
b22a4788-8859-44d0-9b97-3f3ae7b8adeb,63,489830,TW,2024-08-11
9ca81c27-d282-492b-900b-d186de0a220d,64,2878980,TW,2024-08-11
0bc7b341-e3da-4615-a581-ae861b487fd4,65,663090,TW,2024-08-11
6e18c518-74e2-40a3-9e50-dec801951f78,66,1623730,TW,2024-08-11
6cbd7e00-6261-4bd7-9bbe-646aa2bd64b9,67,813780,TW,2024-08-11
9a1144a3-8ef1-4e10-96fe-c7f696e8be44,68,949230,TW,2024-08-11
41a9607b-82a1-4dd9-88fd-82d698e5f6cd,69,898750,TW,2024-08-11
fc729cde-65a2-4d71-bf8a-de10556ca2a2,70,1260320,TW,2024-08-11
c04e8f2f-a63b-4a52-9444-c9bc0d886ffb,71,1416920,TW,2024-08-11
45e68eb5-07b7-4f96-bd0a-98e05e63cd75,72,35840,TW,2024-08-11
a2e677b5-6682-4269-80a1-732b5363e0b8,73,1329410,TW,2024-08-11
73ec6c1a-a8d7-48dd-8b59-92a505e829a2,74,552990,TW,2024-08-11
953416ca-bb21-4c27-8764-68b1b894e515,75,2197680,TW,2024-08-11
a4adc1ca-b22f-4310-845a-90fa04a000de,76,648800,TW,2024-08-11
5f3c1901-693e-4298-a6a7-d930dadcfe16,77,2602770,TW,2024-08-11
21a809dd-2adc-4e4c-bcaf-4b590ffb8ab6,78,2000950,TW,2024-08-11
752532e4-1266-40fc-bad3-fae62a9ccc70,79,2567870,TW,2024-08-11
634c866f-f390-44c7-9835-276c3d8695cf,80,2215430,TW,2024-08-11
b5daa8ec-34d2-4dba-96cc-509218e6bd39,81,2305840,TW,2024-08-11
add57ec5-dab1-4cfc-8ae5-1a6726ec3a1b,82,359550,TW,2024-08-11
85f226ce-a3d6-499a-a33d-9c9fb22e39ef,83,2016590,TW,2024-08-11
3e5d1bac-d24a-4fca-a962-09afe3856d1b,84,1934680,TW,2024-08-11
9803f92c-bb3e-4dec-b6c9-6ed84b288760,85,30424,TW,2024-08-11
a3753c23-0a5a-44a4-bd52-fca7e9985c18,86,1672500,TW,2024-08-11
0839a76a-8789-468a-968a-1ee8de481d46,87,2346550,TW,2024-08-11
4e6fe830-04de-4508-871c-3071cd5796f9,88,1049590,TW,2024-08-11
c6b65e64-95d1-41bf-9809-135df5af5c8f,89,1332010,TW,2024-08-11
8ceafbd3-a178-4e5e-bee1-7bd1591ab935,90,1091500,TW,2024-08-11
53288586-114c-495e-b609-c6c49c4f7f75,91,1517290,TW,2024-08-11
22a21289-89db-44db-a851-9a28457e2e9c,92,1151340,TW,2024-08-11
fb885417-9958-4353-a633-123b5c5e8685,93,2190290,TW,2024-08-11
de8bcd61-49d5-468c-8b38-2f05d9611596,94,292990,TW,2024-08-11
75fb0371-7af4-4aee-a99c-e662dfad7303,95,1238810,TW,2024-08-11
f3c42b57-3309-4b9c-a9b0-8f0009b00836,96,291550,TW,2024-08-11
d6bbacbf-540e-40c3-ae9f-c6a3e727d828,97,2808930,TW,2024-08-11
11f35b68-bf04-4418-a306-fdda17709f75,98,2349820,TW,2024-08-11
6f5d05ac-2570-4c35-8cf3-70f29a3ab365,99,1659040,TW,2024-08-11
284ba656-cdcd-4c32-93f6-5780804ccbb2,100,2751000,TW,2024-08-11
1ad2ce94-bf5c-48ad-bce8-274ef26a2b7f,1,730,TR,2024-08-11
2c7eb982-cb81-449f-8765-dab016e612a8,2,578080,TR,2024-08-11
43df8a98-f4ed-4f0e-872b-deec178b36c1,3,570,TR,2024-08-11
c4875f48-4372-4023-8bbb-a809835fd0d2,4,306130,TR,2024-08-11
1ec8d8ad-cc90-46d7-9f3e-ae88250e574a,5,2669320,TR,2024-08-11
2a276763-937c-4b4a-959b-946d9fe0541b,6,1593500,TR,2024-08-11
b004d307-c98d-46e9-9460-5fe0b1716045,7,413150,TR,2024-08-11
558308c7-db0f-4ea8-bfa9-9a4256652245,8,1245620,TR,2024-08-11
82c70d97-5313-459f-917b-d8ced7e41fd3,9,271590,TR,2024-08-11
ccd29691-e7fc-4fb3-aba3-44e3525333d2,10,2567870,TR,2024-08-11
af80ab3f-7a7e-4c6d-8142-8d43eae11f70,11,2074920,TR,2024-08-11
77d86f5a-75d6-407e-80c9-0d63a7d96e03,12,5700,TR,2024-08-11
b6031646-c8e1-4211-ad3e-ec6f86dba6fe,13,236390,TR,2024-08-11
6d3919b2-1bcd-4f86-b04c-170ee3de2111,14,582660,TR,2024-08-11
4a23e0fd-6375-4ad2-844a-0eca3e25ebfc,15,227300,TR,2024-08-11
3f82fda0-b79c-4f21-a4b0-7344dbcc1999,16,252490,TR,2024-08-11
92bfedaf-4608-4e50-8998-3e5c82d4474d,17,41922,TR,2024-08-11
62256da5-2b64-4a14-a79f-7aa7342c0dfa,18,1238840,TR,2024-08-11
dfd1dd8e-307f-4e1f-ab59-b9d812846de5,19,1665460,TR,2024-08-11
ff9dd064-23ad-455e-8f5f-3cd20890d7de,20,33369,TR,2024-08-11
8b0386b6-8338-4910-8623-07352eaf3876,21,2322010,TR,2024-08-11
1b1fd3d9-4376-475c-bfea-e6897865390a,22,2933620,TR,2024-08-11
1eeea8d9-1642-49a9-bb89-8095761c0ad9,23,782330,TR,2024-08-11
c003bcbc-0ae9-4e46-8d81-a03eb2388556,24,2344520,TR,2024-08-11
6696875e-4fff-4f40-82e3-409329d9840c,25,489830,TR,2024-08-11
2c48f34d-2362-4788-8229-362559e46474,26,381210,TR,2024-08-11
53e219ec-c597-494e-b69f-c8ef92037a9b,27,15435,TR,2024-08-11
19d60b47-7779-4fea-b240-c43786d092d0,28,1551360,TR,2024-08-11
efa6865d-e4bb-4b8f-a342-4391c10b1b49,29,2183900,TR,2024-08-11
ea337dd5-d97d-48cf-b2a9-61eeb768db21,30,1172470,TR,2024-08-11
ded114bb-1ccf-40e3-93b1-d6c3008f48cf,31,1237970,TR,2024-08-11
3880b1bb-d4c4-4228-92dc-dc6ba7db5fc4,32,2778580,TR,2024-08-11
826ef8f5-c63e-4591-83af-fe50479942c4,33,389430,TR,2024-08-11
eee160b8-4d42-4633-a898-ecf063db6b27,34,2358720,TR,2024-08-11
31a951a2-f2a0-41d4-931b-583787a9c755,35,2000950,TR,2024-08-11
bcb62ecd-4795-4706-abe6-a7baac28a6f7,36,230410,TR,2024-08-11
d5eb4a75-bee4-465d-bae4-e89e50ce8f7f,37,1222670,TR,2024-08-11
cba16411-995b-49e9-8014-4ba326aef2bb,38,359550,TR,2024-08-11
78046fa1-d555-483d-b37a-c4f0b381c0f4,39,238960,TR,2024-08-11
4cf403b7-d36b-4641-8865-e320c4a2f900,40,377160,TR,2024-08-11
61b5a4c2-f99a-49c5-8d05-020a96f913c3,41,1086940,TR,2024-08-11
bff4ea3c-0935-4704-ad7e-f3b1761b0aca,42,553850,TR,2024-08-11
89eff23e-15bb-4a20-888b-7653ae2bb3b7,43,2638370,TR,2024-08-11
905ab135-8724-47f1-b52b-60e7b17209c9,44,1119730,TR,2024-08-11
19261cd7-f5e3-4cba-8792-b382a9dc2902,45,2751000,TR,2024-08-11
b63fcfa5-4d48-4690-b6ea-a7eb1bdbd0a6,46,739630,TR,2024-08-11
5bb07483-4dfa-4aca-8783-5e67440c62ca,47,39394,TR,2024-08-11
6a2458d9-2e0c-469f-af47-39e515b7bce4,48,444200,TR,2024-08-11
b8fbcc87-50c8-4698-b841-a7bf66936e00,49,2215430,TR,2024-08-11
5e2f38c4-e616-4382-aa4d-a64d256e0ced,50,397540,TR,2024-08-11
414582a9-20bc-41d0-b0d3-63970044a8a1,51,1222700,TR,2024-08-11
54d378b3-3258-4597-9309-1e338f6b967b,52,1517290,TR,2024-08-11
e47d0882-c6f5-44aa-8382-39af8a887e84,53,2195250,TR,2024-08-11
a310471c-9b80-43b6-ba7f-24ee0b780601,54,767560,TR,2024-08-11
250c0b99-3a89-4bfe-98a3-ece91835094f,55,1966720,TR,2024-08-11
f0f91b5c-a196-4732-ab63-6802b2744a74,56,2252570,TR,2024-08-11
00ddedb6-8a8e-4eea-bcc7-3287cd8dbbda,57,431960,TR,2024-08-11
a1a0d041-abb7-4f6c-8fd2-2ced0d091012,58,1289670,TR,2024-08-11
78c30924-6d76-4794-86c4-775108ba4d5d,59,1174180,TR,2024-08-11
9b2783ec-d7d2-4183-923d-16938e8498e1,60,1316680,TR,2024-08-11
3173acce-80c7-4a5d-a74f-91285d14d397,61,1326470,TR,2024-08-11
86880b7d-8c72-49fb-96f6-ad72b920bbe4,62,2139460,TR,2024-08-11
8283b8a6-5a33-4dd1-afdc-326658eda7ea,63,1846380,TR,2024-08-11
147a50db-b867-44e3-a185-b0bd305d5753,64,440,TR,2024-08-11
f8fb40bc-5a56-4e39-b127-a17a6954c503,65,993090,TR,2024-08-11
804a4bfe-079c-4ee2-b092-472f45065ea3,66,1238810,TR,2024-08-11
fb7e9f8e-fa62-415e-9d7d-4be7b80a5a3e,67,1332010,TR,2024-08-11
0695d64d-369a-46db-9efe-7275c0774ade,68,379720,TR,2024-08-11
d0f0ed14-889c-4cec-93b8-8ea417f0cdf1,69,2878420,TR,2024-08-11
31042d94-4b55-4341-8f28-8e9555abd786,70,1962660,TR,2024-08-11
30adc5c8-528c-43e2-90f7-ce6d94201f86,71,2881650,TR,2024-08-11
5a0657eb-6fba-4933-a8d4-64c1651a366b,72,1943950,TR,2024-08-11
0d3d5ba7-a1a4-4b29-922d-72a88803f10b,73,1962663,TR,2024-08-11
1cf88960-921d-4222-9d93-9ce49db5d9f3,74,199943,TR,2024-08-11
efc7a19a-d092-4229-a3c5-80f13d2d47ed,75,1203220,TR,2024-08-11
8b023bf6-c40d-42d8-8124-41514b0f9a47,76,1716740,TR,2024-08-11
32a839fd-8c04-40b5-a798-8667f7be542e,77,2315690,TR,2024-08-11
f574b603-8369-4357-a54e-103f959a5ee4,78,714210,TR,2024-08-11
f190dd2f-d2d5-4e85-a5c0-74855673e2e8,79,1085660,TR,2024-08-11
bbc00b06-819c-448c-88ff-7960042015b4,80,37318,TR,2024-08-11
45d68379-95dc-4967-a7a8-bfbd35e8ecd5,81,612880,TR,2024-08-11
7846bd18-6791-4c1f-b71c-0fff6daa2915,82,261550,TR,2024-08-11
9f35655e-e75d-4719-b8b1-18bb9fd89a64,83,1158310,TR,2024-08-11
5a948847-5e84-4313-9ace-ac3cfa95b685,84,546560,TR,2024-08-11
0fc91314-497f-4291-ac1e-1dd105797edb,85,1151340,TR,2024-08-11
e917eac0-b713-4a3b-8a55-ae0818882322,86,393380,TR,2024-08-11
78350426-0eb8-4929-ab24-472b378a79a7,87,242760,TR,2024-08-11
c41a8eae-bacb-4428-9c6e-d0bf70547eaa,88,1144200,TR,2024-08-11
07c030e3-87ea-47ac-aaf6-740945ba41aa,89,447040,TR,2024-08-11
998237d0-ac56-40b5-85a0-134cf1c8e4f2,90,1938090,TR,2024-08-11
88fce117-c47c-4fa7-bea5-5a436fca2f5b,91,1466860,TR,2024-08-11
6f099204-8938-41d5-9091-ffc5a10183f6,92,905370,TR,2024-08-11
269dd4a6-3cc4-49aa-a66e-ced4a7ef4424,93,244210,TR,2024-08-11
f9c9e9a6-3755-4048-b706-adf4a3536750,94,1274570,TR,2024-08-11
7e379b11-5ff8-40bb-9b26-14a8314a97ae,95,394360,TR,2024-08-11
a100bc6b-282b-480c-8d94-896a3918530e,96,1091500,TR,2024-08-11
b3b50f4b-c206-467d-9fd3-52ef3489da68,97,1888930,TR,2024-08-11
b2ff4a45-546a-4efb-acd3-f203a6478685,98,1063730,TR,2024-08-11
9bc23414-f49e-4b66-a8b1-3bba2d478d25,99,1659040,TR,2024-08-11
b318b15b-5cd7-41bb-80b8-13d0d1ffc32e,100,10573,TR,2024-08-11
7f587205-3e85-4813-af0e-68c3a47e7450,1,1675200,GB,2024-08-11
705e183a-9dd8-46b3-835d-58f35af363ac,2,730,GB,2024-08-11
6977d6a5-8910-49b7-b53e-ec3273f016ee,3,2183900,GB,2024-08-11
c3b2d7b3-1d9b-4dc6-8e09-7feef3d59e26,4,397540,GB,2024-08-11
5759d9f8-44f6-41ae-85c7-18e573422db2,5,33369,GB,2024-08-11
1efbad3d-15d2-41b8-b1d9-92bcc593ec2e,6,2074920,GB,2024-08-11
dca91476-b5ac-4154-b4fb-db8af567d65c,7,236390,GB,2024-08-11
5af3c044-ab27-44b8-a5b7-71fd43ad6017,8,2933620,GB,2024-08-11
4266e7ba-d6f4-4ff6-ade0-8c58fbd4ab76,9,1593500,GB,2024-08-11
eb6561b8-12bc-404e-9f51-cd07bb819271,10,553850,GB,2024-08-11
b41764c2-c613-4bc5-9cc2-e83ed6178912,11,1086940,GB,2024-08-11
2b2701d9-aadc-427c-9234-b48bf78bf890,12,230410,GB,2024-08-11
4290e7fa-ea11-4139-896f-55efd6984155,13,393080,GB,2024-08-11
851b5f5c-891b-43a0-ba71-fa850cbe7149,14,311210,GB,2024-08-11
2509c7c3-65d7-4694-8d17-e221ecc0b122,15,2366980,GB,2024-08-11
97a126c3-7998-4969-a52a-38c1b45b0c41,16,306130,GB,2024-08-11
d392728c-91e4-436b-8769-3bf2f6aede50,17,2638370,GB,2024-08-11
03e347b6-ef74-4fd6-9a45-ffcee0b64724,18,381210,GB,2024-08-11
71542ae0-16a3-43ad-ac3b-7e2d8a509037,19,2139460,GB,2024-08-11
d695df29-6375-4de0-9667-227e45126def,20,1245620,GB,2024-08-11
d2c1aa71-72b2-4e5f-9de9-517726f04936,21,1222670,GB,2024-08-11
0cd04c38-c14b-41a3-b496-c2a90312f9f1,22,1085660,GB,2024-08-11
ce2df6b7-d60f-4c9d-b6e6-2830143b8b6e,23,377160,GB,2024-08-11
f82c8470-5cbe-4c45-b147-a7bfb51bbd6a,24,38150,GB,2024-08-11
7b9a5fdf-d5d8-4a4e-b418-0906fa9721e9,25,238960,GB,2024-08-11
d4a95728-8243-480f-a0e7-ff2bd4fcab16,26,39210,GB,2024-08-11
732763be-7e8f-498b-b1a1-bd3ab99ee592,27,49520,GB,2024-08-11
ae71d57f-6114-4beb-ac69-9334ac9987a1,28,6465,GB,2024-08-11
5fe4a2fc-b68e-402d-b6a0-12459af644e3,29,578080,GB,2024-08-11
44baf090-71dc-47c4-a24b-39fd0bc039dc,30,15435,GB,2024-08-11
64d34d6d-0e91-4159-b862-724149fada81,31,271590,GB,2024-08-11
acadf4a5-bc02-4597-b084-6775c1a61959,32,2142790,GB,2024-08-11
f5bb8764-be50-4e55-abb7-e5772b162b69,33,252490,GB,2024-08-11
2e6f238d-24dc-4627-a62c-3e2d52dc3e87,34,1172470,GB,2024-08-11
4dc217dd-870d-4fa7-b179-df771f497212,35,5700,GB,2024-08-11
6969e318-5433-4150-9e2e-07de2a2af860,36,782330,GB,2024-08-11
9c07b6b5-c1a3-4dd1-b46a-ddedaea37c9c,37,489830,GB,2024-08-11
46519a28-7b88-4a3e-9e48-120ce9f6b830,38,440,GB,2024-08-11
4a9681ce-2d23-455f-8eec-37c377d8bbcf,39,570,GB,2024-08-11
0019088e-803e-4421-b527-ce0bd181b081,40,199943,GB,2024-08-11
d322cb4a-430e-4fb2-ba54-e1cb3144bfa5,41,1286680,GB,2024-08-11
eab6d07c-7daf-480b-9c73-a4e103eb648e,42,1449850,GB,2024-08-11
37c10455-9526-42b7-b5dc-ed3a908ad508,43,2400510,GB,2024-08-11
6d56e409-1adf-4b96-a442-a8136ebb30f5,44,2567870,GB,2024-08-11
1ddb1f48-a287-4337-9379-cfed9f7bd6a2,45,2195250,GB,2024-08-11
e7dd72d5-b417-49ff-8d58-59905524d1b4,46,2358720,GB,2024-08-11
abc133f0-ff22-4676-a494-8d4847caad0e,47,1237970,GB,2024-08-11
86711a73-bca6-40c9-9dbf-6f5ac95ebf76,48,30424,GB,2024-08-11
fd3e586b-2c69-4806-a785-91bae1296154,49,1151340,GB,2024-08-11
0c0e89b4-551e-42d5-8d48-2926860b0bdd,50,2669320,GB,2024-08-11
1e090bb3-adef-42df-9eb7-67edf6663c99,51,413150,GB,2024-08-11
2a417326-9c00-4dd1-b56b-a72ad41b2792,52,1476970,GB,2024-08-11
3ee906f6-b7de-4e77-a37b-4a115e909490,53,1091500,GB,2024-08-11
179b0eb8-93f2-4d7a-b001-34daf4f96051,54,1059530,GB,2024-08-11
918fbef8-e3f6-4403-ac68-c5a725f1d17e,55,223750,GB,2024-08-11
48c94b89-98e0-43e6-913d-aa7c91202c24,56,2344520,GB,2024-08-11
f4ce7dfc-ccc8-4ff8-b5fa-226ff542a309,57,2751000,GB,2024-08-11
1dddd365-d78f-4491-b1a0-f738ddb2d2c5,58,739630,GB,2024-08-11
8deb9edb-b9a1-4bd8-b5f5-fc6b5696ca9f,59,202970,GB,2024-08-11
0c507f97-3434-4bf7-b05b-9a28bf29e715,60,27508,GB,2024-08-11
b2536df1-702e-41ea-a41f-dd704a4c5aec,61,427410,GB,2024-08-11
04eed94b-3cd4-4c23-99ba-79438dc92dba,62,546560,GB,2024-08-11
8b499d2e-5168-4784-8404-59e98739f1cc,63,582660,GB,2024-08-11
fe028975-656d-4f50-b17d-539c80cf085a,64,15366,GB,2024-08-11
fab2a9d9-aba2-47c5-9727-48955981e3d9,65,2778580,GB,2024-08-11
5a3eba4f-d64c-4d88-9a0a-64a10d1990e3,66,1962663,GB,2024-08-11
ea446be5-f5a3-4f51-b705-71ee9126bec7,67,354231,GB,2024-08-11
3f147b99-8b9e-4f98-81b3-e6f054b0d96f,68,359550,GB,2024-08-11
5516373c-09de-4b17-a4ab-3a3a0a23138b,69,1158310,GB,2024-08-11
ab29ce25-35c8-4ffc-90a7-5459530a941d,70,261640,GB,2024-08-11
cd567eb6-cc06-4034-a9d3-b38c16d22c56,71,2215430,GB,2024-08-11
8e74ba1e-cf63-4a48-a4c3-cd2986b3bee0,72,1659040,GB,2024-08-11
3e3249d7-49dd-42a8-86cb-37666aad74ef,73,2943690,GB,2024-08-11
3f9ad161-e3c2-43c0-8441-33bf18969887,74,1985810,GB,2024-08-11
ad03c945-61db-4f1a-84e4-f97823b0ca26,75,1250410,GB,2024-08-11
20fbe256-0421-4d4d-8cfa-f8e54bfc3c78,76,2252570,GB,2024-08-11
80e99976-1f7f-4e56-8f49-bef3d3f47556,77,227300,GB,2024-08-11
0fa6d9a4-39e5-4f36-bdc6-632931ad2961,78,1716740,GB,2024-08-11
6156dba1-491b-491f-b0c0-5009eec377e8,79,1286830,GB,2024-08-11
d8c8edfd-3a02-483e-b818-451fa3c10cb4,80,1172620,GB,2024-08-11
aca05bbb-e8a7-43a9-802d-8980eb1079e7,81,294100,GB,2024-08-11
af51af48-9e89-4f8e-873c-22365e841f0d,82,2396240,GB,2024-08-11
708f9b8e-1eb6-4f8b-aff9-0ac0db5ef928,83,281990,GB,2024-08-11
a51c0eef-f8bd-4b78-89e1-59aea3d5063b,84,2488620,GB,2024-08-11
454ccfa3-b394-4889-a47c-ca92027efcd7,85,2670630,GB,2024-08-11
4b055108-713c-4e07-94a9-2eae253d2af4,86,270880,GB,2024-08-11
828c08a4-8c68-4424-a8ca-08a185523e53,87,1599340,GB,2024-08-11
a27a925f-bf5d-4c9f-9cdc-4f6e9d68adff,88,37745,GB,2024-08-11
5bbce9ac-81b4-4024-8565-52960ff62939,89,1326470,GB,2024-08-11
1f61840d-4ac2-442e-a2fb-c71b2142c0f3,90,2141910,GB,2024-08-11
45b1a5c6-a2f8-4add-beea-4c2b078f11af,91,2379780,GB,2024-08-11
133ebfce-1215-42c6-bd6e-43f214ed8c35,92,1363080,GB,2024-08-11
8af9c2d1-b01c-483c-aa42-faf7ac0defd9,93,1142710,GB,2024-08-11
46365fd1-8ea5-49cb-ba33-0e5e690f0cfa,94,42700,GB,2024-08-11
2de68d87-15a1-4a01-a42f-4fcbff513306,95,39394,GB,2024-08-11
a3e81354-ed56-416b-ba7e-e74250893d61,96,548430,GB,2024-08-11
9a10589f-a694-4b0e-8906-a9b19c9e45d4,97,27500,GB,2024-08-11
1c4ec35b-ccf9-421f-b0dd-ea02bcd71be9,98,1144200,GB,2024-08-11
c25440a8-e334-4b5c-8353-c2988f938996,99,1517290,GB,2024-08-11
566d9d73-7fb7-43d5-bbc3-fef3e47384ea,100,2138330,GB,2024-08-11
f86f5e6f-a921-46c8-b2dc-dcabe90b3df5,1,1675200,NL,2024-08-11
c713bd1f-0026-4e3e-94e1-06ede2dd8785,2,306130,NL,2024-08-11
eee0addc-0693-41a7-a727-4c355d7df2ed,3,2933620,NL,2024-08-11
d6270a1d-7e7c-4e45-a868-b4821ac7aaef,4,1593500,NL,2024-08-11
a98403ba-9177-49f8-9068-8b699b38a55d,5,397540,NL,2024-08-11
a29a51bc-d107-4a01-a911-53ac50cb7dab,6,238960,NL,2024-08-11
656c3878-3845-4054-99b2-fd90942ca011,7,236390,NL,2024-08-11
e1b2b1bf-fdea-4b0b-8957-0939669ee91e,8,2074920,NL,2024-08-11
c66a0b0a-34d4-42e7-9feb-816dc1783cea,9,33369,NL,2024-08-11
79eb2c66-8ff2-4843-bfaf-4fcff3d3fb57,10,1245620,NL,2024-08-11
50c12cb9-9f38-48d3-820d-12532e4f0fb6,11,2183900,NL,2024-08-11
c57fc4bd-5fb7-4ce2-900b-dcf04e7243fa,12,1086940,NL,2024-08-11
a294a3f6-a618-4f9d-8c0e-c00a61030fd8,13,1222670,NL,2024-08-11
ed18a90b-31d5-4918-91c0-1b298937cc43,14,553850,NL,2024-08-11
d5b1dac3-0b40-417b-a2b5-4bb9d6a1deb7,15,2139460,NL,2024-08-11
b540da5f-6c89-4cc9-a314-be4f4b927eff,16,2669320,NL,2024-08-11
3a538ef0-ac95-40f8-94f7-38888eb39991,17,39210,NL,2024-08-11
88741259-2f7b-41c2-9a94-8ce6e01d7db6,18,1599340,NL,2024-08-11
af1a28dd-32ae-464e-bc57-bc280b7dc113,19,2195250,NL,2024-08-11
f714f7a2-ff91-4519-9b49-e1ce10b6d3cd,20,230410,NL,2024-08-11
66af7f0d-a7b0-4b2a-a8e5-5c0db4ab74e4,21,227300,NL,2024-08-11
4c42ffce-4a5b-4756-8ad9-3bab3dd6aeb9,22,15435,NL,2024-08-11
3830a939-64d1-46cf-a7d0-29f2812f82fc,23,377160,NL,2024-08-11
c55eb859-bea7-4976-b34b-4793be537128,24,252490,NL,2024-08-11
633ec348-b7f5-410d-a7fb-a500f39fb562,25,1476970,NL,2024-08-11
1cac2417-4bda-4ea0-affa-8c8eb4b889f4,26,271590,NL,2024-08-11
2c623389-4e8e-4b8c-93cd-2212d4186eae,27,41922,NL,2024-08-11
0202a762-5b57-452d-97e7-29b655f48cde,28,381210,NL,2024-08-11
99d78616-bddb-4073-a667-c04fd77f3641,29,2567870,NL,2024-08-11
50efabb9-2617-41b6-ae8b-6eb72eed17d7,30,2638370,NL,2024-08-11
bbd87c4a-3dfe-406f-b72a-1e7693b7c52a,31,2778580,NL,2024-08-11
d8c02526-7280-471b-ab1b-032ef380f47c,32,782330,NL,2024-08-11
3e0f6a02-a59f-4e83-9e39-e77831ff5817,33,3782,NL,2024-08-11
520f70e7-24a0-40d2-b502-80ff737f712f,34,1250410,NL,2024-08-11
bfdd8d62-e930-4222-928c-8e11e4919ab7,35,49520,NL,2024-08-11
b5f5b1bb-bdec-47cb-946a-1548d5d89562,36,13013,NL,2024-08-11
a0ad5a93-d4d2-4e73-8c7b-8a8ba1e0d9e2,37,578080,NL,2024-08-11
e0891710-0392-46c2-b128-2150ed2789e2,38,223750,NL,2024-08-11
74c8e1da-1e2c-403b-9345-092147fd4804,39,1151340,NL,2024-08-11
f47e14d4-0a49-4ebb-8711-9906f0a865c3,40,570,NL,2024-08-11
f73fd2fc-79ba-49b2-bd02-3923aec56582,41,1237970,NL,2024-08-11
2e2f01f0-a75e-44ee-8a30-3f96b17539d2,42,311210,NL,2024-08-11
e3ef9873-212f-4fbb-b651-c2aabd258b24,43,2488620,NL,2024-08-11
9408c67d-4f62-4b27-8032-556233becb01,44,1172470,NL,2024-08-11
623ce6f3-9bbb-4700-a5d2-c7944bd3e235,45,1085660,NL,2024-08-11
53031d5d-1698-40f9-a1b1-d1a934e3501d,46,2142790,NL,2024-08-11
6913ef29-d73d-48d5-9c41-997e3757e243,47,38285,NL,2024-08-11
3c5e6777-7f6f-454a-af46-4338c4f3801b,48,2358720,NL,2024-08-11
bcc1348a-cfe7-4c8d-b64e-efffa29d053b,49,39394,NL,2024-08-11
43ad6433-df0f-4827-87fe-72eb82ae271f,50,489830,NL,2024-08-11
605dbfa1-45ef-455d-ab42-7e63f59dd388,51,40814,NL,2024-08-11
5e8c42da-30d5-4591-a3e2-0d7fcbdb7fc9,52,2943690,NL,2024-08-11
bce0335f-cbe1-401e-b6bf-660075c150b7,53,37269,NL,2024-08-11
792ecdc4-b976-493d-b2df-fcb310b5a07d,54,393080,NL,2024-08-11
04fba429-a1bf-4140-bd35-394cad2d1078,55,1172620,NL,2024-08-11
ae4e007c-50ea-4f8e-bb43-095fe2697733,56,1286680,NL,2024-08-11
67f80980-3f0a-4537-86e4-ae77d2a55f37,57,582660,NL,2024-08-11
73a83071-2791-4007-aa72-e0a9176be01c,58,216150,NL,2024-08-11
ed41f545-bff1-41f1-b649-e8c9ecb0d3fa,59,199943,NL,2024-08-11
ac5f1c8b-c1e7-4e4f-b2a7-054ab70d0c02,60,413150,NL,2024-08-11
6432c3b0-2be5-4eed-ad98-0788e7c79c56,61,1716740,NL,2024-08-11
8cef7d83-d56a-4343-bd1c-39918cda0763,62,1059530,NL,2024-08-11
a376fdab-75a2-4ea1-8008-ce2cf893f75a,63,2751000,NL,2024-08-11
c6ee1154-d055-422b-ab8d-bf768a3b8bdc,64,2670630,NL,2024-08-11
145a0f9d-b265-43d7-893a-17fde3d3015b,65,1938090,NL,2024-08-11
76383bb7-7997-458e-a25c-653067a7e67d,66,2399830,NL,2024-08-11
b25156e9-0d18-42b2-b0d3-d7871b1156fd,67,5700,NL,2024-08-11
c9bcfc6a-3a28-46dc-8925-bca5122777e1,68,1203220,NL,2024-08-11
93d35bf9-fa30-4528-9030-cfa783757645,69,739630,NL,2024-08-11
a156b178-2f51-404c-b6ef-c663220eba30,70,2344520,NL,2024-08-11
67c7c9e6-2550-44fe-b460-ebae3f4c22ab,71,359550,NL,2024-08-11
1b2719ee-495a-45b3-ace4-5d135c4ef997,72,354231,NL,2024-08-11
80908ae4-8e02-4158-9192-c926fe4f17ba,73,2322010,NL,2024-08-11
50a7ad7d-3f29-4a99-a573-5590fd2d05e2,74,261640,NL,2024-08-11
41dd9e26-9699-466f-96c6-bc4dcf02b82d,75,2300320,NL,2024-08-11
77c566b0-bef7-48fa-81d4-62a38fa958c8,76,1985810,NL,2024-08-11
ec84bd85-b0a0-4c53-b8a0-b7e8501fe41b,77,686810,NL,2024-08-11
9e007c13-e84c-4c09-9805-c0ffb34049e5,78,546560,NL,2024-08-11
01535312-9f97-4c89-9e02-cec465bbe315,79,2591280,NL,2024-08-11
5579edad-fe7d-46d3-940c-61b0548fb048,80,1091500,NL,2024-08-11
5e96f34f-341a-4510-8278-5ca6ebd354b6,81,1326470,NL,2024-08-11
db4f0119-5f9a-403d-b81d-3d24f3b04485,82,949230,NL,2024-08-11
425359dd-0790-4c51-b4bb-5a9c585505d7,83,1332010,NL,2024-08-11
5e5711c7-fe4e-4aca-b648-a78ff469aec5,84,38150,NL,2024-08-11
8b6f4986-5348-416d-8b86-5539c3423eae,85,1551360,NL,2024-08-11
2f1dd437-972b-435b-95f1-21e3e007a0e1,86,1517290,NL,2024-08-11
a857d7bd-1a3d-465b-a09b-1b66330f49f5,87,1145350,NL,2024-08-11
f46bf1b8-cdd4-4411-9875-404f9365c746,88,1401590,NL,2024-08-11
0732c443-fe3a-4e67-b68b-c46cf7b34be8,89,1629520,NL,2024-08-11
052b11ac-d764-4bc8-8ec1-17f097b9ecd9,90,43920,NL,2024-08-11
e5e3c468-fd49-4e60-98ad-6ecc9041076f,91,2400510,NL,2024-08-11
cdc96d46-9bb4-44fa-ae5a-2db0bffabf77,92,730,NL,2024-08-11
53e85a28-19b8-4c4d-a586-9598ace47064,93,427410,NL,2024-08-11
864900ed-a516-4a3a-87cc-78d213652b50,94,294100,NL,2024-08-11
b180ecdc-19c9-4375-924a-350b101a46d5,95,703080,NL,2024-08-11
ea4f4f54-f1cf-47fc-9fae-2170e862ab88,96,494840,NL,2024-08-11
d223873e-4d51-4915-99a0-f541b198b98f,97,212500,NL,2024-08-11
0d4e075b-2817-423a-84ee-fd482c6ed7d6,98,30424,NL,2024-08-11
d1e60c65-36e9-4c7f-97cc-3b4fac9c5cba,99,1562430,NL,2024-08-11
7ac7c581-89a1-4f77-8ec9-1e99db719e7c,100,202970,NL,2024-08-11
cc2ef944-9dbd-4d1f-b45c-304d35cef320,1,730,SE,2024-08-11
d1afaf7c-b9ea-49d8-84ef-8a9fcdcd6be4,2,238960,SE,2024-08-11
a11b1e15-76f1-49fa-a981-d85e2449895e,3,33369,SE,2024-08-11
172399a8-cd0b-4876-8d82-bb67513c8d54,4,578080,SE,2024-08-11
ec46aa05-9464-4efb-88b2-402d00bca652,5,1245620,SE,2024-08-11
b85e1d8a-1cb4-46d0-a32a-17e0238bb8ff,6,1593500,SE,2024-08-11
40aa7469-7c24-48f6-8231-f341b38516c4,7,2183900,SE,2024-08-11
2b5f75b0-174f-477e-a63d-070a4bb02193,8,1086940,SE,2024-08-11
44757cfe-7f26-4fed-be12-3006a654684c,9,236390,SE,2024-08-11
7f811c59-40d8-4ccc-9a78-7cac1442b562,10,2074920,SE,2024-08-11
17c1fbff-e77c-400f-bfa6-60c7ca45ee27,11,553850,SE,2024-08-11
5e54aa3e-e5e0-46bd-b9ee-9817c8b47c21,12,570,SE,2024-08-11
319b103c-62af-48c3-a029-705b27b72d93,13,230410,SE,2024-08-11
d2c6bc1a-dbcf-4303-94ef-2fa2e0b227f7,14,2933620,SE,2024-08-11
b9005255-9eb4-4553-8411-e5f1d902343d,15,397540,SE,2024-08-11
f45d31ad-0c06-4b4c-b88a-69c6aa664f13,16,271590,SE,2024-08-11
600448ec-c37e-4e3c-821e-d40abceec8c2,17,2567870,SE,2024-08-11
cb6a4559-8c15-4658-b356-c9b38bc96421,18,1222670,SE,2024-08-11
654187db-b7b3-4bac-b1f9-ece26a2962e0,19,1172470,SE,2024-08-11
d42e0b21-6579-4943-ba94-f66bb16112af,20,252490,SE,2024-08-11
cffdf6c0-b3ab-4bff-a915-630c1cab6643,21,2139460,SE,2024-08-11
b17134de-8f57-4fda-8099-c664d5ad955e,22,2778580,SE,2024-08-11
63b0377f-3c4e-47c7-82b8-a97c225bbaff,23,39210,SE,2024-08-11
3a85e5ce-9edd-4e3a-aaf2-85563a31aa7c,24,306130,SE,2024-08-11
fdc85d65-3ae3-47ce-b20a-7a124a96413d,25,2669320,SE,2024-08-11
def4fb3c-deb2-4edc-bd1f-59c797ad8e4d,26,377160,SE,2024-08-11
b6775fcc-1a88-4889-8a48-d1d0c9fcd24b,27,1091500,SE,2024-08-11
658c4be8-c9bb-4fbb-8465-2a467657fe72,28,381210,SE,2024-08-11
e60e808f-d646-48a4-a70b-269701b42160,29,1085660,SE,2024-08-11
210dcb48-86b3-4d1a-b4a9-fec5a91754e8,30,782330,SE,2024-08-11
0aa5d385-daf2-4d60-8f8a-e6313df3ca6e,31,1599340,SE,2024-08-11
94d3aa40-b66d-4fcf-bec0-5dc0dfb971e4,32,2638370,SE,2024-08-11
98a0bf53-e213-48e2-8ad0-f330b3c0b864,33,311210,SE,2024-08-11
95d74014-470a-48bf-917a-4d50d158c580,34,359550,SE,2024-08-11
ad482975-c457-481b-bcf6-de2d5f8d75a7,35,38285,SE,2024-08-11
980afa6f-a1f9-4404-bd34-5024bdf5b040,36,489830,SE,2024-08-11
5fb0009a-8d92-4133-863f-aa9771b43d4f,37,199943,SE,2024-08-11
3158a794-6199-4fc3-a4bc-2d16680612f2,38,393080,SE,2024-08-11
3757d7cd-8eb3-4e60-a150-d10221f9daef,39,440,SE,2024-08-11
0585557e-1c4a-402a-b615-553048448351,40,15435,SE,2024-08-11
2e91134f-d923-4a57-a5a3-d5c7d9ce1a39,41,1232580,SE,2024-08-11
5c678288-16a8-4c11-b409-4799472cbc65,42,1476970,SE,2024-08-11
57d734ad-2771-4ab5-9d68-372d51fe1043,43,1237970,SE,2024-08-11
e7412775-fb43-436f-9014-5c0fd2b3b471,44,2215430,SE,2024-08-11
5d75abf0-43cf-460c-b8b4-45b048831f08,45,1808680,SE,2024-08-11
0c5e84d0-d2f7-4e95-8bca-91498b4d3b80,46,2344520,SE,2024-08-11
8b1fa91f-165e-4550-9e37-9b934070379b,47,2142790,SE,2024-08-11
93de0056-5794-42ba-a27f-244aebbc5512,48,1659040,SE,2024-08-11
2bebf9de-e5dd-408c-bf80-0abb0cc7ca1d,49,2396240,SE,2024-08-11
8dca18bc-2189-4034-a108-dcc77b115fe8,50,33129,SE,2024-08-11
7aaca5a9-26ae-4f29-9e29-7c294aff6cdc,51,1172620,SE,2024-08-11
45b791a2-086a-4096-8a1c-47d4c3a29587,52,413150,SE,2024-08-11
d2665e39-b8c8-4191-9929-b507de6a4655,53,2358720,SE,2024-08-11
80180f2d-1b49-4e40-a1df-2e0bcbf6b4fd,54,1675200,SE,2024-08-11
6b58d085-48a3-4cd6-9bc3-365e4d443776,55,1144200,SE,2024-08-11
1e9cc38e-6adf-4bcb-b72d-7776527a6807,56,739630,SE,2024-08-11
92010f3f-f954-40f2-bf60-3c8a5ca431ab,57,1149460,SE,2024-08-11
417b63cc-6c86-4ec6-b4ce-13c9d0ee5a54,58,227300,SE,2024-08-11
95624692-26f7-4f70-9e92-57b74eacea63,59,648800,SE,2024-08-11
43c71588-50ba-45e0-bf0b-56c8ca4b8e50,60,38150,SE,2024-08-11
e2eb9df4-cd52-46f6-9613-fa0b4eb8f699,61,1151340,SE,2024-08-11
be0139e4-e56c-4dbc-91da-a76f410853d3,62,28590,SE,2024-08-11
60c3bf4f-2437-4ce6-9c99-23b7cc8b58b9,63,49520,SE,2024-08-11
66f8f498-285d-4973-a6b4-9352892a282e,64,12645,SE,2024-08-11
9c34b700-9225-4426-b230-9400c02fdda7,65,2751000,SE,2024-08-11
ea70664b-5cbb-4f76-a707-12a56c959bc4,66,2488620,SE,2024-08-11
6d7d07b6-cafa-491c-b4c0-8179373c8e19,67,251570,SE,2024-08-11
85c3c1f5-e1bd-4ec9-9ed8-3fd5e248613c,68,1286680,SE,2024-08-11
09007414-0513-457d-8970-023d7ca9fb8c,69,1716740,SE,2024-08-11
386ca3be-4f14-46e9-a867-6cd7a7ac9e00,70,28820,SE,2024-08-11
9f6ca7c4-78ed-43dc-9ca1-0c031a4f0521,71,1282100,SE,2024-08-11
57264fe2-e9b3-4cde-8394-7417cb97091c,72,427410,SE,2024-08-11
42efe8c8-692b-4106-8745-d887dc4d4b6a,73,1985810,SE,2024-08-11
62ae6ae0-8acf-4852-9fb2-2f359e85efa4,74,5700,SE,2024-08-11
099b6c9f-e667-4798-bdca-f979a84b4903,75,1203620,SE,2024-08-11
0408bd04-f7df-4701-a410-ab9f89464544,76,223750,SE,2024-08-11
b94303b5-2263-450b-8881-3f1037a5e679,77,2366980,SE,2024-08-11
1a61b341-c794-46d7-b146-461530999031,78,1142710,SE,2024-08-11
c132f95e-2fec-4653-ad3b-1cee1fea10ba,79,216150,SE,2024-08-11
8adacfed-5ea2-4c91-9076-31b1b3b10a16,80,2195250,SE,2024-08-11
2a3d5b79-89ce-42b7-b676-ca9c527d8337,81,1174180,SE,2024-08-11
bf8fff6b-5e7c-4cf1-9d70-2f4bf53c6e3a,82,2400510,SE,2024-08-11
99a92404-602f-4700-8cdf-3f8062069091,83,1966720,SE,2024-08-11
ccccda63-0266-448f-8f0e-472190f1ba62,84,2399830,SE,2024-08-11
c82682d9-7d18-4ab8-aa1a-f1668c0bccae,85,380600,SE,2024-08-11
2a0cc0df-e18e-4baf-9add-28e5813d7d42,86,25271,SE,2024-08-11
03c2af8d-8918-4efa-b5dd-cc64c08bc115,87,1517290,SE,2024-08-11
24cea73c-a32c-40b6-ab8a-4bac38c5d24e,88,518790,SE,2024-08-11
54df3294-832d-4e43-9297-7a1a810d1830,89,1562430,SE,2024-08-11
cec09fbf-d235-42e3-a987-2dea92261d32,90,2138330,SE,2024-08-11
7b723b02-24ac-4d8f-9646-8505bf940a2a,91,1158310,SE,2024-08-11
fbfa7b35-a31d-4b5f-8aec-58a4dc0ea90d,92,244210,SE,2024-08-11
42fb31e5-0160-45a0-b89c-cf3983dd3a56,93,2141910,SE,2024-08-11
d6bcd89c-4bf6-41c9-996d-5976f0e1079c,94,2670630,SE,2024-08-11
d5c667f3-0386-4d51-a920-e0a90f9d752b,95,1363080,SE,2024-08-11
1dc283dc-8729-4b3f-91ad-fe2961edd397,96,36117,SE,2024-08-11
be7d8a64-7d53-4a32-9a54-918bc5e9066d,97,1332010,SE,2024-08-11
7fa6585b-0e98-44c4-b60b-9c6d00da0d8c,98,1145350,SE,2024-08-11
489193ba-a786-465d-8fc5-8f99949bd517,99,275850,SE,2024-08-11
5be992c2-22c1-476f-b905-b77bbd272338,100,582660,SE,2024-08-11
cc5264dc-d70a-4730-9756-63cd429dd128,1,730,DE,2024-08-11
195430ea-7ddd-48a8-a953-0c04d828e006,2,1675200,DE,2024-08-11
c4d90812-8737-4a91-a3f9-a50e76cbde40,3,2074920,DE,2024-08-11
e2676d3e-d88b-44b8-b808-a8dc28dacc9b,4,1857090,DE,2024-08-11
76452817-2173-4346-af9c-a633aef29591,5,236390,DE,2024-08-11
4dbddb9d-7ade-4293-bb8c-b6c84d3147e6,6,578080,DE,2024-08-11
1a590efa-532c-4db1-bbaa-fa887e7cabb0,7,1593500,DE,2024-08-11
6844ba64-1044-4a3b-86d0-6872c232f5f7,8,33369,DE,2024-08-11
1af19c0b-0f1a-4efd-b014-87d1fab6c91c,9,238960,DE,2024-08-11
b0ea5aa1-bfa3-40d2-9801-9a6c652016e6,10,397540,DE,2024-08-11
b7467f0b-c08e-40ae-9483-800be2b8c669,11,306130,DE,2024-08-11
cd0f4dcc-e80b-41f9-bf35-cd1c0661c0d7,12,2139460,DE,2024-08-11
648caf9e-b7f8-42cc-8ebe-b042fc85d226,13,2183900,DE,2024-08-11
1e80375b-5f62-4713-bf12-95a082812794,14,2933620,DE,2024-08-11
d74b4267-13b2-4b9d-9991-118451c1b2bb,15,1222670,DE,2024-08-11
56678fb7-a11c-44e9-9d2c-15a53c792cc7,16,553850,DE,2024-08-11
87db1ef5-b65e-4edc-bbff-e06a48205c0b,17,1086940,DE,2024-08-11
99d264b1-f8d3-41ff-8eec-ffda0410841f,18,381210,DE,2024-08-11
81722bce-d54b-4d0e-a758-32bf35f1e399,19,1245620,DE,2024-08-11
b7f7381a-c17f-47d3-b483-c8cfa9ad79c5,20,1599340,DE,2024-08-11
cc941467-29e8-4f31-b0ba-5af93545f974,21,15435,DE,2024-08-11
b438fd94-868d-455c-b9da-54dd385c604f,22,39210,DE,2024-08-11
99558243-d5b1-4e48-8b48-38ca8a63d6e8,23,2567870,DE,2024-08-11
bc1e3a4d-9672-4b05-81e8-be5d8c3d8b38,24,230410,DE,2024-08-11
0984a669-df0d-467f-a33f-6d1cdb862603,25,271590,DE,2024-08-11
0b6b3227-dc32-499a-af39-3d3c54752ebc,26,38150,DE,2024-08-11
69e427f4-b84d-4bad-ba72-b56249d7cb1f,27,1449850,DE,2024-08-11
5703e9c3-a0f8-48e7-8b60-95db41adf1c9,28,2142790,DE,2024-08-11
7045fc3a-26c7-4209-9927-e0660004b7bf,29,2362300,DE,2024-08-11
7a5f941a-ba8a-4b72-afd2-b437f76cb0e2,30,2344520,DE,2024-08-11
143acc47-1241-4187-ac94-4f900fd17f82,31,2669320,DE,2024-08-11
d7293ffa-f11a-4d00-b6fa-cf2720a61d56,32,1085660,DE,2024-08-11
92a39b92-d764-4026-925b-1ca95fa5d4b6,33,377160,DE,2024-08-11
44465e28-1f91-445a-84df-a21746095bdc,34,1237970,DE,2024-08-11
d59bee61-24cc-4de3-9344-47f618619005,35,227300,DE,2024-08-11
a9345649-bcd5-4d1d-beed-b4862c4f36c7,36,582660,DE,2024-08-11
25c12e39-d7ba-4d51-9929-93dbb12455f9,37,570,DE,2024-08-11
945a7133-8553-48d1-b110-72f2d57156d2,38,1286680,DE,2024-08-11
326f207d-3135-46cd-9c5e-425734240688,39,5700,DE,2024-08-11
0d8c9ffa-dca5-4b4a-9746-41dd8bb20e2c,40,1149460,DE,2024-08-11
0e0dc341-14b8-4d16-b83a-41b56ba677ba,41,30424,DE,2024-08-11
31981030-2565-4366-be7e-2489c513c6a2,42,494840,DE,2024-08-11
3a02defd-cf43-4703-b40c-fba510bcd798,43,552990,DE,2024-08-11
f0c0581a-2065-4068-8be2-00dd5df053c5,44,1172470,DE,2024-08-11
f98ce420-2572-4a20-b86b-bcff3ac85b78,45,311210,DE,2024-08-11
d661ac0e-3637-46e9-9895-c49d13fbb591,46,2638370,DE,2024-08-11
61210351-3904-42d4-9166-826b57a0f17d,47,489830,DE,2024-08-11
0c371a51-3aff-4180-b33f-0d3a58194966,48,1476970,DE,2024-08-11
8d62a1f0-b22a-4d1d-8696-d390651f9e3c,49,2778580,DE,2024-08-11
1b1b71f0-3535-4869-8024-5de80d85d8e7,50,782330,DE,2024-08-11
e9982114-4c90-41e9-b577-c0771fadb65d,51,223750,DE,2024-08-11
f27e9340-7e81-4355-9497-7ac9c8039ed9,52,1151340,DE,2024-08-11
b8173f5d-13b1-4c23-b725-03e841c66e32,53,1716740,DE,2024-08-11
8ccaa158-b200-4a93-bea6-71c320476cdd,54,2662170,DE,2024-08-11
5827e33d-cdde-4a6b-b182-40952f28b20e,55,252490,DE,2024-08-11
240acaf2-938b-4c8f-8765-840bd8849087,56,49520,DE,2024-08-11
b085e9cf-5144-472d-91f6-f17deb8c8572,57,2195250,DE,2024-08-11
4f9248f5-83bb-47fb-bbbe-2d2729794191,58,359550,DE,2024-08-11
0ee99c3f-95f6-4cad-b624-636b93de5b5c,59,2751000,DE,2024-08-11
45476041-c295-4a8d-b675-13adbd379761,60,199943,DE,2024-08-11
c6fbdf7a-2b70-414d-9412-3701657c21e0,61,2358720,DE,2024-08-11
8cf9bbbc-9dc3-4895-ae41-31b14cff5eb6,62,2300320,DE,2024-08-11
e5a30e18-ff6a-4cb0-9999-61f4c0f67354,63,1172620,DE,2024-08-11
4d69b4a3-9dd4-4a25-bbf4-436b6e1fbf99,64,1203620,DE,2024-08-11
b601baae-02fa-4717-be43-156552b970d9,65,2943690,DE,2024-08-11
fde79051-0380-44eb-b69b-f0473d3e86cd,66,413150,DE,2024-08-11
7e5b76ce-4b42-4aab-bf0a-87a373c62f0e,67,546560,DE,2024-08-11
0fcacf6c-a591-4ab0-b4a6-0c8c946eee36,68,444200,DE,2024-08-11
4ef21bdd-5494-4066-a143-047c519d817a,69,2426960,DE,2024-08-11
76348433-bb1c-4753-827e-8095f2b40a6f,70,393080,DE,2024-08-11
9378a91e-0681-46c2-b585-a596b02f21e4,71,1158310,DE,2024-08-11
8d596c5b-b8c9-41f4-94ea-4face257c6c9,72,1250410,DE,2024-08-11
96dd1ed0-d067-4d50-be12-470b2f194fe6,73,1017180,DE,2024-08-11
7fec8d38-6a6c-404a-b3e7-3082b40e9ec6,74,39394,DE,2024-08-11
49070cf9-2c00-441f-b63e-cabb36c152e7,75,1962663,DE,2024-08-11
5df2e877-d415-4fec-b96d-0125d856224d,76,1144200,DE,2024-08-11
414b33ee-7434-4613-b5ad-563fbea2e015,77,983380,DE,2024-08-11
6aac5638-15fd-4604-b89b-3e6d79c805cd,78,1643310,DE,2024-08-11
15a20bd5-6290-47ea-ae1d-614d74aed2e2,79,202970,DE,2024-08-11
d903eb67-8187-4e45-8dab-e44740aad0f7,80,739630,DE,2024-08-11
e39eae57-54b6-41a4-8cec-61b3cf591a45,81,784150,DE,2024-08-11
1f73e73e-a33e-402f-b7db-a6b55fd341ce,82,1286830,DE,2024-08-11
4086ccbd-158d-41ec-b281-fe4bc1a99c08,83,2215430,DE,2024-08-11
d9088ced-2225-4a80-958a-5fa9eab1c461,84,2399830,DE,2024-08-11
0d8cb76b-3f6a-40a4-bb5d-740b974dabef,85,1091500,DE,2024-08-11
1035428e-cb76-4a2d-89c9-767823fde571,86,1326470,DE,2024-08-11
0cf9f8bf-4e45-4dca-ae70-a6585ee99dd6,87,1232580,DE,2024-08-11
5dc045c4-24e6-4a70-b7cd-0c8c2a84f326,88,294100,DE,2024-08-11
17cc19d2-fb94-4cba-abce-81154f2d4c61,89,550470,DE,2024-08-11
cac02fba-c85c-417e-88bb-a0d34a27ce48,90,1659040,DE,2024-08-11
e788f07e-607f-408c-a2fc-4030a3cbf12b,91,1248130,DE,2024-08-11
121d796b-23ed-4ce2-ba40-b3dafd15f8bf,92,1551360,DE,2024-08-11
8f80e02a-338e-4661-8b27-5cb65005dffa,93,1985810,DE,2024-08-11
0f17c905-9656-456e-9557-9d68a8f15876,94,62722,DE,2024-08-11
b2a03323-932a-4b57-94cd-71f41301255c,95,1407200,DE,2024-08-11
b5a243f5-8650-440d-b01f-d699fc63ce0f,96,2488620,DE,2024-08-11
762b6326-33e6-44fc-ad07-059e2d0306bc,97,440,DE,2024-08-11
cea15c5d-1102-42fd-aaf2-d718eb5b6d5e,98,1316680,DE,2024-08-11
6680266d-0821-4722-bdf3-759630bf670f,99,43920,DE,2024-08-11
1fa6b34e-6069-4bc1-8c33-da06fcfb8622,100,1230530,DE,2024-08-11
ca12e644-9604-408f-95ce-7d058a5f27f3,1,730,NO,2024-08-11
f169f3e6-baeb-4b5c-8e73-5756e974354b,2,236390,NO,2024-08-11
1d1fc8f8-c955-444a-88c2-34e1faa6468d,3,578080,NO,2024-08-11
8e2d3707-c0ef-4dc0-a55c-017d6affb1f4,4,2074920,NO,2024-08-11
c10ee17a-5036-42cc-a628-b0d2409db139,5,238960,NO,2024-08-11
fedd6c4f-4a86-4d78-b3f7-12b1df493811,6,2139460,NO,2024-08-11
cb17a125-e0af-4f7f-bfcf-0e8ec2effedb,7,33369,NO,2024-08-11
7fb11306-6603-4cf9-8ef7-30cd60dcf6be,8,553850,NO,2024-08-11
6968d71c-2f6e-4d12-8f53-c4acb1ba12d1,9,1245620,NO,2024-08-11
94ac90f1-0ff8-40b2-9b52-1008242d15c9,10,2183900,NO,2024-08-11
e8cdf869-fa0a-40b7-93b6-caa9e90669f2,11,1593500,NO,2024-08-11
fcf24714-d5b9-4486-9953-69da523dbcb3,12,1476970,NO,2024-08-11
c0b59468-390f-4c10-a1d8-e23394b6917a,13,397540,NO,2024-08-11
3447b707-798f-45c1-bfd6-f9099bc917fd,14,1085660,NO,2024-08-11
ad1e0e7e-560d-4fab-ab95-0bf768eee316,15,2215430,NO,2024-08-11
41e76a94-b46c-47eb-ab98-821068cacd66,16,2933620,NO,2024-08-11
7b396a84-d612-4e69-abec-88d0782f433f,17,271590,NO,2024-08-11
f06d6acb-bae7-4efc-83d6-ed602b4525bc,18,30502,NO,2024-08-11
34b54fd0-d142-4d6c-a37b-23fa83761b76,19,2778580,NO,2024-08-11
1381e9f2-27a2-4a57-a2d7-968e667b9f75,20,230410,NO,2024-08-11
3077032b-71a6-4a1d-a5e6-fe1ff7e47350,21,2195250,NO,2024-08-11
9c044be3-4400-4713-a156-1c4bcef442ba,22,39210,NO,2024-08-11
d238133b-cec6-46de-ac2c-90dc4fe324b6,23,570,NO,2024-08-11
85a36d35-25b4-4e24-8df6-d38d93c31ed2,24,2669320,NO,2024-08-11
871ddb77-7f65-4898-a6a1-d74732af596d,25,1086940,NO,2024-08-11
49f9bb36-995d-4e44-ad45-da9a6d93fcc8,26,38150,NO,2024-08-11
2c153197-4d99-467c-854b-654c891012c1,27,1222670,NO,2024-08-11
d5db4218-1984-49ab-8956-2cac9476e86d,28,5700,NO,2024-08-11
b5ad8aa2-d6f6-4fe6-8f1c-48766eb62204,29,1172470,NO,2024-08-11
0418cd97-a4de-4d40-b38d-3a821dfe7472,30,252490,NO,2024-08-11
023fc819-547e-4c96-9456-162fe2c65f06,31,393080,NO,2024-08-11
e8a645b8-a93e-43e9-a8bb-db2e59c21c7f,32,42732,NO,2024-08-11
3aba7aca-c239-4ca4-8bf2-29ff86d8ab0b,33,381210,NO,2024-08-11
2e6d7580-7592-435e-8f79-1dc38ca553c3,34,2567870,NO,2024-08-11
fd654eee-b6ec-4668-ab70-66a1405b17ea,35,489830,NO,2024-08-11
8fe591fb-b7d4-4934-b0f6-b9db24f2afcc,36,2638370,NO,2024-08-11
7506655a-2310-4297-bffd-83637153ccfa,37,1144200,NO,2024-08-11
e0e1193e-c8c3-4562-bc46-bbba1f6507e4,38,377160,NO,2024-08-11
72602ba2-34d3-489f-806c-04d08fe841fc,39,15435,NO,2024-08-11
7a7148e8-a14e-4e91-b246-b6fbe944d6be,40,739630,NO,2024-08-11
97dae3e8-bc3a-483b-96c6-a10b02b1e881,41,30424,NO,2024-08-11
2f649ca1-dfbd-4717-bbcf-5e2ee96ec7e7,42,306130,NO,2024-08-11
d230630f-b05d-493c-b5ce-8ecb8d7f4440,43,440,NO,2024-08-11
b912ad54-5850-44df-84a3-b78995e63e4e,44,1551360,NO,2024-08-11
eb59ff6b-2977-43ca-a2ce-5f72f1928501,45,1250410,NO,2024-08-11
61562407-32bc-4e6c-8a8a-99a232aa1346,46,1151340,NO,2024-08-11
08b40f3b-74f5-4408-81a0-d2661c6f2d0d,47,1237970,NO,2024-08-11
bfbc6e81-f083-4b5e-af24-e5875721a0e4,48,22795,NO,2024-08-11
dfcbe6bb-67d2-4d86-853f-572765308298,49,1326470,NO,2024-08-11
75732a26-72a3-4dc7-8afc-7bbafe17ce87,50,359550,NO,2024-08-11
b80d80fa-2056-4b7f-a94e-66ec30bce24a,51,782330,NO,2024-08-11
9ffdbfb7-ad92-4b34-9869-c8318a7c01d7,52,1172620,NO,2024-08-11
a58f8bbb-47d3-4c1f-880c-98054b9b839a,53,582660,NO,2024-08-11
a2ce5843-11bf-4f02-b8c6-7fb7b2b775c7,54,2142790,NO,2024-08-11
2648df26-7a90-4e2d-8f90-8053d55cc3f3,55,1286680,NO,2024-08-11
98cc5037-c5da-4db8-a15e-9f18c9d22894,56,2344520,NO,2024-08-11
5b45fbfc-46b7-4b2c-8552-13c40691af9b,57,199943,NO,2024-08-11
5e760ce1-026e-46b8-b33f-303d67a3db3b,58,1808680,NO,2024-08-11
7a3376f9-ec92-4465-b55c-a416b655e50c,59,227300,NO,2024-08-11
c4a22eaa-eb55-46de-9134-9d9ed3ed474f,60,518790,NO,2024-08-11
b9a8c38c-47ff-4cf8-ad69-9a421dfc168b,61,255710,NO,2024-08-11
aaaf40c6-a206-4d6b-894c-d998b9da0554,62,15402,NO,2024-08-11
2a098f01-635c-4671-a95d-e1e2da097d5f,63,2336880,NO,2024-08-11
11be730e-654f-4a35-9939-43851f579765,64,2358720,NO,2024-08-11
b70a73bc-dc27-49f2-8309-9cd47738f397,65,216150,NO,2024-08-11
cdb1ebc1-6b36-4639-85b5-096d01d9d9d2,66,49520,NO,2024-08-11
3263ff3a-7d82-44c1-b4a7-cf4131caf1cc,67,223750,NO,2024-08-11
fa2b8b42-3759-4851-afae-0a42c93bc739,68,1174180,NO,2024-08-11
c4cc0466-b0c9-4f93-a803-f4a73addb1d5,69,648800,NO,2024-08-11
b7c04300-dc21-4da5-b036-42d79af7a309,70,24386,NO,2024-08-11
796d8f64-977b-4aac-ba6a-cb3283876e8c,71,294100,NO,2024-08-11
01ac3dcc-c49e-429a-ae4f-c0c3e4af5b27,72,394360,NO,2024-08-11
5c87b34c-b74d-4de9-85dd-3688362d9469,73,413150,NO,2024-08-11
60d71b26-9f23-4076-81d1-7146baf6acb2,74,2488620,NO,2024-08-11
bdbfb489-7456-4eba-ba7d-b48f6181b1c3,75,311210,NO,2024-08-11
7e8b3b90-ce09-4528-b468-8c3999a4fff3,76,2400510,NO,2024-08-11
93040b5a-bf55-46ae-aa30-e4ab74118c59,77,1142710,NO,2024-08-11
df14399f-f6f0-4869-8219-e7fdf03df91a,78,1774580,NO,2024-08-11
17cbadb4-a731-4683-823c-d03755b5c418,79,1449850,NO,2024-08-11
1f7c868b-745d-4927-8f7a-ec1f9fba1ad1,80,1716740,NO,2024-08-11
7a6ba8bf-741e-46af-bac8-da45eb225f31,81,33550,NO,2024-08-11
51ffbbf4-0273-4120-bb05-5852db6dad4d,82,2396240,NO,2024-08-11
d6cccc1f-a174-4621-b243-66bc9ebb648f,83,552990,NO,2024-08-11
9dcead8b-95e2-4ec0-8408-838d1cf2c57a,84,686810,NO,2024-08-11
33461795-86d9-437a-a07e-85803e2704f0,85,236850,NO,2024-08-11
041cb304-3fbd-4959-9205-23c754561b3d,86,33608,NO,2024-08-11
7d836198-22b6-43d8-93b9-867096a4bb2a,87,1962663,NO,2024-08-11
46a53023-1b74-462b-ac21-c52d6834085e,88,2961880,NO,2024-08-11
b6e48ead-bee7-4569-9fcf-682064f01c96,89,1517290,NO,2024-08-11
1f5ccbb3-7f9d-4a6c-9f27-d9c83430f3ec,90,1232580,NO,2024-08-11
ba16bf79-7d67-481d-9104-6d02a3f4b9ee,91,2943690,NO,2024-08-11
52c8dd39-6306-4080-8a9d-dd8b428709b9,92,570940,NO,2024-08-11
1574e48f-ae8e-4725-b241-c2c16ddb5029,93,1203620,NO,2024-08-11
12f9cbf0-65f6-4e86-8edf-376a6e166424,94,2674290,NO,2024-08-11
fbceb90b-a16b-41d1-96e7-d92e52279602,95,1659040,NO,2024-08-11
bcba00b1-80d8-456e-b5b0-81487120a70b,96,1203220,NO,2024-08-11
2b299274-1889-45ae-adb6-2a119810c8af,97,1149460,NO,2024-08-11
f84f2aeb-3c3e-48b3-bd16-defcf160f798,98,427410,NO,2024-08-11
574153c8-1870-45fc-ad7a-328b35d71962,99,27773,NO,2024-08-11
8140ad8c-ab6f-444c-9c52-349df5b31ba0,100,1013320,NO,2024-08-11
a581d000-ccee-49ae-b197-111f1a0edc52,1,730,FI,2024-08-11
137c6382-e3ec-4b19-901a-ef71ed3b782b,2,578080,FI,2024-08-11
c2b1b408-80b8-430d-842d-20bd71f0bb6d,3,33369,FI,2024-08-11
8a48a275-e3c5-4639-bc8b-d1a9aa041e42,4,238960,FI,2024-08-11
8da65819-1062-4a93-b641-a944f20206ba,5,236390,FI,2024-08-11
48ec9fbc-c08b-49b7-a4b6-107151c959ca,6,1593500,FI,2024-08-11
9dcd569a-600a-4932-aa68-087949247664,7,1675200,FI,2024-08-11
ea8900c9-ff40-461a-bdb9-f35bb10f0f90,8,397540,FI,2024-08-11
96cc5ba9-39da-45cc-b5e7-408b6c7430c7,9,354231,FI,2024-08-11
710668a7-cf50-4475-8c2c-ae35017b4b63,10,1222670,FI,2024-08-11
4b608385-6af5-4c65-b052-0a4ee1fc0d1c,11,2933620,FI,2024-08-11
8a986dc6-eed1-46ec-8666-b7b007c1f64a,12,440,FI,2024-08-11
963098a4-e23b-48f6-9603-966111eec2bf,13,1808680,FI,2024-08-11
a681070f-eaaa-4408-a12d-8a26613e36b8,14,306130,FI,2024-08-11
5a419817-4409-4d54-ae4c-8cca4653a982,15,1059530,FI,2024-08-11
618f86d4-a776-441e-b5e5-6635998c7c9f,16,2074920,FI,2024-08-11
2e60ed9a-c18c-46cd-b97d-2f32af5ee0a2,17,271590,FI,2024-08-11
b6c5b3f4-9926-4373-adb9-4cb62c999710,18,570,FI,2024-08-11
56f393bd-3da4-4649-87cf-935a5ce6eda1,19,553850,FI,2024-08-11
343f9a60-7ebf-412f-9e4e-0cdc26d8fa41,20,1245620,FI,2024-08-11
656ebdcd-1d67-413c-9bdc-0021cab076c4,21,230410,FI,2024-08-11
e101ca55-4dfd-43af-ba6e-c30c26eae242,22,5700,FI,2024-08-11
d05fe939-4ea1-47be-80fc-96744e1ff41b,23,1086940,FI,2024-08-11
43851f2d-4563-4bda-afd4-9aae551709a4,24,39210,FI,2024-08-11
14caba18-a2e5-4169-bb35-f9cc63054d43,25,30424,FI,2024-08-11
a8da4281-4b36-415a-9aab-b7c58b2f3253,26,377160,FI,2024-08-11
1ce059c4-6131-4399-b58e-47a33170a8ce,27,199943,FI,2024-08-11
14879558-3ee2-4818-b45a-6e840b468720,28,489830,FI,2024-08-11
dd10204e-dc27-4399-9c34-27474296e5e3,29,2215430,FI,2024-08-11
13088431-2be1-47c3-b254-b142b078808a,30,381210,FI,2024-08-11
beb964f2-45ec-4f44-ac65-fe4c7d1ed475,31,2183900,FI,2024-08-11
a3ce01a4-9267-4d36-8fea-6a94b1e31323,32,38150,FI,2024-08-11
e5c2d6ab-a0d8-48cd-ba17-9e7ec4de57cd,33,2778580,FI,2024-08-11
23ee1672-3e10-4fda-a1f4-69a60e7e414a,34,1172470,FI,2024-08-11
4917a03c-4123-4a3b-b2d1-b1db914e24c6,35,359550,FI,2024-08-11
05d50dc7-9dba-4b38-8298-65f237bb61bc,36,782330,FI,2024-08-11
6f06d783-e914-4bd6-b1ad-9833486571c7,37,2638370,FI,2024-08-11
e6cf4d75-867c-4e5e-9796-f428796e2be9,38,15435,FI,2024-08-11
830e7cd3-870b-4725-8300-47da2e90bd5b,39,2567870,FI,2024-08-11
ed696b41-93a2-49c7-89cc-ae6f69104587,40,1091500,FI,2024-08-11
33328207-33a6-4a26-a9d1-098e2ee418b8,41,2139460,FI,2024-08-11
fa9dc50f-d85e-4c11-88c3-1f74da856bd5,42,1286680,FI,2024-08-11
7f2fd55d-bda6-491f-9e55-afc96982bafc,43,393080,FI,2024-08-11
3ab1a9d8-7898-47e0-b97d-3ad6bed5fde5,44,1716740,FI,2024-08-11
6a3e7d13-c24d-42dc-98c2-54856f922239,45,1237970,FI,2024-08-11
2ed6ebb1-015f-4800-b72a-4c80ad823bd3,46,24346,FI,2024-08-11
04b0a298-3b34-41c5-b96b-0002d34aef0b,47,1085660,FI,2024-08-11
4b2ae404-632c-4f97-abd8-b3e88c860102,48,2141910,FI,2024-08-11
29bbfe8b-d251-468f-8a2d-53b74287bfc9,49,28590,FI,2024-08-11
5e36afc8-7351-4591-873c-51d5c47f6bc4,50,49520,FI,2024-08-11
1f394956-bc79-4b7a-ae46-1249d085dac4,51,427410,FI,2024-08-11
0f6ba818-0111-4fe1-8561-ef7b64ed7a89,52,311210,FI,2024-08-11
4f86b60e-7cc6-4137-a09c-f96d49bb5733,53,252490,FI,2024-08-11
74d4046a-7a90-4d2a-b219-7a483318cf25,54,227300,FI,2024-08-11
adfa2aae-6252-42e0-a49b-e60593192304,55,413150,FI,2024-08-11
4fc474db-de81-4cfa-94a9-e75190d3bca4,56,1151340,FI,2024-08-11
3361f74e-f9c7-4f01-a29a-924993460020,57,1343400,FI,2024-08-11
5c8932d1-eaab-442e-be4f-3599184849cd,58,1476970,FI,2024-08-11
c4886f9c-2f09-47b1-8ef9-b16ed6e3aa0b,59,548430,FI,2024-08-11
24214c64-56ad-4655-96a2-52f36a450a11,60,2669320,FI,2024-08-11
dabc2795-3b04-4e52-ab8a-1c58ff5139fa,61,1232580,FI,2024-08-11
ad04ea8a-e76f-45b2-a559-f694b83785b4,62,1172620,FI,2024-08-11
0eaa320c-bb2a-4b71-96b0-981219cc8c32,63,516750,FI,2024-08-11
7a718828-3be2-46b6-bce2-26d7bc5639a2,64,1144200,FI,2024-08-11
4dcc9b85-3ffa-498d-90ee-013e6363d121,65,294100,FI,2024-08-11
98d035b2-dcb3-4a66-bd50-7b2472e76c43,66,1059550,FI,2024-08-11
deb32564-571e-4a5d-9176-2c1e432f632b,67,2142790,FI,2024-08-11
943fd399-cfa1-4d7f-bfca-f78a56c598ae,68,739630,FI,2024-08-11
17027020-08a5-4175-bad4-5d27c8918b43,69,2344520,FI,2024-08-11
20a55e4e-5c31-466f-b7e0-899038b1b19c,70,2280,FI,2024-08-11
a1d277f9-d859-470d-a2b2-95dd5e108fec,71,1282100,FI,2024-08-11
ee6cb2a0-430b-46a0-8d64-0d7484c312cf,72,686810,FI,2024-08-11
a949541c-1d5e-4949-8250-294df7720022,73,10539,FI,2024-08-11
fd221141-0791-42c8-8f3a-264aeb1d87e6,74,1407200,FI,2024-08-11
17a1e1fd-a181-4937-b7bb-80bb745c0eee,75,4308,FI,2024-08-11
e3830bde-870d-42a9-a623-0b9a04961d62,76,386180,FI,2024-08-11
d75357be-205a-431f-b2b2-9fd98efb6de9,77,33608,FI,2024-08-11
941036a3-98cf-489a-ae7b-a11487756249,78,284160,FI,2024-08-11
1f67c23a-9f71-402c-afba-16daa8687929,79,27500,FI,2024-08-11
a075df91-e460-40ea-9857-78ce6857b3cd,80,2400510,FI,2024-08-11
33a27afb-ce9a-463e-97e8-e4d7d4f42a5e,81,202970,FI,2024-08-11
cbd7331b-0564-4ddd-a90c-ff5fac100ec9,82,1562430,FI,2024-08-11
8ff17606-0185-431b-bbca-7b3ffd987dd8,83,1849250,FI,2024-08-11
0eaf79a7-d5b0-4bc3-991d-c7b5ccf7c6e4,84,1449850,FI,2024-08-11
641957a0-655a-44f1-b23b-0ca7838668b6,85,648800,FI,2024-08-11
f417bca3-c05e-457d-9b7c-b26ceb132629,86,1659040,FI,2024-08-11
595a1c97-e979-4ecf-b9cd-794ccb9095ec,87,380600,FI,2024-08-11
09a14373-1f86-43a1-bf27-828a06a8d9e2,88,582660,FI,2024-08-11
26c4e0f2-ee53-4abe-8efb-4cb563cff2ae,89,2751000,FI,2024-08-11
4854f7b9-7e1f-4491-9e7c-a8fa6258a619,90,762491,FI,2024-08-11
d425eb96-9829-45ff-b911-1c01ae30dfbb,91,1599340,FI,2024-08-11
f374a7bc-51f8-4ba3-b74e-4216f775ed6f,92,261640,FI,2024-08-11
65c62a34-77c4-43c6-982d-af2576aad745,93,22380,FI,2024-08-11
4345064c-a132-442d-b509-52076883d131,94,1643320,FI,2024-08-11
17a18975-f06a-41b8-9d65-60ef82038e76,95,319,FI,2024-08-11
bb4fae0c-7f60-4704-a543-19d0695168bd,96,1332010,FI,2024-08-11
9f6774dc-4a84-4b81-a790-fdbc933f3f03,97,1517290,FI,2024-08-11
3e21aee9-6f4d-4d51-b96e-1c371b0340ad,98,2396240,FI,2024-08-11
bc5062ee-405d-44fb-8dad-492394669bf3,99,2138330,FI,2024-08-11
9f0473f0-2908-4912-892a-fce25f136a81,100,546560,FI,2024-08-11
e98e856c-37e5-4878-b425-54d9668d67d7,1,578080,ES,2024-08-11
36d21b05-eccf-48a2-9e04-5d0ccd1abf6d,2,730,ES,2024-08-11
965ed5a1-b4bd-4986-9630-baf2b1116d66,3,1675200,ES,2024-08-11
60f89e11-802c-4af0-92be-ac62f15abb27,4,1593500,ES,2024-08-11
6fe9c428-983b-4c89-99fc-6de64fd0481f,5,2349820,ES,2024-08-11
2de1c78c-a9eb-413b-8f8e-bb7d4cc7505c,6,2933620,ES,2024-08-11
2ab9c51a-835b-405f-8a62-f852ca736bef,7,33369,ES,2024-08-11
7dfbbde3-bd6a-46d8-9907-07cfc19f98f6,8,1086940,ES,2024-08-11
c53bd598-741b-4728-a115-db6650b82922,9,1203220,ES,2024-08-11
be59f538-99f3-483a-b45a-0cbfffc7d197,10,397540,ES,2024-08-11
f34bfc0d-ac01-44b6-995f-acd4a30bc790,11,311210,ES,2024-08-11
3c9a683a-26a3-451b-bfa0-ab0ae7cf544c,12,2669320,ES,2024-08-11
ea9e5104-4c90-42a5-8e0d-29c41be69a47,13,2751000,ES,2024-08-11
ebf5ad6d-7742-46eb-8267-35a947b57035,14,2358720,ES,2024-08-11
1448a0f1-6366-4c33-92df-a47f07bef577,15,2183900,ES,2024-08-11
edc6d741-4009-4b5f-b0b0-dff2c0f903f4,16,2638370,ES,2024-08-11
d1a56bec-a0e8-4946-90c9-b9945fcc13fd,17,38285,ES,2024-08-11
53d409b1-a35e-4861-81af-1202e58a5e66,18,582660,ES,2024-08-11
4af5b5c3-b350-49d8-a32b-d8fb5d9a9d80,19,38150,ES,2024-08-11
e7754499-c42e-4c90-aef7-6e03d37ab02a,20,782330,ES,2024-08-11
a04a0bc8-a643-4a17-82c4-6966870acc6a,21,252490,ES,2024-08-11
b869269c-08b1-47b4-af01-365c94d76d06,22,381210,ES,2024-08-11
df1dc268-7af9-414d-82ff-d123c850d932,23,2074920,ES,2024-08-11
4cbb12c5-396c-445e-908b-80182bda8828,24,2139460,ES,2024-08-11
0e602c06-223a-43db-8b2f-eaeed9df1e52,25,1245620,ES,2024-08-11
ddb4591a-b4d4-4428-a52c-2da93f85e2e6,26,739630,ES,2024-08-11
05f966cc-8362-47ba-ae9d-08bc8ff3b117,27,230410,ES,2024-08-11
aca51f39-def6-4d7e-9c71-b3c5e607cd1e,28,553850,ES,2024-08-11
65286a47-353a-4af9-a044-b25d004c099d,29,2344520,ES,2024-08-11
7c5e18b9-2191-4ece-a9b0-65df86fdde4b,30,1599340,ES,2024-08-11
9a17181d-a921-4fad-b3e3-03509ac8e116,31,377160,ES,2024-08-11
6773dcf3-468b-4640-8894-1ed5068152aa,32,1237970,ES,2024-08-11
d342b2f7-f7ee-4c41-84f3-5590a7a8d433,33,1059530,ES,2024-08-11
3d783a9c-ca2a-45f3-af99-6a1471fa20f5,34,49520,ES,2024-08-11
23e6a661-3fa0-4163-b46f-96b7ca0e80e2,35,413150,ES,2024-08-11
771b6fbe-5b27-446a-be60-e2f88757248f,36,199943,ES,2024-08-11
3e963290-dc06-4b22-98c4-c3b86f64bcbc,37,1790600,ES,2024-08-11
07854ec9-8e5f-45cd-89cc-205d21e5c132,38,489830,ES,2024-08-11
32512c9c-7929-4748-9ea9-6bdf25b304dc,39,2808930,ES,2024-08-11
a5f0b016-9627-48d5-bedf-b54be3ee257a,40,1286680,ES,2024-08-11
5360429e-4ff5-4870-83c0-d3378d23d58b,41,354231,ES,2024-08-11
9d0f082c-c790-44c0-8a48-694eeb9fd08c,42,271590,ES,2024-08-11
823c140f-feb6-4f6f-85b5-6eddca35a690,43,2195250,ES,2024-08-11
fb564da3-1842-4ece-b2ef-67dc0d3b3e48,44,202970,ES,2024-08-11
62660bfb-0a1e-40d0-a9e3-c958672a5011,45,41962,ES,2024-08-11
9ca8e59c-1cea-4261-80e3-b04a6671394f,46,2142790,ES,2024-08-11
29eb046a-0281-44c0-bef5-db447d94dcc9,47,15366,ES,2024-08-11
5b563f60-5992-41e3-93cb-30d4c755e671,48,570,ES,2024-08-11
e673902a-8a89-4ef3-8d8f-f682638db62f,49,15435,ES,2024-08-11
379987b0-9d95-4fc7-9abd-fd70675abffe,50,2778580,ES,2024-08-11
ae1e1890-447c-45ee-9ea2-0a2e71f05ca4,51,306130,ES,2024-08-11
59943a25-395a-4575-bc89-8a0b20da9f06,52,227300,ES,2024-08-11
d3aaf448-5e7f-4d13-8050-b7c6c7d21fd9,53,1172470,ES,2024-08-11
946e7b48-79b3-47ec-a481-0f81ecaae80b,54,2399830,ES,2024-08-11
bfe3e9d9-18a9-4e09-a5fa-815402e9961c,55,1716740,ES,2024-08-11
d0921d82-03ed-4155-ae5f-8277cc961d2f,56,2396240,ES,2024-08-11
1f300cb4-633b-47fe-bfb5-4a431d7f31e9,57,238960,ES,2024-08-11
96fa2440-3691-447a-9215-485b58747b48,58,1222670,ES,2024-08-11
43e7b6b7-f410-4391-be81-77fb47d2cd22,59,2305840,ES,2024-08-11
d42786c3-de0a-40e5-bc85-df89d36b8f8f,60,2141910,ES,2024-08-11
fa40c3bd-ed2c-4cff-beab-3c82d31a5f9c,61,2215430,ES,2024-08-11
1683491b-1685-4ec2-9ba6-00ceed303fd4,62,2516570,ES,2024-08-11
9e96c71f-55f7-49b6-b9e6-68cfb0ffad6e,63,236390,ES,2024-08-11
d9d64977-4868-40ee-9592-2a6df39f9a9e,64,1985810,ES,2024-08-11
9e6d511e-c387-4de8-836c-b0a3c608450f,65,2280,ES,2024-08-11
88e1e156-f2fc-438c-83a0-13a8be3b0dc5,66,546560,ES,2024-08-11
4ea70ebf-b443-4351-9941-9f36f28a7827,67,274520,ES,2024-08-11
58831c03-2676-4591-b163-928b5fe7a014,68,261640,ES,2024-08-11
7267a1ca-37d8-4e63-9850-18198ecf763f,69,359550,ES,2024-08-11
41630ffa-ae53-4571-840d-ec3ace6910bc,70,2526380,ES,2024-08-11
f550700f-fc88-46aa-9192-0b328abdd2ed,71,960090,ES,2024-08-11
3bb540ff-7d23-43e4-a524-4a9f2b942d1e,72,43829,ES,2024-08-11
87d59726-23c2-4326-ac41-980184491a29,73,550470,ES,2024-08-11
85219479-9691-4f5a-a7dd-15bdf5c6779d,74,1085660,ES,2024-08-11
b1b7a59e-adc9-4fc6-95ba-3fb149a6b624,75,379720,ES,2024-08-11
2eb764d5-fd37-4b2f-b2d1-f90f1f208c4c,76,39210,ES,2024-08-11
ba4e2ae0-b407-447d-9aaf-4f1783b19f24,77,29097,ES,2024-08-11
45f96dec-22ba-44df-b960-c3a0e79c9986,78,2567870,ES,2024-08-11
85d46880-5971-4a8f-aecd-7c7314db612d,79,37533,ES,2024-08-11
48c8500e-a77f-4418-81e8-1e6648d575f0,80,2488620,ES,2024-08-11
4ce7950f-dd74-4197-88be-0f2dc347a88c,81,216150,ES,2024-08-11
ba2052e2-8584-4e83-88a3-29ab849024be,82,1151340,ES,2024-08-11
864d09ff-5439-4313-a51b-ddc5da85ec48,83,436150,ES,2024-08-11
bcabcc85-c106-4960-9faa-bcf0c7d9c95c,84,1938090,ES,2024-08-11
dba17f97-38bd-44ba-8918-9c01268642ad,85,2670630,ES,2024-08-11
c1d8c1a5-f4cb-4068-81b5-bed88f384971,86,346110,ES,2024-08-11
12d12465-cf50-4f12-b447-a6339519ce26,87,5700,ES,2024-08-11
947d1a70-7e4a-499e-848f-558dabf7f1f8,88,393080,ES,2024-08-11
9ea8963f-35b0-4a56-9f30-c716ab1d8af2,89,2016590,ES,2024-08-11
83415b60-c9cf-43bf-b682-e2316bba7271,90,2668080,ES,2024-08-11
835fa180-4623-4145-a4af-98968cca623e,91,1203620,ES,2024-08-11
78d6b805-48e4-41ac-8fba-7f1268f4b2c0,92,1092790,ES,2024-08-11
2b59bf2d-f089-40eb-85c2-f676699af33b,93,440,ES,2024-08-11
a26a34d8-0bc1-445c-9a23-5fa892cd47b6,94,1517290,ES,2024-08-11
9042e141-bc8e-44e8-abf7-005769bf37eb,95,27500,ES,2024-08-11
2558e037-d1e2-494c-bcc0-a015d6c8a7cc,96,1665460,ES,2024-08-11
a23693f5-505a-4fc4-a72b-704c65cbc32b,97,1962663,ES,2024-08-11
efcb02de-0709-4088-b74c-6e19b8abc1f3,98,1172620,ES,2024-08-11
6ba0de6d-41de-4000-8a31-0680f958bc63,99,30757,ES,2024-08-11
b630143e-1189-4174-aa1d-7076129421e6,100,2379780,ES,2024-08-11
df0e5b24-40b8-4f63-9b9f-4d9bc0cfde7a,1,578080,KR,2024-08-11
60d1d47e-f522-4208-9eb4-940b2a8d173b,2,2074920,KR,2024-08-11
0e321d2e-a84f-467b-bb86-1265b3697b74,3,1049590,KR,2024-08-11
b14c2960-448e-4455-a247-0dcf7a9496c0,4,2139460,KR,2024-08-11
0f386deb-caae-46e0-b945-30f40df7ae80,5,1449850,KR,2024-08-11
3f971040-1987-4a16-a367-18933b81cbce,6,1593500,KR,2024-08-11
cbae12d1-8cb7-4371-a875-04e992900937,7,1859910,KR,2024-08-11
ee4880c8-72a7-467c-a7ea-5b2a38290333,8,2344520,KR,2024-08-11
3bb39e92-ab3a-4707-85dd-2b542ba3af94,9,1245620,KR,2024-08-11
3ef67728-8431-4c86-8c11-80d8b1fcd529,10,271590,KR,2024-08-11
4aa6f054-4418-4ea4-9718-fde1285a3e58,11,5700,KR,2024-08-11
d5e0d1c6-0216-442c-a9ee-54450abe6192,12,985810,KR,2024-08-11
d854779e-1ec2-49bd-b091-a0f8bf18541f,13,2567870,KR,2024-08-11
5ce978d9-fea0-4812-b4c1-73cb0bf2ee91,14,1085660,KR,2024-08-11
34196b0f-b21d-4cb6-83cd-f80e90db2492,15,2183900,KR,2024-08-11
015ab90c-2fa5-47cf-a1c8-254a1ae7c11b,16,730,KR,2024-08-11
75f6dd5b-d7e4-402c-a3ff-27444ecefc5e,17,1222670,KR,2024-08-11
61f1803c-4f8a-479d-a7b3-02acced48c1e,18,236390,KR,2024-08-11
0e730ce6-e63a-4221-8b74-47466442b4cb,19,1985960,KR,2024-08-11
5347e04b-8e62-4392-852f-d155cb7adc7d,20,108600,KR,2024-08-11
3196c465-b9d7-4a21-8b8e-d9b120dc1484,21,1086940,KR,2024-08-11
33d4c21b-ce79-4864-acab-8dfab32f329a,22,33369,KR,2024-08-11
9ab0d6ca-b87e-4218-ba63-e7b892e1b8e8,23,413150,KR,2024-08-11
889f40e4-ff66-4e9f-9ede-207361031670,24,1629520,KR,2024-08-11
c488f5a9-b37b-486c-8bf2-782ce64293a0,25,1623730,KR,2024-08-11
fa6713fd-c2c5-41f7-bf9c-317fae335f27,26,1089090,KR,2024-08-11
d1bfadf7-3644-4ff2-b555-512717a52707,27,1172470,KR,2024-08-11
2386d83e-a3e9-428c-8ce7-c26729ff52c7,28,1973530,KR,2024-08-11
adfc6911-4bb4-46c1-9957-b45875b89c5f,29,2933620,KR,2024-08-11
d578946d-df54-4836-97dd-a8763c1c7885,30,2526380,KR,2024-08-11
6a25ffd1-a7c0-468a-9e6f-2a6b0723b812,31,230410,KR,2024-08-11
62899063-f86f-47a8-973d-8941e14b7a18,32,814380,KR,2024-08-11
0bc8f53e-2cdc-44b8-8a2c-4bc1590bb40e,33,397540,KR,2024-08-11
631c8e47-e0c3-4fe0-97f4-6428638d29b2,34,43117,KR,2024-08-11
6852b030-0baa-425a-8fa8-e5e8baea8f9c,35,2778580,KR,2024-08-11
23babff3-44d6-468d-a43e-2ccabc21b5e3,36,2668080,KR,2024-08-11
5533d6c0-90b6-4c11-a002-5a5c5c1b754f,37,553850,KR,2024-08-11
2b4ade9d-ae5d-4b24-94d2-1e6283ea9110,38,30424,KR,2024-08-11
0c461780-231a-4544-87ce-3f8abb274100,39,835570,KR,2024-08-11
08675994-c82a-4eea-a022-e20e5b004975,40,1966720,KR,2024-08-11
0be04559-5346-47b1-b9c8-612c98ff3e27,41,1237970,KR,2024-08-11
b78b390d-093b-4772-ab1d-8c31caf033b6,42,2405,KR,2024-08-11
37b2b76e-611e-4382-a590-3b13116e1de0,43,2252570,KR,2024-08-11
515cea4f-48d2-45f4-8fae-bd301caccb5b,44,1091500,KR,2024-08-11
3bb53e67-4427-4d3d-85b9-ea54d6d2969c,45,2669320,KR,2024-08-11
60847faf-bdc0-442f-9429-b04d6afac9e5,46,2215430,KR,2024-08-11
5e619b88-2d20-4b6b-bb7a-99e95da68968,47,294100,KR,2024-08-11
326cac2f-3b02-4c60-9b92-e5074c273143,48,570,KR,2024-08-11
f3e877f3-65f9-4a73-bb9a-223d2f547c69,49,1973710,KR,2024-08-11
a7d6d9ab-f22d-4a10-924d-b57c4982f97b,50,782330,KR,2024-08-11
bc3ec78d-3181-4a7c-934c-d000715ac023,51,960170,KR,2024-08-11
af0186bd-5476-44e7-981a-8a340391b4e4,52,648800,KR,2024-08-11
4096eb4a-e0ed-49fc-8c9c-a56e3d523694,53,2000950,KR,2024-08-11
4358f040-afb4-432e-9744-58a44b96bf49,54,2358720,KR,2024-08-11
d35b0559-b2a2-48d5-80f6-e3abea2e3cf7,55,381210,KR,2024-08-11
c8adb22d-7bc6-495a-8f2f-189f7dd6236f,56,1778820,KR,2024-08-11
9d10b919-2445-46dd-bb3f-f0997bd6ca19,57,2336880,KR,2024-08-11
df6c9a44-0d48-4dac-bd8d-e79b65219776,58,1144200,KR,2024-08-11
ba3077f2-91c9-4763-b121-3be9ca8ff218,59,359550,KR,2024-08-11
346a3f8d-f44b-4d02-876e-553ee2c004c7,60,2646460,KR,2024-08-11
ef2139f0-eb49-4cff-82d1-6017c081b3c6,61,1943950,KR,2024-08-11
1e65b327-a0db-4b25-8c72-cbacbf4dab82,62,2963870,KR,2024-08-11
ffaf6318-83f7-488f-b8b6-8ed13c437cae,63,2751000,KR,2024-08-11
ffaf761b-0fd7-4b75-820c-e95cb46587ec,64,252490,KR,2024-08-11
7b0f8f21-9110-4396-a324-a832c2fe7614,65,250900,KR,2024-08-11
a5fe42f9-f06c-429f-ab65-c9285366981c,66,673750,KR,2024-08-11
b0859804-ad98-4014-aa90-87b29327ce56,67,377160,KR,2024-08-11
587d43a1-0635-448e-833c-244c159df606,68,898750,KR,2024-08-11
fcf6c35e-3ea8-472e-89e3-8047fb6d4fa8,69,546560,KR,2024-08-11
a4fc7635-b10f-46fa-ae2c-4b9fa08208d8,70,1282100,KR,2024-08-11
d08f1565-b9cc-4758-a14c-fc58cbdc7383,71,1665460,KR,2024-08-11
59de236a-e5ef-400d-a67a-a7e7ed1fcbf6,72,41595,KR,2024-08-11
6d8f8110-571d-44d6-b270-01699ca23fc0,73,1604030,KR,2024-08-11
7b3cfcb1-77ed-4a06-bd93-838e7baad45d,74,739630,KR,2024-08-11
bf357236-a591-4def-8ce7-76d269d551e1,75,2670630,KR,2024-08-11
4c9a16a3-65be-48ee-b166-7093ac9783ff,76,1203220,KR,2024-08-11
b5cd039d-4f14-41e4-ac1b-12d52443f12b,77,43041,KR,2024-08-11
eaf1758b-5784-418f-a223-98a107b7291a,78,1203620,KR,2024-08-11
cc370109-4ceb-4588-945b-7c791764e366,79,199943,KR,2024-08-11
938ad4ea-8c31-4d44-81bd-22da36ee1627,80,489830,KR,2024-08-11
3db038ae-76e1-46c6-898c-687c4a9e3fc6,81,223750,KR,2024-08-11
3f820169-4cb8-4026-ac38-b5926223d6c3,82,758870,KR,2024-08-11
b87a2b2b-01ea-4c76-a424-5303e2bf5547,83,1551360,KR,2024-08-11
e21b7194-e396-4530-a806-c6bb9f868c16,84,3065160,KR,2024-08-11
b83c9811-2d8c-49ea-9663-82c1eb1e494b,85,2943690,KR,2024-08-11
81fb0c1f-5fa7-4987-983e-2d3b30a8e914,86,1672500,KR,2024-08-11
a7f91d25-c480-4695-af56-04ae0112811d,87,1517290,KR,2024-08-11
2d162746-698d-4918-8136-39a0e9893b5a,88,1659040,KR,2024-08-11
4ce83efe-834f-4df9-92e0-6002ab9e8d19,89,548430,KR,2024-08-11
5ed83d73-f073-4935-8aee-40f1b0b23743,90,1868140,KR,2024-08-11
bfd0ef71-17ee-4703-9f4a-804d6776faab,91,1716740,KR,2024-08-11
6d2a5ba6-aeea-46de-9556-e012f3792495,92,582010,KR,2024-08-11
5822fb18-f936-4538-af81-bee4842ed939,93,552990,KR,2024-08-11
1e5a6356-b7b5-4226-b7b5-98f0dcf6c030,94,1174180,KR,2024-08-11
78ea3dd3-582a-4fb5-9855-9b47974d795c,95,5699,KR,2024-08-11
5fd5d064-73b4-4ccc-8c2e-859af8a32123,96,346110,KR,2024-08-11
f49f9073-fac0-4f76-b94f-cdfd680a0f25,97,1562430,KR,2024-08-11
23afd764-955f-4987-b75f-2028edc4ff9e,98,2881650,KR,2024-08-11
0881b4ef-16a1-4b54-9763-f134f74c43a8,99,227300,KR,2024-08-11
0ceaee30-bd9b-40d7-9521-ed4c692a6f69,100,2602770,KR,2024-08-11
1f6636dd-08ef-409d-bd8c-db333817a4c0,1,2358720,CN,2024-08-11
03dcba73-26fe-4bab-8c3c-e712567ca973,2,578080,CN,2024-08-11
0863c9b0-1cfe-40e3-b4f8-06b75d586ff9,3,730,CN,2024-08-11
b22d4988-1d5f-4a91-ba45-258cf01374f9,4,1203220,CN,2024-08-11
fba30288-5327-4d70-b9ea-aaa6af7cb963,5,1593500,CN,2024-08-11
aa19affb-9bf3-420a-8144-2ebed180694e,6,2344520,CN,2024-08-11
c21ec7e2-4bf1-4013-933b-84a55088612c,7,1237970,CN,2024-08-11
24b4e33c-be35-40aa-b302-93b7c8b36935,8,413150,CN,2024-08-11
cead79bd-481e-4721-b1ca-14041fa58bc7,9,397540,CN,2024-08-11
b31ffa78-1338-4245-9d71-9d1eea89446b,10,33369,CN,2024-08-11
194ae8e9-b34c-48f0-a79f-a13f404c1ec9,11,431960,CN,2024-08-11
f55aa7b8-a9e9-4af3-8fa5-bb4bb1b81750,12,2183900,CN,2024-08-11
69c984fc-6479-4230-a58a-dbc56fc757b6,13,570,CN,2024-08-11
e743dce4-1e4d-4a72-89c5-ab328b4d7c15,14,5700,CN,2024-08-11
9872691d-06dd-4d75-bc35-59cf323b2ce8,15,992300,CN,2024-08-11
4bcd4844-8adc-4a41-9052-b961562386b6,16,1172470,CN,2024-08-11
45ecae9e-b641-4952-8bd3-892b76216f25,17,814380,CN,2024-08-11
fdd4b0cb-d59e-4864-a929-eca0a5df9da7,18,1238810,CN,2024-08-11
9110129e-c6c7-4331-be26-51daf250b941,19,271590,CN,2024-08-11
baf183fa-d975-453a-b358-e1fc174ae523,20,13560,CN,2024-08-11
bc40b3fc-9cd3-4451-a4d6-180d77177dbb,21,2074920,CN,2024-08-11
166b88ba-e9f3-4863-9fb1-4a0db8a82776,22,2933620,CN,2024-08-11
718a74cf-dd6e-49af-abdc-e4a52b078a7d,23,1245620,CN,2024-08-11
14ccef9c-4765-4f44-8df1-7caec8b68ca3,24,1477070,CN,2024-08-11
f198a450-6d88-4b55-931b-8d88e03f63d1,25,552990,CN,2024-08-11
a4cd61c0-990d-4f48-95a6-50926b0e8ad2,26,2672610,CN,2024-08-11
223f5378-c599-4fae-8846-d626f29dfa52,27,230410,CN,2024-08-11
946c2f63-3516-49a0-9282-a70e0506afb4,28,1180320,CN,2024-08-11
1269cfb2-9b66-41a0-8868-df4abd5370b3,29,2139460,CN,2024-08-11
d325cd54-a1cb-4fe9-ad9e-96898611dfb5,30,306130,CN,2024-08-11
ed4fe987-343c-48a6-a2c6-937d019dfcfb,31,2875140,CN,2024-08-11
4a8f8890-26de-4f43-96d9-f79d6a2333d8,32,1517290,CN,2024-08-11
e188b155-ea6f-46bf-9bcc-af3225d031b7,33,2567870,CN,2024-08-11
73535d5b-f609-4ef7-830c-c4d4a19b76b9,34,2338770,CN,2024-08-11
1e452b13-3080-463f-8e8d-c028adfa3476,35,2445690,CN,2024-08-11
39af0df5-172c-40f0-af71-3cd51655a032,36,2877160,CN,2024-08-11
d3bba5de-ca0e-4cae-88c9-66d073fb087a,37,1329410,CN,2024-08-11
b3a23d70-d3cb-4988-ab83-a5fc9dacf0a8,38,381210,CN,2024-08-11
a11d507a-f7ab-455f-a9be-8553ae781576,39,2778580,CN,2024-08-11
8ba54a4c-a056-4ff4-a8ce-bdbfa787dabd,40,739630,CN,2024-08-11
0ac2f119-e5c5-4505-98ec-9ce7bc73c0c4,41,1091500,CN,2024-08-11
af7c2f17-ab43-423a-9221-a08837303c9c,42,447040,CN,2024-08-11
f29f9886-3f4c-4fb7-a7a2-3b0d93d8388c,43,1086940,CN,2024-08-11
53657e90-fe1a-402c-adeb-23eb6f1b534a,44,548430,CN,2024-08-11
33e907a3-2826-4697-84b4-925ce13f5b49,45,359550,CN,2024-08-11
dfe4416f-1a01-44e6-a4e7-6fe4d4e9eb2a,46,2305840,CN,2024-08-11
091cae56-d5e0-49f9-87b4-969060f076c7,47,2849080,CN,2024-08-11
bb6cf6d9-3b13-4223-8df5-4c07eeb4b152,48,322330,CN,2024-08-11
49c9a55d-77f4-4a1d-addd-9048ae5a3473,49,673750,CN,2024-08-11
6075c05b-14b2-4a5b-87c3-8aaa1f9fc18a,50,736190,CN,2024-08-11
e56a410a-5502-4609-8e08-50b94da9ce52,51,41962,CN,2024-08-11
501be7a2-86ca-4dc9-9bea-e5d22e5d4124,52,236390,CN,2024-08-11
1ba1e0de-68ce-462f-8757-cd3f5dc06658,53,2878980,CN,2024-08-11
d5070637-7496-4d29-9f11-cfc993e984e3,54,1238840,CN,2024-08-11
658a259f-ad6f-4de1-9c78-54fae3963a96,55,30424,CN,2024-08-11
f56d68a3-e58c-4b98-8359-a56f1dcc36ca,56,1938090,CN,2024-08-11
70b781bc-bec8-48f3-a3af-8491fa9da889,57,1085660,CN,2024-08-11
d1125801-ce9f-4019-afca-de66ba843a40,58,1426210,CN,2024-08-11
967d6356-5fb8-471d-b09a-5b0872eb08a6,59,782330,CN,2024-08-11
ede9753b-f2ee-49c2-b116-eda8db1065d5,60,1092790,CN,2024-08-11
428e4509-a8f5-4a66-ae20-15bdaae73706,61,2195250,CN,2024-08-11
158c0bf1-e2a6-4a27-a950-a4d240962760,62,1909840,CN,2024-08-11
dd5add2a-2b5d-4522-82ff-286b8cc5f96e,63,1551360,CN,2024-08-11
e3da66ef-a7f0-4dd3-b93c-8b49f5821fdd,64,2669320,CN,2024-08-11
d9ce5329-d5eb-4d7b-9636-6055ef3020ae,65,1962663,CN,2024-08-11
60ddb81e-513f-416b-8ae0-ae5d89edb8ae,66,2751000,CN,2024-08-11
682483ca-8f61-4cf7-ad5d-723aecde8156,67,1973530,CN,2024-08-11
a0b4e187-9a06-4248-848a-bcde266054b1,68,2000950,CN,2024-08-11
4f24d88b-cb7f-421f-aeb2-18539dac982a,69,49520,CN,2024-08-11
5fdb183d-392e-4cfc-ad01-d010ed36c6dd,70,1222670,CN,2024-08-11
da06bfe8-5ad8-450d-b0ba-22e2366ed8c4,71,377160,CN,2024-08-11
789afdd9-adf2-4c26-9af8-a32ece2f9ccb,72,2396980,CN,2024-08-11
903409ad-a793-4812-ab4f-f9cb1651c785,73,1222700,CN,2024-08-11
aad78362-3334-427a-a065-a5dd429fd7a3,74,2995920,CN,2024-08-11
79e08e2e-37ba-4ece-96ea-35261473d5e4,75,1623730,CN,2024-08-11
ac6d81e6-fc00-4809-8b8f-334b6bda0d6f,76,440,CN,2024-08-11
49181e7b-fddd-49eb-aca0-07289f4c7c3a,77,2881650,CN,2024-08-11
6e4cf223-71d0-45e2-83cc-4f0f971537c6,78,105600,CN,2024-08-11
8594a550-8263-4a72-a9b3-09f1c49cb82f,79,1629520,CN,2024-08-11
4878d5b0-ab34-428e-8fae-7266b64b8372,80,2138330,CN,2024-08-11
73c6d25d-4203-499d-b54f-d0e38256d86a,81,1243830,CN,2024-08-11
8294b63e-b3e4-444f-b4fe-63c9453353cb,82,346110,CN,2024-08-11
8ae23624-9999-4b01-99d7-513981e6246b,83,32470,CN,2024-08-11
365a9857-8d8e-4ebb-9efe-bb1295be29d6,84,1943950,CN,2024-08-11
ef57a489-528e-4313-89e2-70581b4ea4c4,85,1659040,CN,2024-08-11
0d4eb31d-430c-4844-92e3-ce45cdde3ccc,86,223750,CN,2024-08-11
79def61e-3256-44b9-a6ad-eb6ad1c3d184,87,2379780,CN,2024-08-11
5f106ca6-9a6c-4ced-a5ae-947e66800942,88,1985810,CN,2024-08-11
c5c8634f-a458-4abc-808b-cf530eea3837,89,1364780,CN,2024-08-11
3c0896dd-0d1c-4c71-8da8-b3cae0eef31f,90,2593370,CN,2024-08-11
ccfe1561-984b-4d62-a0ac-9671e97fe086,91,1222680,CN,2024-08-11
95874ede-3b29-4500-bde7-408399041d76,92,2016590,CN,2024-08-11
0cb3b39a-3229-45bd-a44b-7fb94e193b73,93,1282100,CN,2024-08-11
b9a2350d-f782-4bec-ae98-710300ee9fae,94,289070,CN,2024-08-11
a59b8dd8-0b2d-46d8-aa2c-470033d5fb75,95,949230,CN,2024-08-11
a08cdbc7-fece-4172-ae31-965eaae7dbe0,96,199943,CN,2024-08-11
80223892-605e-4cc8-ba6d-48e767fd46aa,97,1693980,CN,2024-08-11
4f6d14ee-003c-47cf-9a5f-4d0ded4a0b7c,98,1260320,CN,2024-08-11
1b49eed1-cb69-4ce2-931c-389504f1361b,99,1416920,CN,2024-08-11
6f080e7b-0c0a-458c-8fbd-9a823f30bf72,100,648800,CN,2024-08-11
e754c968-1dae-42c3-9993-1c5f1782df49,1,1675200,FR,2024-08-11
1a5afcb8-e66a-48dd-a0aa-198a0c9b1035,2,2074920,FR,2024-08-11
462d43b6-ade9-4eb2-bcbd-62bf90fa5563,3,2933620,FR,2024-08-11
d4c51590-df29-4caa-85d7-c567be1a482d,4,397540,FR,2024-08-11
21b5e826-45ab-445a-9524-c9ebc044aeeb,5,730,FR,2024-08-11
7e127211-907e-47f3-aa91-052843c93293,6,1086940,FR,2024-08-11
bc3b4924-fdab-477b-969b-41a317d1e99c,7,33369,FR,2024-08-11
14e281e8-91fe-41ae-a002-ffd1f966bb7b,8,236390,FR,2024-08-11
a88f3ad0-b06e-4a4d-b14f-d1ad980b65b8,9,1245620,FR,2024-08-11
5274b7ae-6486-448f-9cb4-52131a159b37,10,1593500,FR,2024-08-11
30994958-f752-4b88-9b4a-253713be5582,11,2183900,FR,2024-08-11
525aa0a3-ea6a-439c-87de-3298e152fca2,12,2139460,FR,2024-08-11
428460b0-d86d-419b-8e6c-acc101737258,13,238960,FR,2024-08-11
216da0ec-6abf-4c9a-9e1a-a1d03fa29bf8,14,230410,FR,2024-08-11
926521f7-0dca-4109-b34b-0aa41b4ea1dd,15,38150,FR,2024-08-11
b9e94586-c316-4240-ba2e-0b98f5ec4b72,16,306130,FR,2024-08-11
c426c302-c08e-41fe-9349-38e833d2c926,17,311210,FR,2024-08-11
20da712c-fb93-4250-a6cb-614b68047a50,18,553850,FR,2024-08-11
6bb03841-39d2-4fb4-bf44-c953d39a1d2e,19,1599340,FR,2024-08-11
6081ecf3-bbbb-42f0-9bcb-3a7792a589e1,20,381210,FR,2024-08-11
88fa4478-1f7e-4b8c-9e61-253f1d18d304,21,1222670,FR,2024-08-11
2bee3add-8447-453d-836d-88fce486a193,22,1172620,FR,2024-08-11
e774fd11-4aa0-4654-a4be-048890f005ed,23,2638370,FR,2024-08-11
020fb6a8-547a-45ff-b878-6bc579915a26,24,1172470,FR,2024-08-11
74c2787b-6589-4239-bf6f-2702741e6cb0,25,39210,FR,2024-08-11
468f757f-ee90-4508-9b78-2c3c65d73b67,26,2778580,FR,2024-08-11
3345e754-6741-4487-a9f6-e0216a0f8592,27,49520,FR,2024-08-11
abe0e057-330f-405f-92d1-ae07f3a2d2d5,28,2426960,FR,2024-08-11
db3b8169-a376-4c72-95eb-3717dacf95d0,29,2751000,FR,2024-08-11
096c30cb-116c-4336-88b7-652a05af84d6,30,1331550,FR,2024-08-11
01e853eb-fcf5-4877-9199-742c323fbb6e,31,1449850,FR,2024-08-11
f94e518d-137b-44c8-a96d-61d3be96417b,32,271590,FR,2024-08-11
db016ba7-1ec7-407f-92f4-aea1275d6c23,33,1091500,FR,2024-08-11
91b8d78d-b762-480d-9771-575c614745f7,34,2669320,FR,2024-08-11
7506aba7-cbd0-4091-ab08-c97562c5b2e4,35,199943,FR,2024-08-11
dccf15b0-88a7-4e85-89ee-568ae99503cc,36,1286680,FR,2024-08-11
d9661cb9-6349-4146-835c-9e7c00074463,37,578080,FR,2024-08-11
a8ce47bd-c4ee-488e-942e-f8a74ee2f3cf,38,227300,FR,2024-08-11
e58f56b6-654c-4b66-957d-94f6c7d8ebc7,39,489830,FR,2024-08-11
e6498ad1-b145-4bae-8d44-08873cb63efe,40,377160,FR,2024-08-11
f43b8798-3a3d-4d83-b1f5-6b069de97019,41,1716740,FR,2024-08-11
ca6c0e19-4ef8-438f-81e8-28e64bf19240,42,15435,FR,2024-08-11
5ce03b5d-a602-4c8c-b69a-5cd8210accf6,43,1085660,FR,2024-08-11
591c471e-001f-4e7e-acc3-a48c8c3cec8a,44,5700,FR,2024-08-11
b3d34a32-7404-41ea-834e-fa2dde840db6,45,782330,FR,2024-08-11
f47d5f09-8a5d-4039-bba3-40addd3e01b5,46,202970,FR,2024-08-11
30d62d1a-86fc-4bb5-a61e-8cf22d15c760,47,2167580,FR,2024-08-11
320a9078-29ca-425f-ac42-aaabc06b374e,48,2567870,FR,2024-08-11
6c82bebf-8220-4e89-a874-f0dcf63c1637,49,393080,FR,2024-08-11
7d719001-8301-4e89-8a9a-0c43194d17b2,50,1237970,FR,2024-08-11
1620661e-6b06-4730-bc34-23a43ab45eb7,51,2808930,FR,2024-08-11
99daeb04-c10c-4e42-8ff5-fcb22ec5ab9b,52,1962663,FR,2024-08-11
25a5d5ea-9d60-416d-936d-af2d379606ea,53,2358720,FR,2024-08-11
29e4479a-9dce-4bc2-9a50-1aef1c850ec5,54,252490,FR,2024-08-11
fe410138-9ff7-45dd-bf94-75dfdcbdb9bc,55,30424,FR,2024-08-11
c74aea08-4ff3-4029-9764-32bab5f65ca3,56,2344520,FR,2024-08-11
928f34a9-1d6b-4c99-a41a-17dd06ce9a6e,57,582660,FR,2024-08-11
286374b8-e39c-416d-90a8-83c62bc3cb7d,58,413150,FR,2024-08-11
9b16fab2-f41d-4b7e-be16-8cf824bbc02c,59,2142790,FR,2024-08-11
7d1dbf62-dfa5-48f8-87ea-6804826ae3c8,60,2406770,FR,2024-08-11
7ad43848-d04f-467e-80e5-248161d2c34e,61,33608,FR,2024-08-11
71625ddf-7774-4e98-af2b-f174b95c8d95,62,739630,FR,2024-08-11
608f4760-bfa7-481b-85cb-05b3f6c4001c,63,1142710,FR,2024-08-11
c22e6939-0d18-424d-89a0-48e32156f775,64,261640,FR,2024-08-11
f9f175f1-3320-44a1-86d8-c46a95be5645,65,1623730,FR,2024-08-11
587b662a-d068-4e16-98eb-95c23fa236c0,66,1938090,FR,2024-08-11
79b61edc-f73a-4000-afab-f54b9f2c0470,67,1985810,FR,2024-08-11
c5930c2a-1248-4a2d-a944-ac5d6fbd5920,68,1151340,FR,2024-08-11
035e4750-0c53-4359-8d7a-010a48cb9ffe,69,1326470,FR,2024-08-11
2b7657ae-e1c2-4c94-9315-b871d5797a3a,70,275850,FR,2024-08-11
199a46b4-6e01-47ac-a763-51cd81115330,71,2138330,FR,2024-08-11
743c018d-b099-43f8-bf20-37d0edc36cf0,72,1966720,FR,2024-08-11
6d6276f9-539a-4e6a-a597-416b99560f93,73,1174180,FR,2024-08-11
0cc88e98-5982-41a5-be0e-b3a1070fecf5,74,359550,FR,2024-08-11
911e1d4c-6433-4a60-9ac1-6094908161ad,75,2405,FR,2024-08-11
a05c9c27-c523-4608-819e-259c8eb6099f,76,548430,FR,2024-08-11
263f81dd-ee13-4ecf-9479-e0f0b3c167fa,77,1149460,FR,2024-08-11
4dff2410-e2ff-4616-a72d-2aa03103a445,78,1203620,FR,2024-08-11
e1cbe1e4-16aa-4dc3-82e9-e32ce47bbbdb,79,1934680,FR,2024-08-11
a54f15ab-4879-42c7-aedb-de775b5c9b40,80,444200,FR,2024-08-11
38982611-7b49-4b98-a149-0de6bbb03a3b,81,2224640,FR,2024-08-11
2630c4e7-93c3-43ee-9ffd-22ded569dc63,82,1476970,FR,2024-08-11
a318a011-0b05-4d6b-b880-fef0dcccbb3f,83,2399830,FR,2024-08-11
92a92f89-83b5-40bd-9bcc-334c0a238dcc,84,1332010,FR,2024-08-11
af2f7b6a-5c4e-4c12-acd5-1a00741f700f,85,546560,FR,2024-08-11
d0662a56-ca43-4ec5-b900-e1226220a261,86,41962,FR,2024-08-11
bb035cc0-e878-47a7-8360-204b087534d1,87,1771980,FR,2024-08-11
ec2d94bf-6eb4-4454-880f-00363124a300,88,380600,FR,2024-08-11
a5ff9fbc-a640-42b2-939b-d74ee72daa93,89,1659040,FR,2024-08-11
67c9e585-316e-405f-9a73-a73f55932917,90,1316680,FR,2024-08-11
d0537f1c-7466-4c3a-b094-4c9303ea1a21,91,427410,FR,2024-08-11
18eae565-0965-4b73-b80d-0b628705fbac,92,570,FR,2024-08-11
a19e76e9-f1e5-4fa9-b7ba-e416cf72a6c6,93,291550,FR,2024-08-11
a678e0fa-bb33-49fa-bab0-a3fdbf5b102f,94,2215430,FR,2024-08-11
009f4dd0-0a0e-44bc-872e-feed021a11a2,95,761890,FR,2024-08-11
7b00f482-4d9e-4085-a045-f970501e4e0c,96,2305840,FR,2024-08-11
4174d72e-3ab7-46f1-8bf1-e15d0639a01c,97,1250410,FR,2024-08-11
b6f57946-64a3-4b31-88a1-237f8bc33089,98,250900,FR,2024-08-11
1f1667cb-b43a-45ba-bd26-6164e7c0fa2f,99,2073850,FR,2024-08-11
3f326442-a64e-41b2-84c3-870fdecec893,100,346110,FR,2024-08-11
89f295dd-441d-448a-9047-50470aab20b1,1,578080,ES,2024-08-12
e65dc895-c486-4d4b-968c-72109c2fb8f7,2,730,ES,2024-08-12
b369114f-f68f-4a48-b0ae-c9fa5f200dce,3,1675200,ES,2024-08-12
e528293c-95f5-43fc-8911-b4e7cbc59258,4,1593500,ES,2024-08-12
258eff4d-d8f1-43ea-8cba-ffe569f4fc7b,5,393080,ES,2024-08-12
961ca9f2-9c89-4b5d-81d9-c8079e15287e,6,33369,ES,2024-08-12
d15fde52-a424-4d8f-911d-d034755fe12a,7,397540,ES,2024-08-12
6db528f8-f05e-4576-ae92-fca4c5a2636d,8,311210,ES,2024-08-12
4386d544-fbfd-4162-bc1d-7dde818357c6,9,2349820,ES,2024-08-12
a263a108-fcd4-4457-ad57-e74bfa8cc0dd,10,1086940,ES,2024-08-12
65676e6c-1577-4cb9-a31d-2353d717d090,11,2933620,ES,2024-08-12
042ebfc3-aff2-49c0-b448-d60b2bcb0718,12,1203220,ES,2024-08-12
7dfeb1c5-8b9f-4e55-b6c3-d8bdef94e35f,13,2669320,ES,2024-08-12
bdfd7f49-556e-4e71-b32a-597414484103,14,2358720,ES,2024-08-12
b741d4dc-39b2-4628-87a4-49a58b4217aa,15,1245620,ES,2024-08-12
45c9c0b1-c11b-4fe0-8465-3ec2aafed307,16,1599340,ES,2024-08-12
396f0522-c50c-4b25-851c-9d7a447a8420,17,2139460,ES,2024-08-12
9703f3ca-6c5f-4e88-83bc-658067e0be90,18,2751000,ES,2024-08-12
526126c3-6113-4d15-953b-bcbfd84f2593,19,199943,ES,2024-08-12
ac3a410f-cbe4-4323-be71-28682f283ea5,20,2142790,ES,2024-08-12
1051cac0-0360-4a60-9153-5fe7aec41136,21,381210,ES,2024-08-12
25632644-428b-47de-aa93-cfd2e79b9366,22,2638370,ES,2024-08-12
4edaa4d9-228c-44c9-88c7-0fdb8892618b,23,2183900,ES,2024-08-12
a8fdb2a8-d4d3-426a-a45e-6b078e307d3a,24,739630,ES,2024-08-12
fd14eda3-9b42-4afc-8d9b-810cecb6b2aa,25,230410,ES,2024-08-12
edce2b17-73cf-4bbf-9e0f-f684b9505feb,26,782330,ES,2024-08-12
fd820e9e-0ac6-440f-81b1-ff15fd68d53b,27,21478,ES,2024-08-12
1609d14c-0b8f-48c5-8a33-3dd3b1e64b2c,28,2074920,ES,2024-08-12
52e4257c-e23d-414c-8292-a7af67cf6489,29,553850,ES,2024-08-12
ff5776c9-2c11-4284-95af-d5cec6a1c6f9,30,413150,ES,2024-08-12
34a15c2b-3e76-4b86-b1dd-bc9758d3dda9,31,41962,ES,2024-08-12
4e415808-4872-4ed6-b892-a6631035d0a8,32,377160,ES,2024-08-12
c1acb604-2184-4e11-8698-edf2bcacd8bd,33,238960,ES,2024-08-12
1c759c9e-2175-40b1-97f2-53dbb5c2fb62,34,570,ES,2024-08-12
d4f1ab56-5ebd-421f-94d1-77c9d3076648,35,271590,ES,2024-08-12
34c93d35-b5ab-49df-9dc2-79001bec5eb9,36,38150,ES,2024-08-12
484dcb06-4d14-4a9a-a639-541342d49c63,37,49520,ES,2024-08-12
e9ad8fe7-e2d3-4228-ac30-708321996ff8,38,236390,ES,2024-08-12
94a819a9-5af7-4518-850a-d49787889020,39,1286680,ES,2024-08-12
5ad8d711-37c3-427e-87c3-40e4089130f6,40,1222670,ES,2024-08-12
489eb2d6-ee14-4e10-a009-05bd992bf45a,41,3782,ES,2024-08-12
3a3b46e7-2439-459d-bf1e-be6cda5aa9e1,42,1237970,ES,2024-08-12
887bfc59-ba60-459c-80d1-b15caf17df95,43,15435,ES,2024-08-12
5308f436-0c1d-4a09-95ac-dcb7cfe44ccf,44,252490,ES,2024-08-12
9a5ed4ae-d649-4cea-b93a-ae8309cadf0f,45,489830,ES,2024-08-12
0596c326-7392-4fd0-b402-e6ecc5c24846,46,306130,ES,2024-08-12
ab42e0de-6043-45f4-b5f5-ed48a7d5ca33,47,227300,ES,2024-08-12
21bdf296-62b1-4f31-8497-9cb783a058b4,48,2778580,ES,2024-08-12
a53fd8bb-510e-4d70-a174-897f392ca59c,49,1716740,ES,2024-08-12
23bf1dbd-bb12-4b9c-858c-779dbc688954,50,359550,ES,2024-08-12
1b8ec3eb-8ed2-4333-8a47-8636544d800e,51,1151340,ES,2024-08-12
6b4bac7f-beda-4fd6-b2c7-527e0726f68c,52,1085660,ES,2024-08-12
dece0b17-0b6a-4db9-95be-92abbf705860,53,2203070,ES,2024-08-12
8294b507-4970-456d-a2cd-78521e46d36b,54,1790600,ES,2024-08-12
b1c570ba-d71a-4104-8508-e4824bbda93f,55,274520,ES,2024-08-12
7442783b-efbf-49dd-b7d5-6a92d3581b0a,56,2344520,ES,2024-08-12
e62e7c2a-1d1e-4cc6-b11b-10e711a41a6a,57,266410,ES,2024-08-12
94560e4f-2375-497e-b60a-006f7d26dae6,58,1551360,ES,2024-08-12
4a9bd059-306f-458d-9198-d8f73d979fd5,59,1332010,ES,2024-08-12
2ee3abf3-a29f-4389-8a0b-d980fa3edee4,60,202970,ES,2024-08-12
964a809c-0e8b-4dcf-97b1-840a0df5a0ff,61,261640,ES,2024-08-12
a96d9b52-601a-45ca-a85d-60cac4d39688,62,1623730,ES,2024-08-12
a99caa65-5f2a-4add-9815-6a19359d8872,63,2526380,ES,2024-08-12
88bab65c-2a51-4edb-b669-27940f0b1fd3,64,2016590,ES,2024-08-12
0611ef44-c5a6-44d5-9e8c-b6dc7003a6e9,65,2305840,ES,2024-08-12
42fa49c8-7f54-4573-a31a-1977befb5ff1,66,2215430,ES,2024-08-12
d0c9e3e1-119d-4de5-a04a-e1314aaa2e69,67,108600,ES,2024-08-12
e586fece-d651-4227-961f-805d5ff7c718,68,2567870,ES,2024-08-12
521025dd-6e3e-4a02-95c2-cb0cb233467e,69,1934680,ES,2024-08-12
b931c44f-bed2-4209-a27f-29e6a249de1e,70,1172620,ES,2024-08-12
7e164b98-db64-4faa-a512-d453a532a2e0,71,546560,ES,2024-08-12
99a95e3c-9175-4655-b98c-ac53a2be1878,72,1665460,ES,2024-08-12
16f840db-280e-4db8-bb78-74fceadf38d0,73,1158310,ES,2024-08-12
9dc0520e-ddcd-4e80-9bbf-2ddef885a7c7,74,2808930,ES,2024-08-12
21a8b733-cf1c-46b5-8ded-d94fdde00d6d,75,1289670,ES,2024-08-12
c8e0c736-fdcf-46d2-90fb-64dac8067c49,76,27490,ES,2024-08-12
09d863fa-eb32-40c5-89db-b1db2157b99c,77,1846380,ES,2024-08-12
135b619e-7b7c-4770-a9f5-4f5935c2b7db,78,2429640,ES,2024-08-12
410a03fc-a042-4874-8194-6803a46d5584,79,1517290,ES,2024-08-12
113e756c-e7d1-4bc3-8061-9e5811e34da7,80,1985810,ES,2024-08-12
e358a537-964e-4448-8a05-679a3023430b,81,548430,ES,2024-08-12
605d1a03-9f08-443f-b384-4ec325354653,82,1962663,ES,2024-08-12
8861f86a-f007-4ff2-9ed7-30df3b6542c3,83,550470,ES,2024-08-12
15202cce-752b-4dcc-b5ca-500c6d834d62,84,2280,ES,2024-08-12
443f3bbb-2e57-4511-8202-89de84936634,85,960090,ES,2024-08-12
4f1fc0ad-1f16-4701-9903-bcee5e2f5b08,86,34790,ES,2024-08-12
57732675-3578-4779-bb6f-6d25c15749dd,87,1809540,ES,2024-08-12
99148bac-1e77-48b7-a472-a27e3bca5e0d,88,216150,ES,2024-08-12
a696c590-7d28-4e65-90f4-26fa466ac3d6,89,582660,ES,2024-08-12
1aef92a4-c047-4278-90c3-2b9c6e936287,90,394360,ES,2024-08-12
e9f26deb-1e53-4876-90bc-63afe6ae9ea4,91,2591280,ES,2024-08-12
82254b9b-a015-4e90-9cf1-bb7b4453c438,92,1232580,ES,2024-08-12
72ef297b-3e40-4588-a932-53ee7a44e4a3,93,2396240,ES,2024-08-12
e14043ae-379d-463e-9efc-9e4a8f56d3b1,94,1659040,ES,2024-08-12
1f7ca7bb-7be9-4b99-896f-9c58d13a8c31,95,294100,ES,2024-08-12
929951e5-afe3-436a-b1a5-05107a24f88d,96,379720,ES,2024-08-12
9aaf96fa-6617-4380-8d9d-b6a8cd92d874,97,761890,ES,2024-08-12
bc30d898-264e-4bd6-a3bd-53c14432f445,98,41988,ES,2024-08-12
fbb80672-71cd-4124-aefb-215b067c008b,99,1774580,ES,2024-08-12
f0065126-8205-41c1-ad30-75aaeca91fad,100,2195250,ES,2024-08-12
47ea95ae-c518-48d5-9b6c-41bfab0fadca,1,730,FI,2024-08-12
f2e182a4-62bf-4c3d-b5c6-03c498736664,2,33369,FI,2024-08-12
4699a0a8-f146-4022-ace6-cd7ac17d409c,3,578080,FI,2024-08-12
e1fe1190-1dcb-45fb-939b-6bd68affd589,4,2933620,FI,2024-08-12
356322db-80bd-4cc8-bb81-9e4deac77e21,5,238960,FI,2024-08-12
8fe7cc1c-5b7e-4124-a522-2c6f4b482764,6,393080,FI,2024-08-12
1c7db47e-1095-479b-ad56-cb9ce849a57a,7,1593500,FI,2024-08-12
33d91296-97dd-44f6-9691-c5f3a069a315,8,1245620,FI,2024-08-12
d69b7798-e55f-4df6-af32-39b732c204a0,9,236390,FI,2024-08-12
3cd8f6c5-5bb3-40da-bcbc-bad2c212a652,10,359550,FI,2024-08-12
a99b9677-be78-4050-abb1-829a729d8190,11,570,FI,2024-08-12
8d6e5a0d-e67d-463c-a658-ab3b7d9333f8,12,1675200,FI,2024-08-12
bb472106-db1d-45a2-a5a0-297be4d9bd6c,13,1086940,FI,2024-08-12
14aad3a2-dce2-4e18-8d44-3acdcc970be6,14,271590,FI,2024-08-12
10cb926b-4045-493d-a8cd-715c420225a1,15,397540,FI,2024-08-12
de5c8ba9-eae9-49de-b33f-44d7ec4247f8,16,5700,FI,2024-08-12
97a9f1d1-f5c6-4603-a0ed-00b81dd6df84,17,230410,FI,2024-08-12
bd48a323-201f-46dd-8256-7ebcd3eaf9dd,18,1222670,FI,2024-08-12
e6250760-cfb1-42dc-883f-9d18083d84ae,19,1808680,FI,2024-08-12
3cf16de0-121d-4eb6-855c-a7c79170a556,20,553850,FI,2024-08-12
1e8352da-2856-4477-9de5-d8ee4d7c36b3,21,20336,FI,2024-08-12
0d93f345-5164-4f0e-b2e6-471446b01954,22,2183900,FI,2024-08-12
e67a0b0e-ace7-4f5e-9eee-0df2092472a4,23,2778580,FI,2024-08-12
c69cfe59-0823-400a-8cee-e31ae5b21bf6,24,15435,FI,2024-08-12
3570560a-d228-4022-994b-41090672f3d0,25,306130,FI,2024-08-12
e9f95fac-c511-43ca-95d2-2efb3901df45,26,39210,FI,2024-08-12
3a3c94fc-bf02-4547-b33b-2b71d3706221,27,2074920,FI,2024-08-12
3d1b8e7f-d8f4-4d80-a39d-7edec78f6046,28,377160,FI,2024-08-12
589cb1c3-d064-4014-bb72-f038029c56af,29,2669320,FI,2024-08-12
d6e2db6f-0e46-4c83-a19e-686a50457725,30,12645,FI,2024-08-12
d64eddb5-0840-4229-9c81-52df1d3797f7,31,440,FI,2024-08-12
1323ed34-6a24-447b-b544-a5978d0160a4,32,1172470,FI,2024-08-12
1df3d907-606c-4081-8d79-6fe90e8f0189,33,1151340,FI,2024-08-12
88dc2edd-8311-4380-8956-d8f1697c0bbf,34,2139460,FI,2024-08-12
1c2a561b-77a3-4f9f-b505-95583cb7dba6,35,2215430,FI,2024-08-12
c9a300e0-c8a6-42c5-985b-814fd2f4bc74,36,199943,FI,2024-08-12
810a9830-6854-4dd9-939f-2eaaf73453af,37,489830,FI,2024-08-12
2ce35404-7c19-45c9-84c8-cf2157f2d556,38,1237970,FI,2024-08-12
d960d62a-f58e-4680-989e-489ff580fedd,39,782330,FI,2024-08-12
a2bae357-f58c-4cec-8072-17ccdf7c601f,40,381210,FI,2024-08-12
d2d56429-3c4c-4571-b050-10b1b16f5324,41,1599340,FI,2024-08-12
4f3deb65-bd7b-4842-9634-7229a235c2ca,42,2808930,FI,2024-08-12
96c61ca7-56fa-44e4-b6c1-0a61e9a208a7,43,582660,FI,2024-08-12
f82a5417-082a-4c56-9572-ee56df1393ee,44,227300,FI,2024-08-12
a37584ff-a4fd-4e10-aa3c-52bbd98151ac,45,10913,FI,2024-08-12
53ff18fb-11e6-4e62-9e3f-b19bce3bfbd2,46,2142790,FI,2024-08-12
78afb878-b9dd-4255-932d-22a9320edcb5,47,3756,FI,2024-08-12
86caa28d-8770-4454-9b33-8d3d5a6d9fcd,48,2358720,FI,2024-08-12
e3072430-9d93-4cf1-ada1-549b52a69b0e,49,1085660,FI,2024-08-12
d21a8910-302f-472d-9f0d-2d017435311d,50,5699,FI,2024-08-12
c356b138-191e-4fac-9f49-457dd43d1ce1,51,1476970,FI,2024-08-12
54591042-d1b8-40f4-a862-64c3127dd7d8,52,29097,FI,2024-08-12
d064b1fa-b135-4b21-b325-a25f9928b245,53,311210,FI,2024-08-12
11a45aa5-ade1-4dd5-91c9-38bb689832cc,54,2567870,FI,2024-08-12
1eb6da36-f577-4b21-b229-a09361daa90e,55,546560,FI,2024-08-12
9653dff1-894f-407a-88cb-73636989b7f2,56,49520,FI,2024-08-12
4397fc04-2ee6-463d-ad5e-3aa6e8c55927,57,1659040,FI,2024-08-12
97a5109b-9f19-40dc-998e-ad2bc7622441,58,1232580,FI,2024-08-12
e8d0140f-fb48-4b5b-9e6a-52f5c8f27904,59,252490,FI,2024-08-12
4ef2af97-7b0d-4559-99ba-f4c3c3d70352,60,42932,FI,2024-08-12
8373b7b3-aff3-4ff6-aa95-9af4f1b3d4a5,61,202970,FI,2024-08-12
bb12c479-7d86-4ac4-a933-e392d1063a3f,62,2638370,FI,2024-08-12
ed1cbe0a-5cc4-4d9e-b53b-af87e880126c,63,1158310,FI,2024-08-12
03fc8044-a2dc-4caa-a777-b06ea9a57f59,64,1517290,FI,2024-08-12
6d3ca332-eea5-4a3d-b080-34167c2cc914,65,1286680,FI,2024-08-12
35f50827-42d8-4ab8-b2a3-647cad6d4706,66,2300320,FI,2024-08-12
ab8db874-c917-4240-90ab-fbd3521e1fb5,67,1091500,FI,2024-08-12
fd111cc7-0539-450c-a86b-7111d2a5e13a,68,1849250,FI,2024-08-12
496ba963-f492-44f0-9ec9-c2ae3eaaa2b9,69,394360,FI,2024-08-12
f58c7ef4-298f-4957-8898-2847278bb0dc,70,28931,FI,2024-08-12
3cb20a87-ceef-4850-8663-dcfeca7bf90b,71,1332010,FI,2024-08-12
ca11cefb-24b1-4872-b2e9-192c9b661641,72,2195250,FI,2024-08-12
e805f718-1b7e-4487-9a90-76e3da888d8a,73,1289670,FI,2024-08-12
ab3ea500-d097-4372-854f-e68935dabfbe,74,413150,FI,2024-08-12
54df0f5c-8d47-4d25-a89d-b92532842db3,75,41962,FI,2024-08-12
9c33bc27-24c6-48f3-847f-cea3119250ac,76,494840,FI,2024-08-12
8a7a2019-3639-467e-ab13-12f69c85e6fc,77,518790,FI,2024-08-12
3c0a7cd5-bcc1-4f70-8a81-c32801b6eb65,78,1343400,FI,2024-08-12
ffbc12eb-953d-4787-ae13-72826a8d4ab1,79,427410,FI,2024-08-12
93abae32-5e00-4192-894b-8790e3f172da,80,516750,FI,2024-08-12
6ab7240e-c2b6-43c2-8f1c-a2fb754c2473,81,552990,FI,2024-08-12
1a1de57f-d381-4de4-b6cc-0e81d63b59bc,82,33446,FI,2024-08-12
b7543f43-a3b3-44e7-8402-7b7266511b70,83,686810,FI,2024-08-12
00a51ab8-02c6-4847-b175-e6743adc3b17,84,2016590,FI,2024-08-12
709d3338-7cf1-4636-9477-7f8d4a90a115,85,228380,FI,2024-08-12
1e88e826-82a6-4025-8d4f-48ce9a84d4d8,86,1172620,FI,2024-08-12
5749c030-3ef8-4900-8ecb-62b1e4bb1a5c,87,42187,FI,2024-08-12
2be7f4b3-133e-4431-b2ef-3964a4bc467e,88,2280,FI,2024-08-12
d35fd734-20f4-40f2-a599-993ad362bf1d,89,739630,FI,2024-08-12
ef98ba1b-6ce9-4145-a55f-be721a08c0da,90,38150,FI,2024-08-12
c2704185-40b2-421c-9541-e24ebe31bc51,91,1407200,FI,2024-08-12
57e66837-9e95-4609-906d-a4fc479cb291,92,1149460,FI,2024-08-12
9a259058-6366-40fe-80bb-919137e3391d,93,27500,FI,2024-08-12
3fd5bdbc-8b82-4140-9b36-fe7a510a126c,94,2379780,FI,2024-08-12
ea56357f-5f44-4365-a97e-935bb5521d13,95,2305840,FI,2024-08-12
db1407c7-7498-42f4-ad85-6b0d539ef827,96,594650,FI,2024-08-12
f0b246f2-c749-4109-a909-73464cc8d19b,97,284160,FI,2024-08-12
7dabd5f9-af2a-4311-b94a-8a05daf15a74,98,2396980,FI,2024-08-12
8d481f04-223b-4047-9511-fc1c70f006dd,99,27593,FI,2024-08-12
3746c201-b8fb-420c-b5ee-d6e26fdb745d,100,1203620,FI,2024-08-12
772813c2-139e-4a98-93a3-780d94a9575f,1,1675200,FR,2024-08-12
f06e97bb-aea4-460c-be8c-428371e923de,2,2933620,FR,2024-08-12
678d292c-caf4-479f-b8a0-b73e1a90e810,3,2074920,FR,2024-08-12
88148133-5866-4a7c-b0f5-877904d5d6c8,4,1086940,FR,2024-08-12
8116ae0f-b119-4bdc-b005-1d928b2a262e,5,397540,FR,2024-08-12
e6427608-f1c6-4884-80de-c7e67d79059f,6,1245620,FR,2024-08-12
5fcc1bb2-fe9f-4771-b96d-f30124726f86,7,33369,FR,2024-08-12
1f09d6be-9c5e-4048-80b9-fcd6f599b1e9,8,730,FR,2024-08-12
fa6a7657-c831-4212-afa1-56a748232d57,9,1593500,FR,2024-08-12
9943c0b5-baf2-4b82-b5a6-50cceb3a8f44,10,2183900,FR,2024-08-12
62967c07-8fff-4673-b749-8bfb4bcdc7da,11,393080,FR,2024-08-12
c8324c4e-ce9e-480c-9748-963ca78abf43,12,306130,FR,2024-08-12
260e5f22-d091-49d8-b68e-80390f8c9d13,13,311210,FR,2024-08-12
87696f30-355b-4043-94c7-cd68c1106be1,14,236390,FR,2024-08-12
bc1dc29d-c4d9-4190-b72a-05e75c07ca33,15,230410,FR,2024-08-12
794b093d-d536-49a8-8644-94ad55cf2fb4,16,38150,FR,2024-08-12
b840996a-8ce3-421b-bfe9-a2ad3ed22279,17,238960,FR,2024-08-12
bd193611-8304-41f9-a0e7-315509c83276,18,1222670,FR,2024-08-12
63d7628e-e57b-4203-a813-07ec9f0fbd2d,19,1172470,FR,2024-08-12
4d0eaba9-e46d-4a7b-9b8a-783f40334e9f,20,2139460,FR,2024-08-12
7357b82a-3899-4c2d-841a-22fcaca0fb74,21,553850,FR,2024-08-12
36427ace-524a-45b7-9ca8-ed168cfe28a4,22,1172620,FR,2024-08-12
fa43ff63-23dd-45a3-8eb4-de9a99ecce57,23,2426960,FR,2024-08-12
16da3f76-114c-4c34-9858-3d94cfd6c685,24,381210,FR,2024-08-12
95966cfd-b61a-4fb5-9cbd-ab6952b0335a,25,49520,FR,2024-08-12
5b893ea4-cd67-429b-8f91-5ab38bf93c5c,26,39210,FR,2024-08-12
67b589cc-3cac-453f-b405-05b0937d7035,27,2638370,FR,2024-08-12
b7f5ae59-5f82-4b0c-a0f2-7d1273f0c1a7,28,271590,FR,2024-08-12
1b16beed-5c0a-4f45-b97a-dfaa5ab89ae5,29,2778580,FR,2024-08-12
824d8834-2f08-40f1-a5f5-5516fb78ed1b,30,1599340,FR,2024-08-12
de134b22-677b-4116-9e6f-0948526ae76e,31,1286680,FR,2024-08-12
2331962a-cb10-4a51-91dd-fc6cdcf4a2f3,32,489830,FR,2024-08-12
15255d9d-9038-452c-b9f1-11724cb64b5c,33,2142790,FR,2024-08-12
33949838-1a55-4a02-a707-61c2914cc86c,34,30424,FR,2024-08-12
093703be-8f60-4a7e-896b-8cb18347c57f,35,2358720,FR,2024-08-12
abb8ff69-a607-4b48-8302-214ffbadbe79,36,227300,FR,2024-08-12
70e63857-27bc-44f0-9802-9b51f14e3a1d,37,1449850,FR,2024-08-12
ba946c54-f154-4301-908f-8d772194c169,38,1331550,FR,2024-08-12
1ce7020d-791d-45cb-8e07-881d641ac331,39,202970,FR,2024-08-12
fdf13b02-ddf5-4ede-9c35-6398f9fcbead,40,1085660,FR,2024-08-12
17b855e5-9eaf-4c5b-b7c9-b7694527711d,41,2567870,FR,2024-08-12
1a819524-fcee-4077-8b22-ffb807099db6,42,1203620,FR,2024-08-12
d015cc64-3daa-4ba7-976f-67528f5d23d4,43,2751000,FR,2024-08-12
f9a1554e-5443-49a0-8e89-8b8483a73d50,44,199943,FR,2024-08-12
370a47af-b1c4-4e8c-a96d-a8d4ac57dbe4,45,1237970,FR,2024-08-12
87561c52-1721-4318-8d1f-2cff5214791d,46,377160,FR,2024-08-12
0c39eb6e-da2d-4690-8301-0b0b4f321b0a,47,1151340,FR,2024-08-12
bcd8b93d-b27e-4aaa-8238-6356f7cb9615,48,23519,FR,2024-08-12
c75207aa-7a1c-486a-b2df-6f9295372fb8,49,782330,FR,2024-08-12
02c5bc5e-ede8-404c-b3ac-7281f19a6aa0,50,1091500,FR,2024-08-12
0106458c-0e22-45c7-9976-e6acba0ec764,51,2669320,FR,2024-08-12
7744ba78-69bf-49cf-8fe2-bb35fee3a6ec,52,2840770,FR,2024-08-12
0bdea351-b7ab-4831-a646-fdfa10a0c407,53,2808930,FR,2024-08-12
9d009a4e-467f-4c67-92fe-43f78979d5da,54,578080,FR,2024-08-12
4d7f56da-ee5a-4df2-8267-794e25480bb7,55,582660,FR,2024-08-12
6c999ff1-462e-402d-b382-6a6b2dc7cc6e,56,1149460,FR,2024-08-12
80567e0f-d68c-4595-9e25-fb0b4a29c21d,57,1962663,FR,2024-08-12
eafd3dbb-c545-4a94-b31f-584529160ad3,58,359550,FR,2024-08-12
47770db5-b9fc-4e7d-9775-0f0795dd25aa,59,570,FR,2024-08-12
7cc1f3c9-2956-4fa8-b213-d8626e9682b0,60,1716740,FR,2024-08-12
990c0487-e8f4-4579-b4a9-22c5c2edcdf7,61,2399830,FR,2024-08-12
8fdfdb89-a95a-46d4-8d16-14b96702cc2b,62,1623730,FR,2024-08-12
2a3358e7-7e28-488b-8d73-76d30ecc81f1,63,413150,FR,2024-08-12
407ac71e-a29a-4fba-aa1c-c1f0b9f5843c,64,548430,FR,2024-08-12
263dfe6a-fff1-4e1a-91b6-7359da9ccf97,65,15435,FR,2024-08-12
17d8002f-18a1-4034-955c-e8d337def3da,66,1332010,FR,2024-08-12
646e2c8a-4e30-4b50-83db-73d20bcb9f93,67,1966720,FR,2024-08-12
892ccf03-21c7-4486-9f4d-0784e0ee818b,68,1938090,FR,2024-08-12
bd1250d1-4163-45be-ba81-e4f37f8a1efd,69,1771980,FR,2024-08-12
e19b8f11-ef01-4840-94c0-8d3f50a2ca8e,70,261640,FR,2024-08-12
e502f7aa-26d2-4443-af00-6abe2e1bd8f9,71,648800,FR,2024-08-12
42c1c599-faf3-44d2-8f56-4395fcebb817,72,1158310,FR,2024-08-12
8317f917-9063-469d-bd17-355f1e9fb149,73,5700,FR,2024-08-12
275e13b0-b037-48bb-91dd-27f80ed93543,74,1326470,FR,2024-08-12
9974fedf-8c51-4fcc-bd4f-aeca883954b3,75,252490,FR,2024-08-12
1990fbb8-6e95-43f7-bcc1-7fb90cf2c163,76,2488620,FR,2024-08-12
054d25f2-65fb-4a83-b82c-1aa787a1b706,77,41962,FR,2024-08-12
9a433ccb-d961-43de-bd74-a99969efb0b7,78,2344520,FR,2024-08-12
9620c0e7-486a-44f8-b6b6-5946c353a836,79,739630,FR,2024-08-12
e0b568ca-aefe-4ce0-b97e-128b82888ef5,80,2215430,FR,2024-08-12
73b6f039-6df2-4401-b0f0-359461296917,81,1985810,FR,2024-08-12
094693a5-ea72-49b4-9775-0a3cd7ef5216,82,1145350,FR,2024-08-12
7b45c5a0-b864-425c-96da-ef75c63f42eb,83,1142710,FR,2024-08-12
171e31c9-b6d4-4b2e-a57b-73bef097abde,84,1659040,FR,2024-08-12
5e7b0281-f5e3-4dc5-970c-8a79f5e6d1d8,85,1551360,FR,2024-08-12
1150acc9-7d9f-45a6-bb8f-3e1cfc306e80,86,275850,FR,2024-08-12
643295fd-e6a3-49b0-ad3d-0cd30eb2ba3e,87,251570,FR,2024-08-12
27d42c2f-db47-41f7-9bca-0d95e1e6691b,88,1250410,FR,2024-08-12
6eaa8ba1-ece4-45e9-b311-ee978c0e3e89,89,1562430,FR,2024-08-12
58ee9a76-5946-4406-9233-e32d15227d6b,90,1934680,FR,2024-08-12
1affb6b3-bf37-4a1f-b71a-1e996c18e76e,91,2224640,FR,2024-08-12
fd430cc8-9b31-4f2f-ae43-70e924f6ef32,92,1316680,FR,2024-08-12
c7f1ace2-d292-4e50-ba1d-bd7d78207110,93,380600,FR,2024-08-12
74f7768b-8be9-42e0-828b-48d1a58e774e,94,1232580,FR,2024-08-12
164b025c-df5a-4f0c-9911-b038acb93627,95,2406770,FR,2024-08-12
d5ec5f40-ef07-4afc-82bd-21c3dccdd8a4,96,1517290,FR,2024-08-12
a8cbb7e9-b063-4528-9f30-6311252b20d5,97,2379780,FR,2024-08-12
b10ac5b9-2186-47a2-bd77-7f227e1c3f96,98,1286830,FR,2024-08-12
18c1ad16-df57-46f3-b92c-edbd12fd9bc3,99,6817,FR,2024-08-12
3c140940-005b-4cc4-b37e-857339b52756,100,2526380,FR,2024-08-12
8abb4020-51be-4022-bc37-8f2a6708250c,1,2358720,CN,2024-08-12
aacb7e9e-cefa-4c35-a6e3-4e7230e02f12,2,578080,CN,2024-08-12
274322bb-01b6-4e99-ad47-87e80fc4a02e,3,730,CN,2024-08-12
60da3fda-ae6f-4f1c-9d1a-0c867fabb951,4,1203220,CN,2024-08-12
ece989d3-402f-4007-a44e-5564adac82c7,5,1593500,CN,2024-08-12
7245e1ed-e47b-4653-804d-1f0b88a4dcc9,6,1237970,CN,2024-08-12
5d785041-6029-48ff-94a8-faff76a36ab4,7,413150,CN,2024-08-12
3719078f-cc25-482e-9175-beb5f9d60158,8,431960,CN,2024-08-12
20bbd693-02e5-49f3-a7ec-0f4593dfbeb6,9,5700,CN,2024-08-12
4e4bb97a-6a76-482d-a582-790908569986,10,2344520,CN,2024-08-12
9323ba3c-eec4-4e9f-8aa6-8bb5f7f96a25,11,397540,CN,2024-08-12
50f000ee-2491-4353-bf79-ddb741420a15,12,271590,CN,2024-08-12
b93d6d64-63a1-4c71-9d61-889dd82121a1,13,1238810,CN,2024-08-12
d50bfaac-9dbf-4f87-befe-90187ae4e6a3,14,992300,CN,2024-08-12
2aacb84c-1268-4bf3-acdd-6989e871711e,15,2183900,CN,2024-08-12
1d137ad4-1386-4045-ae0f-54e1e735eb8d,16,33369,CN,2024-08-12
ce40b6f3-dac6-4b70-b6df-627407d860ae,17,1172470,CN,2024-08-12
d1e4c6ae-3e5f-49ec-a04c-1e6412c2f8e5,18,814380,CN,2024-08-12
d3e83ca5-778f-4fa6-9094-d5c21fa2c34a,19,570,CN,2024-08-12
4aea5f7b-8d93-4a57-bfa2-3d980b073fea,20,2933620,CN,2024-08-12
16d1e3c2-b644-4606-89bb-c26273f44e90,21,2672610,CN,2024-08-12
d07b54d2-d6ff-4330-a798-fb077815addb,22,2074920,CN,2024-08-12
20640f87-893b-470b-a863-c7dbd124309e,23,1245620,CN,2024-08-12
87a4ed73-3b76-4c6a-8352-3f90c3a60e2a,24,739630,CN,2024-08-12
311e8776-a429-43b8-8e1d-1614437fc0c4,25,230410,CN,2024-08-12
28f618f2-f8cd-4717-a5d4-ecaaaec3d4a4,26,1477070,CN,2024-08-12
e92defbe-f673-4312-8598-6d320c3990ae,27,552990,CN,2024-08-12
f723e7a8-6800-4b4d-96ce-775170246ea3,28,306130,CN,2024-08-12
07709e21-39a2-44d5-9e50-36a1f4821001,29,2139460,CN,2024-08-12
46b10a61-8a02-4f6c-916f-ec7f937959ff,30,13560,CN,2024-08-12
52ab4073-8802-4f1b-961f-02d1055793f8,31,1517290,CN,2024-08-12
c90227fe-90c4-44cf-a8e5-e2d30953293e,32,2567870,CN,2024-08-12
68542e20-846f-408a-95e4-be11e80a0d63,33,2875140,CN,2024-08-12
edaea16f-9b64-4b76-a878-ea70f5b510da,34,1180320,CN,2024-08-12
6351355a-095e-4e05-8107-6b32f14bcef0,35,440,CN,2024-08-12
7106488c-6820-490f-972e-75acca0ecc17,36,381210,CN,2024-08-12
4f8e5c6b-1c72-4c13-8c15-eaa66a96ae47,37,2778580,CN,2024-08-12
542de23c-ab62-4f60-bfa3-e500e2a64b10,38,1329410,CN,2024-08-12
28c06683-a9a5-4a07-9749-7d287e61494e,39,322330,CN,2024-08-12
3b1f18e1-de02-4a51-bff1-2b42b4461f76,40,548430,CN,2024-08-12
0e2d8321-c0ab-4bc4-9cdb-24e266cad056,41,2445690,CN,2024-08-12
5b130922-4dfd-474c-b668-c7f97f64d535,42,359550,CN,2024-08-12
87d1dd17-d1ed-47a1-b906-1532c77b542d,43,2878980,CN,2024-08-12
fca70dfd-5c9c-41f6-91a1-4feebf33420e,44,1238840,CN,2024-08-12
3b67cf6f-35f8-46c4-81aa-189767b863bd,45,673750,CN,2024-08-12
e7e7d1ce-292c-4f0d-ba7d-e2f3022b8cb1,46,1091500,CN,2024-08-12
2141efff-583b-4b69-8307-49e32b4de298,47,1364780,CN,2024-08-12
0cde22ed-5aa3-47d0-a773-aa152a4b1709,48,1086940,CN,2024-08-12
fceb64bd-c3cb-4fab-8b25-00b066fed231,49,1551360,CN,2024-08-12
cdc7e73c-ec57-4c68-8838-ac0c4395e071,50,2669320,CN,2024-08-12
8f9bea91-d0a7-4774-8dda-fa5a7d13a6ec,51,2849080,CN,2024-08-12
9eaeff4a-c6cf-4021-9fab-8617cec0905b,52,736190,CN,2024-08-12
978f0435-94b7-469f-8a11-fccdaad94fd8,53,1085660,CN,2024-08-12
5e98fa39-86d4-4466-a0c1-357f9f7ee7f3,54,30424,CN,2024-08-12
20b0fc52-2943-495d-86a6-8199f016d217,55,1222670,CN,2024-08-12
3f323f5b-115f-4a6a-a8b8-4f0523a3c724,56,1962663,CN,2024-08-12
47fe7a09-eccd-477d-af7e-722570199acc,57,2338770,CN,2024-08-12
4c3a6d98-7669-4640-8746-a0dc84cc5ad2,58,1092790,CN,2024-08-12
aae5917a-cb67-4466-a5f9-cba1713cc81c,59,2195250,CN,2024-08-12
782b8fec-ad69-4fbf-8604-6b8c097dcdf6,60,1520470,CN,2024-08-12
617a769d-1799-4fc7-8eb9-6f9debd962fd,61,105600,CN,2024-08-12
97e1954b-8cec-48ba-b4cf-2767d3c5913c,62,2000950,CN,2024-08-12
57abfa72-97ba-412c-af2c-e2d79e9a9908,63,1938090,CN,2024-08-12
e9715e1e-feb8-4be1-8dea-9fcdf297d4f1,64,2881650,CN,2024-08-12
65f271a8-ebaf-48dd-928d-88c307e5c654,65,236390,CN,2024-08-12
300aebf4-44f0-4565-88fb-f42b4daa87e9,66,1623730,CN,2024-08-12
37c978d9-414f-47ac-9059-fde23581f968,67,2995920,CN,2024-08-12
dc4d2129-5705-49c7-9fa7-6e29cba01e49,68,2305840,CN,2024-08-12
59f8d812-9c26-4b95-bf28-c31d9d8cdb61,69,1943950,CN,2024-08-12
75577855-7718-4bce-950b-175514567171,70,1426210,CN,2024-08-12
70935c5d-d3ac-4654-aa6d-821a5b5057c0,71,447040,CN,2024-08-12
56a53c04-82c7-47c4-8652-b98a20a68dce,72,346110,CN,2024-08-12
c9344650-a051-4346-a841-5dbd0104fd68,73,2349820,CN,2024-08-12
d419c4df-31a2-4569-872a-d241ef52028c,74,782330,CN,2024-08-12
fa8111e6-e8b7-4200-afef-724b64773c19,75,41962,CN,2024-08-12
de83231f-6584-40f1-93ba-f4d3ba8db6e3,76,2396980,CN,2024-08-12
4a8a2ab3-cbd0-4851-89df-20e1d9ebe423,77,377160,CN,2024-08-12
879074d6-722b-4afc-8aad-a711e4c94cbe,78,1222700,CN,2024-08-12
fd6fb4d1-9d2c-4756-b1da-1bfd682f56c2,79,1243830,CN,2024-08-12
339a44aa-cdd1-4451-b80e-5620d6d871a7,80,1174180,CN,2024-08-12
a38b4102-ca8c-4020-99cb-8ea58c2d2691,81,1973530,CN,2024-08-12
2e363424-d3b0-4dad-8dd5-0ee29ef4f9ed,82,1909840,CN,2024-08-12
09e5a64a-5656-4b25-88e0-3156d286aadf,83,2593370,CN,2024-08-12
223615f2-de06-417b-89a6-c02dd54054c7,84,1629520,CN,2024-08-12
c802254c-dbe0-4ed1-bcd6-0a5453fa07eb,85,49520,CN,2024-08-12
1c2af45e-3da3-4b6f-8cab-d6563579d079,86,1282100,CN,2024-08-12
478ba96f-728d-4cfd-8fec-5b9cdea6d8e0,87,648800,CN,2024-08-12
a748e598-a87a-4929-9eee-d758333004a9,88,2405,CN,2024-08-12
9325dabf-18e4-4119-ba55-cec08dd6c53f,89,2379780,CN,2024-08-12
1eaff4f8-8014-4fbb-a890-e724717c75a2,90,1962660,CN,2024-08-12
8811a336-129a-4942-a43c-aaf7c72243a0,91,2751000,CN,2024-08-12
362f8ad4-2ac1-4d96-8917-b4dba4607577,92,5699,CN,2024-08-12
86bd1065-29f7-45d6-8eff-3edace9a4e35,93,2138330,CN,2024-08-12
eeda3590-f47c-4fa2-b8e3-3d8abfa7c94e,94,199943,CN,2024-08-12
583b2013-2230-4589-8f53-df87ccc609b1,95,1659040,CN,2024-08-12
485e27bf-3bce-4fa0-a7f4-216cfbfa0162,96,1954420,CN,2024-08-12
bdc41dc0-2531-4d05-adf7-90e5840a51c9,97,15435,CN,2024-08-12
5b4e5f2b-582a-4ed2-8f52-08933735a654,98,1326470,CN,2024-08-12
e2256d00-c512-44e8-b8e8-a99337fc237c,99,767560,CN,2024-08-12
2d1f8b8a-bdf6-4e18-a57f-94b7740bbf22,100,958260,CN,2024-08-12
7b6f3f01-a7ea-48b2-8d8a-368cde2640e4,1,578080,KR,2024-08-12
ac659713-eecc-4d9f-a2a8-eb9bf57f486c,2,2074920,KR,2024-08-12
fd14ee1d-ccb5-4ae6-a73b-5b6b89a2e245,3,1049590,KR,2024-08-12
0a83f23c-db24-47b5-b463-2559307460cc,4,2139460,KR,2024-08-12
4695e4e8-b05b-4b4f-99b5-5f541aa7f43e,5,1859910,KR,2024-08-12
3138f9bd-cbc2-478a-ace2-1d8fc7007fca,6,5700,KR,2024-08-12
d41841be-7d6c-4bdb-9d7a-1b660f1931ab,7,1449850,KR,2024-08-12
2d0f5427-d023-4a76-9207-3a61643c56dd,8,1593500,KR,2024-08-12
ea7e6248-fe76-4907-b31e-304aa1a283b2,9,271590,KR,2024-08-12
f46127bd-e2f0-498e-973b-afff18c06f79,10,2344520,KR,2024-08-12
75713f6f-e676-401e-a2e7-a5262afe9420,11,1245620,KR,2024-08-12
905ce03b-5d49-4fb4-bd16-5bb56e553a86,12,1985960,KR,2024-08-12
0525e33c-db40-4c6b-8e83-7f4bf43d5d3f,13,2567870,KR,2024-08-12
dd3715dc-3655-4e78-8268-41c617e22a98,14,2933620,KR,2024-08-12
055088da-c717-4f33-93aa-b1a536edb499,15,2183900,KR,2024-08-12
04390c69-6ef6-47e3-aa7b-425abf105be6,16,730,KR,2024-08-12
2e0248b2-c39b-48c5-9c50-0e252351a040,17,413150,KR,2024-08-12
f4691e1c-c1e6-405d-b6c0-9fb4d538d684,18,1629520,KR,2024-08-12
89b4f9c1-29f3-41f9-9eaf-7c3d511079b6,19,1222670,KR,2024-08-12
9839885f-d73c-4ad0-9d66-34483adafb0c,20,1085660,KR,2024-08-12
c642ff2e-b530-44ee-8d2e-5a9537ba1332,21,108600,KR,2024-08-12
df776b52-6fb6-417e-aa00-2c5b4f4bd29d,22,1623730,KR,2024-08-12
a05477ac-47c4-4266-a931-7ed7d7acac37,23,985810,KR,2024-08-12
81a2ab6e-de89-4beb-bdf9-23d53c7f37ca,24,1089090,KR,2024-08-12
b2b5812d-c1d4-4864-80a2-56f315ce0f5a,25,1086940,KR,2024-08-12
6869be7c-91e6-4e43-a876-14428f458fa7,26,1665460,KR,2024-08-12
404939f2-7589-45cf-b331-f806f23bb962,27,814380,KR,2024-08-12
25bffb9f-0681-4e35-ba1a-0170b97ab11b,28,1966720,KR,2024-08-12
9f6a5108-92a2-4ce9-990b-0f5b20774689,29,2778580,KR,2024-08-12
b289a1dc-0a89-49e4-b03b-89ca8c1c96ae,30,2358720,KR,2024-08-12
85267b16-0311-4f4f-a9ce-fccd943af69f,31,381210,KR,2024-08-12
ee1a61d4-b05a-42d0-881e-80394e0d642c,32,1973530,KR,2024-08-12
4001f7c5-462f-4a1e-bd03-9e4f32a5e856,33,236390,KR,2024-08-12
444396ce-e05c-48eb-abb8-b57ba0277880,34,230410,KR,2024-08-12
5cc91528-a09e-4cfc-a1dd-a12e3a11e24a,35,960170,KR,2024-08-12
1e4add3b-ae2e-4876-8b0a-0e25ff640095,36,397540,KR,2024-08-12
d45dd785-d02f-437b-bc0e-c7980f415b1a,37,2646460,KR,2024-08-12
9686fcd8-10eb-4a16-a03e-5ead39095959,38,2000950,KR,2024-08-12
c48e31c9-c346-4df7-8d45-884d54c0ec8f,39,2668080,KR,2024-08-12
8fece742-616a-4a70-9471-958ef70d1da1,40,1172470,KR,2024-08-12
93011490-a2d4-4be1-a415-9c5a4e55c5ad,41,1943950,KR,2024-08-12
1ec4abf5-cbf8-4eb7-b9a3-402afe77c455,42,43117,KR,2024-08-12
fad919b4-5adc-45c9-a63a-b49c3f0ff599,43,1091500,KR,2024-08-12
08861393-da75-492c-8efa-70e97860b924,44,570,KR,2024-08-12
3b47e8fc-3058-4487-8e53-84d10f5efc87,45,553850,KR,2024-08-12
69d6a77f-e8e0-4ca6-9f40-74c1d33ff8be,46,2405,KR,2024-08-12
674c5934-2385-4261-bfdd-2b8232d7a250,47,2215430,KR,2024-08-12
edeabf2b-1cd4-4236-b628-e6d9f4ce9af3,48,673750,KR,2024-08-12
39b57f66-c25d-4690-b6a9-b74600f6b01c,49,33369,KR,2024-08-12
7a32a0f7-4947-442e-a7f1-3b8fbccc2b92,50,2526380,KR,2024-08-12
9fbae2c6-95f1-4cae-b76c-c0fee16a87f2,51,1237970,KR,2024-08-12
a54b697a-8df2-4416-8964-5269e589bcde,52,2670630,KR,2024-08-12
d2dbcdde-535f-4359-9ce0-39f704efb1af,53,648800,KR,2024-08-12
354a826c-af85-425e-ac03-642baf1deb90,54,359550,KR,2024-08-12
e753cf21-1f82-410a-9dd9-eb74e6581967,55,2669320,KR,2024-08-12
e41394e3-4a84-4713-a4d0-f94be75ed301,56,739630,KR,2024-08-12
b930cb1a-3f91-4a39-bc8f-4e9ee26a45ff,57,2336880,KR,2024-08-12
57a9278b-7567-4b7e-b2ae-15d04a3bfb16,58,1604030,KR,2024-08-12
e1ccc22d-c967-4ea7-853f-d73d85791f50,59,1260320,KR,2024-08-12
031e1964-5975-4944-b048-1275d02dcd47,60,1778820,KR,2024-08-12
d36e663a-a085-48e2-8d8a-7de44ff8c93c,61,2349820,KR,2024-08-12
95d370c2-4de4-4809-8fda-0a712c73e486,62,294100,KR,2024-08-12
a1015ff2-9b97-4e3f-b714-33de82281da9,63,377160,KR,2024-08-12
ff187a40-816f-46f1-a313-5e82765ba1f2,64,1973710,KR,2024-08-12
b1800afd-194f-4b4a-9c9a-a37641bbf851,65,2881650,KR,2024-08-12
253ad9bf-b7f4-4a55-9acd-b791dab397c0,66,782330,KR,2024-08-12
678eb491-3ac8-420a-9c6e-9cbd52f67898,67,582010,KR,2024-08-12
98d1bbbf-3b4d-43e2-83d0-62fe7fdd79e3,68,1282100,KR,2024-08-12
12d4f858-475b-4fc8-9618-247efc192be5,69,548430,KR,2024-08-12
2bb113bf-5451-4a52-b478-cad0072eb4e0,70,2195250,KR,2024-08-12
ef35d402-de90-4949-8d66-958790ae5882,71,761890,KR,2024-08-12
da8bd81c-7480-4e96-a238-55bfd4bf9e71,72,1599600,KR,2024-08-12
f5a2b793-b4a0-4707-bd16-ddce32bd1aa3,73,30424,KR,2024-08-12
0cce0c38-7428-4351-aa33-682dae8ae224,74,2289650,KR,2024-08-12
2fa40735-1af0-457f-9caa-a118d5b7dec0,75,1659040,KR,2024-08-12
66d6da0c-cbb5-4b70-824c-34aca6535e90,76,322330,KR,2024-08-12
eb3ed9d1-8868-40df-8f8f-2feae8e3476e,77,199943,KR,2024-08-12
f4daecaf-0f62-4464-bf0d-d04fad5070f0,78,2963870,KR,2024-08-12
a12c8229-f026-4561-949b-671071540b7d,79,835570,KR,2024-08-12
8867045f-804d-4a3f-9eac-32bc675f1383,80,250900,KR,2024-08-12
16169d69-5bf8-473e-b969-7dc5c0c93b91,81,1954420,KR,2024-08-12
46c0013a-98a2-4234-a24b-0fcbb6c148b6,82,546560,KR,2024-08-12
112de8b9-80b8-40da-8bc3-ff37a264d037,83,1517290,KR,2024-08-12
3f0fa7fc-b257-4af3-9da9-885fa5ffbd27,84,2252570,KR,2024-08-12
074833fb-0897-462c-a52a-271220d1354b,85,2854170,KR,2024-08-12
181038b1-f24e-42e6-8f82-ca0fc8d098c6,86,21432,KR,2024-08-12
2cdca917-c0a1-4775-b80f-1a29dd6d9b34,87,489830,KR,2024-08-12
4b381af2-92ba-4eaf-a55e-28ab4b4993d0,88,881020,KR,2024-08-12
610e1cef-6b89-479c-9674-6c66e557230a,89,346110,KR,2024-08-12
a62abda2-9296-4156-a897-1534a836b1d8,90,2751000,KR,2024-08-12
d85b99a4-550a-4ffe-85d1-8df16f537997,91,1174180,KR,2024-08-12
c299a9cf-029c-4cf3-858d-12f4511a028a,92,1477590,KR,2024-08-12
52e3405a-68dd-4536-8996-b130d23e627f,93,1562430,KR,2024-08-12
f4a429f9-3226-4f85-9946-5e6a81e42b4c,94,5699,KR,2024-08-12
0be0e8ae-a9a0-48b6-b1b4-32cbc6915d1f,95,1868140,KR,2024-08-12
09cd63d1-fde2-475d-af7e-589e67972b26,96,440,KR,2024-08-12
3ad997eb-c972-47a6-8c64-390fbe2e660a,97,898750,KR,2024-08-12
1e4485e5-0fa4-4bad-a92d-ac85d5971cc5,98,2379780,KR,2024-08-12
8d30b3c4-dc2a-4eeb-a7a3-b4e9cf17a155,99,1672500,KR,2024-08-12
219d7e7f-215b-407e-a532-8ec0e3f22ec9,100,1232580,KR,2024-08-12
8acfd41e-8605-4402-9e3c-539c4f061ea4,1,730,DE,2024-08-12
e5b73dad-7713-478c-b5d2-0fc32257f75f,2,1675200,DE,2024-08-12
5cb19c69-c1ae-454a-99cb-b330e45e9d4e,3,2074920,DE,2024-08-12
7cfc8740-a185-435e-aace-7aacab3641a4,4,1857090,DE,2024-08-12
006149c5-9c0e-4265-b492-edaa5aea5fa5,5,236390,DE,2024-08-12
e5226181-1ae4-4326-a85e-95d9078783fd,6,1593500,DE,2024-08-12
83637293-be96-420d-b964-7107acaae0d8,7,306130,DE,2024-08-12
c5c4c0fb-3e9e-444e-a92d-129d78526cbe,8,33369,DE,2024-08-12
15963cb2-7c32-4ddf-a957-3fdadc1e2ff4,9,578080,DE,2024-08-12
17ffcb7b-5201-4ce8-921b-9e3448516f4f,10,2183900,DE,2024-08-12
973167da-30fe-43f9-9e25-58a114a98e4f,11,397540,DE,2024-08-12
0aad3c3e-b0cc-4506-b9a6-8b770fd8eff5,12,2139460,DE,2024-08-12
7e187c01-0b1f-486f-bbea-59a73dbd4476,13,2933620,DE,2024-08-12
05e22523-40e4-407e-8a77-996d0a35e7fc,14,238960,DE,2024-08-12
7222904f-3fde-432d-826e-94c00bdd8926,15,1086940,DE,2024-08-12
ce25b528-2c78-4465-bfd8-7c1a191e3745,16,1599340,DE,2024-08-12
68c18d42-e5cb-45ea-850b-82edf8ad0abe,17,1222670,DE,2024-08-12
62db3f77-be54-478d-8d7a-2b31f73b0724,18,1245620,DE,2024-08-12
d4761b2b-6287-4038-9ffe-a0e4a8d9c7f4,19,2142790,DE,2024-08-12
73177ac3-4ebe-430d-9c58-f119ef19fffd,20,553850,DE,2024-08-12
b9872ad4-63b8-4e12-b4d2-66683110dd5d,21,381210,DE,2024-08-12
d6fe6783-034b-46c6-90aa-a6fee76e0a19,22,393080,DE,2024-08-12
bc687b56-e78f-4722-8eba-926515782d8b,23,15435,DE,2024-08-12
935d4501-260b-4c75-a411-960bcda45a22,24,2669320,DE,2024-08-12
fa2c0f6b-9b05-48eb-b5e4-30dcdbde1874,25,1151340,DE,2024-08-12
3a07c50c-c5b3-4435-acc1-ec9abe709674,26,39210,DE,2024-08-12
d6a81f60-3681-49a0-a736-48c2ad397c90,27,230410,DE,2024-08-12
cffb2868-1fd7-453d-a177-96ee777a3b5a,28,38150,DE,2024-08-12
fedc76b3-476c-4024-ba33-084d58f5ff60,29,271590,DE,2024-08-12
657b6779-2557-4896-afe3-ef36ae43e2d7,30,5700,DE,2024-08-12
599234c0-a0c1-4a7c-af40-7302f7c27a94,31,2344520,DE,2024-08-12
1b9c2d15-c8c6-4b10-8f18-407118335c86,32,2567870,DE,2024-08-12
141a4260-40f1-4414-b5b4-ac5ef346e2e6,33,227300,DE,2024-08-12
de8c8486-ca6a-4634-8ee8-717bcbdf9423,34,1449850,DE,2024-08-12
186845d0-8de2-4d83-8378-e374d4146245,35,359550,DE,2024-08-12
86887504-cb0b-441f-813e-7dafbdad6454,36,570,DE,2024-08-12
9e1193b5-a1ee-497a-a3e5-b3aac5bb415a,37,377160,DE,2024-08-12
88189b73-cfa0-4e6f-84db-edb371c524d6,38,1149460,DE,2024-08-12
e0684ba5-b5a3-4358-b36f-f95da7ee8697,39,1085660,DE,2024-08-12
a1dd7d4c-9eb9-426c-82e7-ed5c8c9a0b38,40,1172470,DE,2024-08-12
488696c6-30ca-4ccd-9b76-3cfa173d4128,41,1237970,DE,2024-08-12
1d02233d-1bcc-4ef5-9857-f9940fce747b,42,2362300,DE,2024-08-12
8bf81ed5-8f6f-4e1b-ad25-6af73f8b2e1f,43,2778580,DE,2024-08-12
f52bbeff-6218-4638-9f8b-2100fc916205,44,2638370,DE,2024-08-12
4ff21d34-bde2-4ec5-bda0-4419c42e2599,45,2358720,DE,2024-08-12
5bb1019f-a290-4b61-9bad-4124691c8e93,46,494840,DE,2024-08-12
8bc70c92-9728-4585-83d0-dc3852edf353,47,1286680,DE,2024-08-12
24e610d3-8bb5-4eab-823d-8bdbf9d7fc60,48,1203620,DE,2024-08-12
88f347cc-da86-493a-8abc-f14d5eec2bbb,49,489830,DE,2024-08-12
2ec20a13-97c7-4682-8b3b-7be8b1718f05,50,782330,DE,2024-08-12
7254d2f6-593d-4b36-9837-8471bfcc53e6,51,582660,DE,2024-08-12
44164477-e8b8-44f5-b1f4-d9c104d1d1db,52,1476970,DE,2024-08-12
24f60002-e11f-4ccd-afbf-a0511123dd8c,53,1017180,DE,2024-08-12
c21cf89a-4a66-4be7-91cf-0b7224365153,54,49520,DE,2024-08-12
d1f37b98-1748-45ef-8465-0ec56e551f47,55,199943,DE,2024-08-12
8a3140ef-53c2-4831-9bb8-01a20ab91630,56,311210,DE,2024-08-12
ead66dae-09c0-4d34-87d7-a179d57a97ff,57,1716740,DE,2024-08-12
38b7759b-2dcf-4330-bb7c-3dadb6829ae3,58,2300320,DE,2024-08-12
c12643ca-ec31-4c89-848e-c8e187b838a1,59,1172620,DE,2024-08-12
cc672cc8-2930-4b4f-b2ea-2b09a436f725,60,2840770,DE,2024-08-12
705eed73-1232-4f3e-bbc5-da90f2353308,61,1091500,DE,2024-08-12
b92a634c-4219-410c-b6be-7704a3953c0d,62,2662170,DE,2024-08-12
eb5acb32-36b0-4a47-9312-d9f45d052998,63,413150,DE,2024-08-12
eeaa47b8-c449-4924-a9d9-53c6923010ed,64,552990,DE,2024-08-12
1fbf2bd6-ccb4-4b20-a462-4a72a305a9aa,65,202970,DE,2024-08-12
a1f314cc-4abc-4ee8-940e-b4175b5daad2,66,2195250,DE,2024-08-12
b15c957f-c64d-4004-9451-a41de9c5f993,67,2426960,DE,2024-08-12
d03f0822-58f7-4352-bcbb-f2276b4918b2,68,2751000,DE,2024-08-12
e8c3a913-eae0-4cd4-af87-d9d4ec1ca558,69,39394,DE,2024-08-12
37f6dd32-6ce5-4994-ac2c-60a7b080acb0,70,1232580,DE,2024-08-12
10e985f8-bc6f-46a0-9050-49000702fd8e,71,1250410,DE,2024-08-12
b27f1bef-c341-4bdb-8ff7-c7724c07b94d,72,1059530,DE,2024-08-12
a29bdffe-de1d-4d09-a2a2-43bf5281285e,73,1962663,DE,2024-08-12
c735d602-ceff-4d6f-a7bf-0f311273c199,74,15366,DE,2024-08-12
dd49dc2b-e71e-4051-ac6f-706bb58b2675,75,1248130,DE,2024-08-12
e4efa2f3-ae6e-4d2c-b677-d1f8027ed78f,76,1158310,DE,2024-08-12
4ffdbd87-86a1-449f-b170-8a63d4b28f1e,77,1326470,DE,2024-08-12
c86c6359-762f-4b57-aafd-312c6809b7c8,78,1659040,DE,2024-08-12
0041d349-1410-41f3-b274-3f28846336ee,79,294100,DE,2024-08-12
99a0aa30-20be-4d3e-9a3b-289857bbaaa5,80,252490,DE,2024-08-12
7993ddf8-9ffb-4ab3-8d38-07d71df037ad,81,2670630,DE,2024-08-12
e0ca37d8-0481-47f5-af33-28c29147c917,82,427410,DE,2024-08-12
6a183251-b617-43eb-bce9-2c744aeba75a,83,2215430,DE,2024-08-12
f51bcbf8-101e-4a82-af6e-0587fc55fc7d,84,354231,DE,2024-08-12
a7defc6a-b093-4bfd-b6c6-19f4ce3bde48,85,594650,DE,2024-08-12
c5f3afed-c48d-4cc6-9adc-5c34c7295a76,86,1551360,DE,2024-08-12
4de06284-ab32-4b91-b4ad-76159918c3cb,87,2488620,DE,2024-08-12
f122ce08-b29b-4c29-8294-a70c2645d49e,88,30424,DE,2024-08-12
2a326055-e103-4734-89e6-6cc7dc847bc4,89,739630,DE,2024-08-12
37204c9c-fc29-4981-9b7f-f8fe7033273f,90,2961880,DE,2024-08-12
3bcf9bcd-d58a-4fd0-9f57-836712aeb18e,91,546560,DE,2024-08-12
d3000267-6223-46cb-9755-43dc26ede29f,92,1142710,DE,2024-08-12
d0e033b5-ec70-4e91-b137-c24d85d5a2e8,93,1144200,DE,2024-08-12
e4c56b79-24c1-4324-84b9-34385094b26d,94,2399830,DE,2024-08-12
132ffcba-6a4c-4c39-949c-0477d8fd6dbe,95,1407200,DE,2024-08-12
4f437200-78a7-4a96-a2b3-c19a731d7f21,96,394360,DE,2024-08-12
da10f755-c520-41b7-8b1d-b3003a0f49db,97,1332010,DE,2024-08-12
e9451cc7-0bfd-40dd-974f-a47384d6905c,98,1517290,DE,2024-08-12
1861535b-5286-464c-b068-24270948c65c,99,1282100,DE,2024-08-12
641e0db9-010b-4209-80b0-a32146710a9c,100,440,DE,2024-08-12
872ab9e2-4ad2-4316-af79-123780cc89c5,1,730,SE,2024-08-12
06015511-7c36-4823-957b-9b428ecf7b44,2,1675200,SE,2024-08-12
5aeb64a6-4cfc-4dc7-9e89-20e7bc988590,3,238960,SE,2024-08-12
51fd4cdd-fe4b-4930-b6c6-de078e85c20d,4,570,SE,2024-08-12
66ab479b-0acd-4a2d-b8b2-601c4510fb89,5,236390,SE,2024-08-12
88d8efd7-f6c2-4a61-aae0-5b963f762476,6,578080,SE,2024-08-12
92a2abbc-f7aa-4b4f-a3d6-b3165149670e,7,1245620,SE,2024-08-12
28f39e50-d435-4d95-be3d-8bd7f71b5090,8,33369,SE,2024-08-12
56b999ec-ab80-4e71-bb5a-abb4a7f764c5,9,1593500,SE,2024-08-12
aebe5070-9e05-4a05-9cab-c4f938f56b4e,10,393080,SE,2024-08-12
6dd7b4a8-5c50-45dd-b22b-1673b66de757,11,2183900,SE,2024-08-12
7c4b2ab9-4b01-462c-a589-cabe19266759,12,1086940,SE,2024-08-12
57754f05-ba12-430f-921e-c0cdd85b1e98,13,2074920,SE,2024-08-12
f0e83a52-aab8-46d5-86f9-b1ea146f9ae6,14,553850,SE,2024-08-12
8277a2be-583f-4723-b94c-772a68503b24,15,37256,SE,2024-08-12
bb5221b1-923b-411a-89f9-d5fe8cd09e43,16,397540,SE,2024-08-12
4c5d819a-b1c1-4b76-97ab-946bde69429d,17,1222670,SE,2024-08-12
a19cb769-ac21-48bf-8862-92f47b05226d,18,230410,SE,2024-08-12
fc29a94f-e596-41d3-9d91-8e746b3b9996,19,271590,SE,2024-08-12
c9775a6f-030d-4df4-8af5-f1e129111932,20,5700,SE,2024-08-12
adc6ecb1-294b-4aed-bcbd-ad79de843f27,21,2933620,SE,2024-08-12
951c6541-fc59-4259-9e18-3acb22ab9c59,22,2139460,SE,2024-08-12
258c88a9-7380-4348-b2a5-fb2042c5188a,23,1085660,SE,2024-08-12
15f4e3a9-06c9-49cb-a836-7d67f29cbc13,24,359550,SE,2024-08-12
75a45c4b-59d0-4d8d-beae-36472172ca1b,25,2778580,SE,2024-08-12
fb4496e9-2d6f-427a-868d-2ff857e5918a,26,306130,SE,2024-08-12
a0f0f824-bde9-4e44-8af4-6be9a7704083,27,39210,SE,2024-08-12
d5c98e07-c152-4857-9867-45176548343d,28,2567870,SE,2024-08-12
3ace1a19-44bf-4b0b-9c0b-c998e896a753,29,1151340,SE,2024-08-12
8213945b-db82-4c60-b45e-42e83121315d,30,252490,SE,2024-08-12
c9e6ff27-e32f-4e9e-b7c7-0755fd02d8a7,31,381210,SE,2024-08-12
16d7aa9c-73ac-47fc-bb59-572214979638,32,1172470,SE,2024-08-12
121154c6-3fdd-4bd2-98b0-250f892bb8fe,33,2669320,SE,2024-08-12
15936f99-1d3f-412f-8890-293c75975f46,34,2319,SE,2024-08-12
5fc2d014-f8cd-4c9a-8e8c-a4549354e5ab,35,1599340,SE,2024-08-12
c56906c9-3b2f-43b4-b34e-fd8f096dc4cd,36,377160,SE,2024-08-12
daed3cc0-0a3a-4ddf-8e7b-e77bcea60432,37,440,SE,2024-08-12
d660a97a-cf92-400d-b6fa-afc86cc640b9,38,489830,SE,2024-08-12
254b6690-c4f3-4311-9250-d10a39d54232,39,1326470,SE,2024-08-12
c66264b1-5d96-40ca-a9ac-71b018bbd14a,40,1149460,SE,2024-08-12
1d78683e-cbd9-414c-b977-7e66dffd3ede,41,2142790,SE,2024-08-12
0ac5c7fa-3c60-4f30-b464-dee750944b29,42,1237970,SE,2024-08-12
bf71dcbb-7159-4d38-81f2-7bd12132b1db,43,1232580,SE,2024-08-12
56b8b870-9402-4e9f-a2f7-4cf8d968a356,44,227300,SE,2024-08-12
faefeb12-e834-4b6c-99a9-b476c2051150,45,38150,SE,2024-08-12
4250ba75-9032-4eab-8327-ad40feb4b3d3,46,1247,SE,2024-08-12
09db0595-f944-4e23-a23a-645247be491b,47,2215430,SE,2024-08-12
68b77f1f-95d2-497b-8925-e4db3192bf60,48,1174180,SE,2024-08-12
fb42a146-9d45-4eaf-bfc1-b52961e9d7d6,49,2638370,SE,2024-08-12
2193b992-496e-4c2e-8547-6bb2db865752,50,1144200,SE,2024-08-12
feee9422-d659-45b2-96d8-02da4da414df,51,1091500,SE,2024-08-12
57e10f89-1ec4-4ae9-8b27-d317b6842930,52,1172620,SE,2024-08-12
6b744e3d-e50a-44e1-9422-d27f9e7dc822,53,2358720,SE,2024-08-12
024335f8-939d-419f-a22c-c294973ceb7f,54,1142710,SE,2024-08-12
92ebe44a-68f7-4d44-883a-82a4f3cb5c05,55,394360,SE,2024-08-12
26d8cc7c-c616-4f70-8ff7-596308071fce,56,782330,SE,2024-08-12
361e271e-6a92-4227-9630-c467d0d40f33,57,518790,SE,2024-08-12
42307176-64ad-4d5a-8005-0d23c3f3e7dd,58,2195250,SE,2024-08-12
4718131b-6221-4e48-b2bf-ad416b434d17,59,1716740,SE,2024-08-12
eaf041ad-3a29-4ee1-8b24-df9126d9431a,60,34209,SE,2024-08-12
1ad3cd7a-7ca3-47cf-ae61-23ad09b70ff0,61,1659040,SE,2024-08-12
eb082001-de11-466b-8958-8ad5bf972331,62,1286680,SE,2024-08-12
d6abbde2-91bf-480a-9987-9e038fb0ad56,63,1289670,SE,2024-08-12
774f9cf0-58b4-4d98-93ff-525ff4c1db9f,64,1158310,SE,2024-08-12
15898f6c-c073-4ae9-ae44-00bf650dc59a,65,739630,SE,2024-08-12
2e264956-2645-452c-81b7-49dba5ae0a7c,66,2396240,SE,2024-08-12
c5adaf6d-1ee5-4920-9f3c-7ab6185bbe8e,67,311210,SE,2024-08-12
4862c662-67be-4e2b-b7f5-0c2974c521dd,68,49520,SE,2024-08-12
fd2aab38-6dab-4e3d-b0ee-878cfa8b4a91,69,2488620,SE,2024-08-12
43409915-ee15-4776-827d-8436fa557c33,70,1476970,SE,2024-08-12
752b1607-81f0-492c-87e3-2108058db781,71,427410,SE,2024-08-12
b35e3e63-bdf5-42cf-9820-8692c4e3c802,72,548430,SE,2024-08-12
6a0146b2-8006-4743-b371-f786198a73be,73,1203620,SE,2024-08-12
802412fa-06ed-41ee-a276-0c328f4b4294,74,199943,SE,2024-08-12
42e6698e-d1d9-471d-9386-f814f09c89ed,75,284160,SE,2024-08-12
24468488-efc4-456c-b442-8304c1c5d7c6,76,1551360,SE,2024-08-12
c8446145-4372-4459-b823-2cf962d60cc8,77,236850,SE,2024-08-12
190f72f0-6917-4796-b772-4e1cbcb7a8df,78,1808680,SE,2024-08-12
7785a060-efe6-4bb8-8394-f4522105b233,79,686810,SE,2024-08-12
c953ce22-29f8-4b3a-ad97-91ce5167310b,80,2366980,SE,2024-08-12
e686b18b-9da5-43fe-8da6-9d972a2e76d0,81,1517290,SE,2024-08-12
e0224989-c8be-4734-a6ce-e0fa2eecc2e0,82,1562430,SE,2024-08-12
a4fecb42-eb4a-4322-a8d9-2cc3c00f0f20,83,294100,SE,2024-08-12
dd36cb93-0a2f-43ea-bcee-e67846eff72c,84,2336880,SE,2024-08-12
04fd60ae-43af-4a6d-9705-f2f6d894f6e4,85,1962663,SE,2024-08-12
e0dbe500-8b97-4c00-b32e-f6a134a38833,86,413150,SE,2024-08-12
b6ca180e-db22-4019-9a4c-95b1ab594007,87,2344520,SE,2024-08-12
83af533a-4429-448c-9c2c-5f2e46077999,88,2840770,SE,2024-08-12
8878cee1-eae4-4f05-afb1-f96b23de28e1,89,2751000,SE,2024-08-12
bd755ec8-4c97-4cd1-898a-963ae6100d28,90,2670630,SE,2024-08-12
9c11b1ca-2964-4d88-9ba2-d1cf421114d5,91,2016590,SE,2024-08-12
f0e7dce6-2e4d-4bc7-b1ba-f63e1b55da2b,92,202970,SE,2024-08-12
62fc8441-24ab-4ca9-a749-e22a0ba39b1b,93,1145350,SE,2024-08-12
6f72b54e-8471-43b9-870f-21d1cd51e41d,94,39887,SE,2024-08-12
92decdd2-038e-4be3-a81b-e01c7cd69c34,95,1774580,SE,2024-08-12
fa375a23-efd0-4d03-9b30-66bfe219220a,96,26688,SE,2024-08-12
b19df18c-ec52-4514-a3ab-19e2ba5d70ee,97,29153,SE,2024-08-12
d60c6b55-929f-4799-98c6-b5a22bb64d07,98,1284210,SE,2024-08-12
090b8fc2-853f-4b7f-bd70-9fec9e6e5c1e,99,648800,SE,2024-08-12
64ecc966-4f1b-4c6f-b545-fe8aacd42917,100,1966720,SE,2024-08-12
4e340f77-da58-4e40-b8e8-6c0c866322fb,1,730,NO,2024-08-12
4c0cbba4-61fc-4b15-becc-7a0d995e01c1,2,578080,NO,2024-08-12
44cfe08a-a375-4b2c-8c30-101b1f46c43e,3,236390,NO,2024-08-12
d6361760-33ed-4cc0-a3a4-0c14409e8407,4,1245620,NO,2024-08-12
11c3a6c4-f87b-4c5d-ad2b-6d555526fc46,5,33369,NO,2024-08-12
706406ee-4d0d-44bc-b074-ce7cf6c74141,6,393080,NO,2024-08-12
57a78a52-7aa3-41aa-812b-3a418f05e087,7,34119,NO,2024-08-12
a2a0a401-e9af-4adc-91ea-ef8dd61812ef,8,238960,NO,2024-08-12
7a12f04f-7f92-4f53-8daf-4a7afdd24dd4,9,1593500,NO,2024-08-12
62c918af-cf63-43c4-b82c-c4ca6a744803,10,271590,NO,2024-08-12
bb93a947-9cdc-42a3-8f07-a27729d3a9db,11,2183900,NO,2024-08-12
806a582b-6983-43c3-834a-2ee0808a6f7a,12,397540,NO,2024-08-12
bd0c0b08-3011-4b12-90bc-68167839876a,13,553850,NO,2024-08-12
8937b514-b77e-433f-af74-580a9b85a9b5,14,1086940,NO,2024-08-12
4f58f651-7c1a-473e-a3bb-fc78777138f5,15,2933620,NO,2024-08-12
ea5276c4-a73b-408b-8d6b-f97e7bf42920,16,2139460,NO,2024-08-12
4642a7d0-0aae-4fa3-9349-1197c3df49de,17,2778580,NO,2024-08-12
cc839f8b-2527-45bc-9b1a-f956db885ef2,18,230410,NO,2024-08-12
fa8e7c17-3bed-41ad-add9-510dc2a1e497,19,359550,NO,2024-08-12
007a3b44-58d6-4adf-9bf1-104df807b3d8,20,2074920,NO,2024-08-12
63c7a40e-6524-4aaf-9ae7-c19cb54cc7e2,21,2669320,NO,2024-08-12
9291fe93-59df-47d6-9cc8-31cffbda6ea3,22,2195250,NO,2024-08-12
92eececd-65ad-4545-8ad9-271310a277e4,23,37318,NO,2024-08-12
4407d6a8-55c8-4c46-ba92-ed698f8b3b7f,24,570,NO,2024-08-12
921a4377-d3fa-46d5-9e00-ad5571a3823e,25,252490,NO,2024-08-12
6e351953-6a5b-4346-8378-1a616e8e78f0,26,5700,NO,2024-08-12
684402da-f1c5-4560-9fea-910a47735ae2,27,306130,NO,2024-08-12
aa109e8b-8b72-457f-b10a-0b4c9e200e52,28,39210,NO,2024-08-12
a4df1d16-977c-4d70-b223-8a5501b47d00,29,1222670,NO,2024-08-12
22cfcf58-3a42-4ce7-91ff-045989efa4bf,30,1476970,NO,2024-08-12
fd7dc131-e61f-4392-8447-577c30e5d62f,31,1172620,NO,2024-08-12
6e45f4b6-12a1-44a5-9ba9-30ac4184ea84,32,1250410,NO,2024-08-12
aa9caf98-cfb6-48bf-8c91-54c969992fe9,33,2567870,NO,2024-08-12
b48af931-a20a-4011-9b7b-52361175878e,34,2358720,NO,2024-08-12
5f176c6b-cb7a-4428-aa41-033908b5fecb,35,7054,NO,2024-08-12
899a0f60-4351-4fc3-a380-f89fe5c3aaa5,36,1172470,NO,2024-08-12
a28ad565-dd77-49b3-a56f-7dd2effece9b,37,2142790,NO,2024-08-12
3df9828d-f78c-4836-b81c-97890d157367,38,311210,NO,2024-08-12
dd5aeafe-1896-4434-8367-9ec83d6e0280,39,381210,NO,2024-08-12
99ed2ae0-32dc-4795-8459-e7619ce388ab,40,440,NO,2024-08-12
bd398cf1-8ae6-4358-a938-539e78eba956,41,489830,NO,2024-08-12
b2808ce2-4334-461c-97f9-e1fa00a8f826,42,227300,NO,2024-08-12
888d4822-c558-43f4-a44e-1b4e8e70f3f2,43,40956,NO,2024-08-12
8fffde06-f9e7-4870-9321-00c42d8d5e5d,44,377160,NO,2024-08-12
212a99f9-83d5-440d-aaf1-9d28d348b545,45,35553,NO,2024-08-12
b9568472-b0dc-41a4-b42f-eb8c6b502df8,46,1151340,NO,2024-08-12
af8412bf-8f8a-4eff-a2a0-71946baf8183,47,648800,NO,2024-08-12
2f2a5fed-1688-46c6-af42-d955b53d8600,48,1085660,NO,2024-08-12
5c114809-15ed-4f6d-a8f3-20b13dfd70f4,49,2638370,NO,2024-08-12
f98fbd3e-1df6-4cf4-a75e-1fbbb88387b0,50,1289670,NO,2024-08-12
4a2ba8bf-a902-485b-b4dc-0a0f18177deb,51,413150,NO,2024-08-12
c8f4f7e6-65fb-48c7-a77d-0dd74f74cddc,52,2840770,NO,2024-08-12
d23cf7fb-4e34-4b3c-a849-1b7373560bb5,53,518790,NO,2024-08-12
f051228c-a803-4c75-a749-73ec7e0982a2,54,2215430,NO,2024-08-12
cbb48fa7-101e-49db-bfec-f1259ea30975,55,427410,NO,2024-08-12
fe8fa522-1806-4c5e-b1e3-c6c27cca6c83,56,1142710,NO,2024-08-12
6c6399b6-ee6d-4f67-a6cc-398d8b04ee13,57,49520,NO,2024-08-12
a1b69a45-3e98-4a8b-b943-94bb5c50442c,58,782330,NO,2024-08-12
d3b015cf-c684-4791-9ffc-801c6ef9732f,59,33550,NO,2024-08-12
e6318f6f-9aeb-4803-8283-0a0cde165842,60,1248130,NO,2024-08-12
9aa1f830-b763-46ad-a731-3cd82441f5b4,61,1286680,NO,2024-08-12
ae47f4a6-257e-4fd0-b01c-3e35bc009e3a,62,22933,NO,2024-08-12
d6e8b128-2d28-4d25-9ee4-9bce8e66424d,63,1144200,NO,2024-08-12
82e4fd5f-45e0-43ee-943c-c29f3379cded,64,37363,NO,2024-08-12
d01c0bb8-8644-4ea2-b631-fbcf289e9817,65,1149460,NO,2024-08-12
1eef9f4e-f8ae-45e5-a54c-8d3b374cc5ed,66,1174180,NO,2024-08-12
72886a7f-cb14-4561-927f-ca0f8c90d9c2,67,236850,NO,2024-08-12
b2f05d80-af78-4a17-93c9-941b48c5aa23,68,1237970,NO,2024-08-12
6e0afa77-f8af-4caf-98b0-44da330c04ef,69,15435,NO,2024-08-12
d4d16214-8a19-4e83-b411-77db9c36fc20,70,1808680,NO,2024-08-12
9961ff21-3d1d-4078-bcc5-29c3ddc97ee9,71,33529,NO,2024-08-12
fb1eb76d-bd6b-4de2-9b81-cfc1b6aa3f3c,72,1326470,NO,2024-08-12
4d06da3b-f53e-43a9-8fb6-c41c3004ca07,73,1158310,NO,2024-08-12
fc6cc018-280c-4e02-86c1-9c2a87347fc5,74,1091500,NO,2024-08-12
eaca91ae-38ac-4bf5-9760-cce6e1136ca7,75,266410,NO,2024-08-12
383921d1-6991-4896-97b5-586f7ac1f682,76,41506,NO,2024-08-12
88026a6d-17db-44f3-bfa8-87d29e3d65cc,77,1962663,NO,2024-08-12
d5be0325-1d2e-4e6a-90eb-d5f7b3f1c03a,78,218620,NO,2024-08-12
106d303e-ea03-4b46-ba16-8e94e611d1b6,79,548430,NO,2024-08-12
5a873ef0-6fc1-4cdf-a22f-8ac4fded642b,80,394360,NO,2024-08-12
44cbd938-cf3c-467a-a08a-8a1bd0fd9a6a,81,2751000,NO,2024-08-12
5d40f45f-f54d-4367-871b-8fcd221d9f3a,82,2670630,NO,2024-08-12
6c7c6890-e02a-44fb-a793-4e037584466f,83,739630,NO,2024-08-12
fa28ba81-8ec1-4de1-9a04-841d2626893f,84,294100,NO,2024-08-12
e568e78c-ad78-452a-b424-28488011ff8d,85,38429,NO,2024-08-12
32f996de-5fef-4f60-8d82-8b34d15e7918,86,1716740,NO,2024-08-12
2579cfc3-c821-4e0d-9c57-d53be96a2620,87,2366980,NO,2024-08-12
f80801f4-85a4-4cf8-9837-d0ff26507c6b,88,1551360,NO,2024-08-12
32154efa-8531-463a-b93b-f36ba4567af6,89,2488620,NO,2024-08-12
cac596cb-fc27-45aa-990a-d3bae44a1621,90,284160,NO,2024-08-12
f56a7583-0d0a-429a-a607-c184a61f8dc6,91,1232580,NO,2024-08-12
84f7390c-0f7d-4aa3-9a6d-23c1c3d3e78a,92,1659040,NO,2024-08-12
836684db-520a-4341-b299-f51ca8c37342,93,1266540,NO,2024-08-12
dbadbe6f-7e22-4ecf-becc-9347ec3b05fc,94,199943,NO,2024-08-12
e6d3d459-efdd-48ee-9efa-75d8bb5b2089,95,1203620,NO,2024-08-12
2d1c3d03-d18a-482f-8a96-14b9a53d40d4,96,1517290,NO,2024-08-12
9d5e27a0-f36d-4f29-b3db-3dd81af9c02f,97,703080,NO,2024-08-12
77d29dc9-2210-487d-abe6-8290a3d8e222,98,686810,NO,2024-08-12
8443581d-f8a9-47de-997b-f50077c46c4d,99,1562430,NO,2024-08-12
02dad70e-619a-4cb3-b8a7-5c6affb7b71d,100,960090,NO,2024-08-12
ef5a27bf-6610-483f-948a-b320e183f9e3,1,578080,TW,2024-08-12
afb02b27-2869-4b3e-9792-57b143e8d612,2,2139460,TW,2024-08-12
b5900ebd-732e-4c92-b789-4f060e5c60b5,3,2358720,TW,2024-08-12
df29f5f1-3476-4ffb-a365-5427c525ffc1,4,1203220,TW,2024-08-12
1b2ab413-0cfa-4c43-9b30-64c295095810,5,2074920,TW,2024-08-12
b030ac64-d213-4883-bf88-2c071fb1e0db,6,2855560,TW,2024-08-12
9b539aed-07fa-4912-ab4b-3aa137c4b4fc,7,730,TW,2024-08-12
a008ced7-f100-45bf-a4e6-bc6132232c68,8,1593500,TW,2024-08-12
3b525548-0665-41a4-af66-cf5d39695c1a,9,2344520,TW,2024-08-12
02f5b0be-445d-4ae6-a2a2-b2c8f9002951,10,1172470,TW,2024-08-12
0af734ec-02cc-4113-b120-46d7da244400,11,1245620,TW,2024-08-12
7af6cb29-d722-4b30-8f6d-2aa47fae76f2,12,5700,TW,2024-08-12
596ce2dd-13cc-4af5-89b6-0b4c322e5662,13,1859910,TW,2024-08-12
e19a3bb0-7f97-49c7-8862-5c9c1d4a713b,14,2183900,TW,2024-08-12
a1e44692-ad1a-478d-a39f-cd231518cb46,15,992300,TW,2024-08-12
5f621b3a-c49a-4a7c-bd31-e1836d6c74e2,16,1449850,TW,2024-08-12
fcd0b5b4-8428-420a-8f61-bf698cc4364c,17,271590,TW,2024-08-12
9be5dc9c-3917-4bbc-96d3-3a73329ded25,18,1089090,TW,2024-08-12
c03ff1ea-372e-4128-bc47-60b51bff8b7e,19,835570,TW,2024-08-12
c4be94d5-31b3-494b-8481-3b82e3fde83d,20,1909840,TW,2024-08-12
4b6a7ffe-cc8a-4a31-bdb8-f389ab2ca067,21,814380,TW,2024-08-12
3e82ea77-762a-415d-ac35-ae8acef53b21,22,13560,TW,2024-08-12
cb0e50e9-a497-4404-8ccd-fb36d58c06e4,23,1336980,TW,2024-08-12
c6ea122a-1a34-423b-8c5a-d3ca1405b4d4,24,744900,TW,2024-08-12
c4deb6f5-49a2-4ec2-95d8-a6f2412e2977,25,251570,TW,2024-08-12
622c1cd7-de6a-4403-8c5b-070c3f8535a9,26,230410,TW,2024-08-12
61014103-ad07-4e39-8966-efc63740b798,27,1237970,TW,2024-08-12
60d0cc58-014f-40b2-9f63-0e3f6e0b64b7,28,553850,TW,2024-08-12
06f072fc-0c35-48b1-ae99-ee95300c3a74,29,1222670,TW,2024-08-12
267a0629-7ae9-49e5-bbe5-c409f33491a9,30,1049590,TW,2024-08-12
04dc390a-b912-438b-943e-fdd29fbe7a05,31,2458860,TW,2024-08-12
75fb173d-27f6-4430-bb3b-c7b58011deca,32,1610440,TW,2024-08-12
fdc4ed24-7c24-4d03-8fef-d2e358bb580f,33,397540,TW,2024-08-12
11ce1586-999e-4a14-a13a-b93a7796461d,34,1672500,TW,2024-08-12
33cd01df-e3d1-4145-88f0-b2385409523e,35,1973710,TW,2024-08-12
d6a89188-7828-43e3-8440-4ed3566975b7,36,3067200,TW,2024-08-12
f174cd2d-d6d9-47ba-8626-d2fd74255c4f,37,958260,TW,2024-08-12
8098144b-88ff-429b-a093-3eb30de50050,38,413150,TW,2024-08-12
a256fd0d-918a-423f-ac3a-4bc4594d92c0,39,2878980,TW,2024-08-12
4f844920-3669-404c-9223-dbc6fce8722f,40,30424,TW,2024-08-12
a03ee49c-804f-48ad-9111-5b44e2857935,41,1377580,TW,2024-08-12
a360c37f-b0de-4dc2-8b32-e3b5f78c1b33,42,2445690,TW,2024-08-12
767b0ad9-6558-4856-9b24-c5bae7963479,43,2349820,TW,2024-08-12
ba51cca7-cdfc-4117-8892-7fa09beff21c,44,28796,TW,2024-08-12
69571aaf-d12c-44d1-9758-4c262b64385c,45,2972990,TW,2024-08-12
87d74cd4-0293-4a57-9050-b434fd80b13b,46,2778580,TW,2024-08-12
412a8f91-39d5-468b-af71-9bbd837ebeee,47,813780,TW,2024-08-12
6fb08a12-07b5-45d9-a1ab-9def5d31f45b,48,236390,TW,2024-08-12
2fe084e6-8a3e-48f0-9a92-1a03b5b377c5,49,1282100,TW,2024-08-12
56eaaa26-3f6a-4928-96f4-0f4f742eaf5e,50,2668080,TW,2024-08-12
0ebc35b8-1dbf-4053-bec5-6af249917573,51,227300,TW,2024-08-12
3baec06a-07ad-4e38-9ddf-e9be44ccfdfc,52,1085660,TW,2024-08-12
12ad53fd-1a13-458f-a7e3-8eb3dd8b9ff9,53,2338770,TW,2024-08-12
38bda149-14fb-457c-8d49-d356ae5aa47b,54,1477070,TW,2024-08-12
c254b04f-9db8-45c8-b1c9-1a4971074c63,55,1551360,TW,2024-08-12
9403d318-1b7c-490d-afd1-4800273ba6bb,56,23165,TW,2024-08-12
c8659b32-e194-4b28-b2bc-c1a3b783c30c,57,1416920,TW,2024-08-12
7543742d-fd24-4a12-9d81-3b177223e562,58,37676,TW,2024-08-12
782480fd-5a29-49bd-801e-4ae88b183fa7,59,949230,TW,2024-08-12
e07b6c9f-38a9-4b97-a9c5-8277a40fb799,60,2897760,TW,2024-08-12
0d286c49-c121-4680-9e9a-a6080a67addc,61,359550,TW,2024-08-12
e094f594-37bd-421d-a0e6-46f548fd084a,62,1151340,TW,2024-08-12
d59a4112-5f6d-4132-9d68-2d9427f323b7,63,33369,TW,2024-08-12
582504b3-1c76-461e-9824-bb677b15ad7c,64,381210,TW,2024-08-12
0fe3b96a-1131-4ad8-9974-5e5d5f2ac72f,65,1809540,TW,2024-08-12
553c42e9-ca57-443e-898f-bc3c49cd0829,66,41595,TW,2024-08-12
d310a4c4-ba3f-42e1-a337-db6a3e33f071,67,489830,TW,2024-08-12
f616d406-7c33-4c55-9c05-a23c4c6d9033,68,985810,TW,2024-08-12
dde7a1e9-2dd9-4cf0-a048-31d73421ee6c,69,1332010,TW,2024-08-12
cf9ba5d6-9898-417a-ad61-5c3f4c46accb,70,2016590,TW,2024-08-12
4fff8a65-90e1-429d-91ac-1b67f5fdef53,71,1086940,TW,2024-08-12
38de5676-4a6d-40f7-9689-d2405941a5ac,72,32470,TW,2024-08-12
c1d70464-f4af-42bb-a691-63b8e746dfbc,73,1623730,TW,2024-08-12
071bdf80-d65d-49ec-b35e-3e4867c10bc3,74,36564,TW,2024-08-12
5a0ede8f-2df6-4d0b-8246-55c4222a80b4,75,1954420,TW,2024-08-12
4d980981-f097-4eae-a910-e457ca8f262d,76,1260320,TW,2024-08-12
683237ce-ffac-4b48-b31b-f580228a70ff,77,2567870,TW,2024-08-12
9b980d63-62f1-4833-a02c-e6f256948c32,78,2197680,TW,2024-08-12
403352f8-cb2f-44a1-8d81-245415199106,79,739630,TW,2024-08-12
20752247-e0f1-4f3b-a3bc-6f7425e35e29,80,34010,TW,2024-08-12
425dc15e-4e4e-4784-82e1-4697b5d68b8b,81,431960,TW,2024-08-12
5e721e73-c62a-4528-8da0-c2672bc46a88,82,15435,TW,2024-08-12
8bb4a8dc-e555-4940-8005-e51507a3bc9a,83,1091500,TW,2024-08-12
74056745-7e2d-423e-a244-60bdee49782b,84,21937,TW,2024-08-12
06174f32-b563-4fbc-8ddc-22d457cda643,85,1364780,TW,2024-08-12
14012fc8-e51f-4064-b548-be3baecd6c0f,86,37565,TW,2024-08-12
5a399ea5-635f-4d0c-ba99-2fbfe3ee4a0c,87,1659040,TW,2024-08-12
01f510b2-f269-4fcc-99a3-ecec3467f986,88,306130,TW,2024-08-12
b08f4666-27fa-44b0-a979-44b390264e3b,89,648800,TW,2024-08-12
3ce48fd0-90cf-4ef9-b58f-25318e4a9578,90,22528,TW,2024-08-12
6ad0d0bd-8787-4cd2-a70e-7d82b2df5160,91,377160,TW,2024-08-12
111ee7fd-e63f-4508-8c0c-e791fe6fe7e7,92,13789,TW,2024-08-12
1ac2fbee-5724-4732-92ca-272c20243a7e,93,495910,TW,2024-08-12
76ce71ad-6162-4efb-bb38-aa6ba9d8a8d4,94,1329410,TW,2024-08-12
ae03afcd-b0e0-471a-857e-352bb57b8e1f,95,2305840,TW,2024-08-12
78d77b8e-8c29-4032-8e72-ce0ef56b07e5,96,2000950,TW,2024-08-12
2c94d15f-afdc-4ef6-b87a-d204a209c67e,97,44014,TW,2024-08-12
5e0d3712-4e82-4bf2-9351-0995e420ded1,98,1149460,TW,2024-08-12
d8f1c390-60a2-426d-96a2-328c0f3e03c5,99,427410,TW,2024-08-12
01ad10e3-5b1d-4c6b-894c-e2c2a69ced66,100,28933,TW,2024-08-12
2e4d95ea-f2f5-4d4e-aa67-22e6d96871e1,1,1675200,BE,2024-08-12
26dd069a-1af0-468a-a66a-4929503625cc,2,2933620,BE,2024-08-12
20c6e905-0493-43b1-a9ba-6d01e9926874,3,1593500,BE,2024-08-12
2f74b5f6-ddae-4101-b47d-7d113f47de84,4,397540,BE,2024-08-12
30d5dc64-19cd-4d0b-b703-6af8d7a2db8c,5,306130,BE,2024-08-12
55762e23-2d68-4b82-bed2-4f81198ada37,6,33369,BE,2024-08-12
46006feb-487b-48ea-9e91-056fdc750419,7,2074920,BE,2024-08-12
87387ab5-43de-425c-aa59-497d6622aaae,8,393080,BE,2024-08-12
ecdfef6b-f66f-4e44-84af-25fdadf317c1,9,26189,BE,2024-08-12
fe6bb20e-db33-4731-ae0b-e5881be77424,10,1086940,BE,2024-08-12
b1aa704c-bcc0-42e1-8a48-40ef0c3604b4,11,1222670,BE,2024-08-12
35837489-f1ce-4825-b156-bd22713e7efa,12,311210,BE,2024-08-12
ac91df5f-d874-4c19-9d03-9e8fd35758f9,13,30590,BE,2024-08-12
ba58353f-8735-4945-9c39-5ddc60659711,14,1245620,BE,2024-08-12
f614583c-ece3-42ad-9509-ecc8b1a474ae,15,236390,BE,2024-08-12
4e1a4331-fe75-4574-8fc4-c1261be4347a,16,238960,BE,2024-08-12
7b03fcca-a7a1-4719-8f44-c731815d85ed,17,230410,BE,2024-08-12
c6b79736-733a-4cdf-8f8c-8a933751de38,18,227300,BE,2024-08-12
5eb7fadf-03e0-41a7-b60b-7eb38e5b001d,19,36542,BE,2024-08-12
be5e800e-6c9b-45be-9af5-c1b447e504ea,20,2139460,BE,2024-08-12
06078be7-de39-46ae-ba9b-591b4da07a9d,21,381210,BE,2024-08-12
36fd6995-3d5d-409b-96c4-0fcb341d6f18,22,2183900,BE,2024-08-12
3d65d1ac-f112-4f81-b29f-0fbe68628abb,23,553850,BE,2024-08-12
1cf5ba56-5c22-4761-b0c4-0b0dc49c1da8,24,3748,BE,2024-08-12
3ea9b991-1a8b-438c-b2c1-cb8bfaec6b04,25,1151340,BE,2024-08-12
a8087d4a-a739-40ab-b5c2-7a9fde2fe013,26,5700,BE,2024-08-12
076ce692-8139-4067-b0d4-687fe7e1fae8,27,18803,BE,2024-08-12
c5184b17-8d0c-423c-801e-8b5a93244c2d,28,271590,BE,2024-08-12
88497ca3-ea1b-4e55-b584-d1be5735dbec,29,2808930,BE,2024-08-12
62554173-7680-4c2e-afcd-20c4dde6cd7d,30,2638370,BE,2024-08-12
c748d953-de38-4806-8379-74c44d16f9a3,31,359550,BE,2024-08-12
01a47167-c477-446f-8423-8ca9167c2427,32,1085660,BE,2024-08-12
4c0e04cd-1ced-46a4-9a29-82d5bba0487f,33,49520,BE,2024-08-12
23e1f92f-45d2-483f-9e0f-881285f43d42,34,489830,BE,2024-08-12
5ec9f99f-2ddc-4fb2-b79f-d8f26c2c3c2b,35,377160,BE,2024-08-12
02db2d87-fcba-4252-9dac-3100ca56f4a5,36,1237970,BE,2024-08-12
b7aeda95-35ba-412f-940b-82112a20b94b,37,252490,BE,2024-08-12
82568d13-61e6-4042-b6c6-0f3f4ec735f7,38,39210,BE,2024-08-12
fa06314a-25d3-4c13-ace2-62c80da8159e,39,22943,BE,2024-08-12
0ef143bb-c781-4eb5-9190-efc4ee7a8724,40,1716740,BE,2024-08-12
cb1d0b48-9857-4d75-822e-e152d744ac5d,41,1091500,BE,2024-08-12
d9e9df97-1a3b-4817-8bf6-533d44bf2e6c,42,23266,BE,2024-08-12
7779e4fd-795f-4dd5-a308-9a43750d504c,43,570,BE,2024-08-12
dfa5d888-8ebc-442d-ad9a-12fea6b89afc,44,16140,BE,2024-08-12
7d7e776b-1f66-4e56-8a32-79f4dd0d6ddc,45,2751000,BE,2024-08-12
321e9e91-eafa-42a3-9be2-6e6ab4957c15,46,782330,BE,2024-08-12
4dccd30f-1026-4c54-a537-7a58c3d6cc38,47,1286680,BE,2024-08-12
a862b205-19fd-4088-9aeb-ea55dbfc1f8e,48,38848,BE,2024-08-12
732cd063-8346-4733-8043-abd39030cddc,49,1938090,BE,2024-08-12
e7a7acf8-0817-4369-bcac-e054e71852a7,50,2344520,BE,2024-08-12
28412fc5-60a4-49f6-8e97-1496c5ac8b6f,51,2567870,BE,2024-08-12
b4c28343-6de7-4d07-8214-82abba6f5da6,52,36216,BE,2024-08-12
85d19bc3-46df-4611-be16-d6dc0d606969,53,202970,BE,2024-08-12
0d17ea3a-9202-4911-86a7-e293341199c2,54,15435,BE,2024-08-12
a9dac60f-510d-48dd-a836-c3133b2c4341,55,1172470,BE,2024-08-12
f7be836c-ec33-45ee-9edd-6244905764a0,56,24515,BE,2024-08-12
b35e3909-0813-4633-93b7-8c046965ee88,57,1476970,BE,2024-08-12
d9cce25e-f26b-44c8-91b4-9bff9901d93c,58,38150,BE,2024-08-12
c6f389eb-66f1-46ef-8116-0100bbab7686,59,1962663,BE,2024-08-12
5a2e4302-507a-4f4b-8296-a6e5101c93b2,60,26447,BE,2024-08-12
81da4549-c439-42ec-bd91-16e4797aa6d0,61,2519060,BE,2024-08-12
337e7535-8f03-425c-9e8e-2967b15141e1,62,2778580,BE,2024-08-12
c38ad13e-e546-4b6d-9781-10cfb3e3a71c,63,1172620,BE,2024-08-12
7bf290ce-f94a-461f-9326-c290906a51e2,64,1174180,BE,2024-08-12
cdc912d6-d2a5-4f74-b456-eccabad8a94e,65,35260,BE,2024-08-12
70030158-7322-44a0-b1d2-16aeff4d412e,66,2142790,BE,2024-08-12
572aba6c-49cb-4390-854b-ac3867622487,67,1250410,BE,2024-08-12
b0e0467d-dba4-4f4b-98a9-7aca8a51de09,68,1604030,BE,2024-08-12
6dc69581-128d-4fd8-97df-1108f88bb4e0,69,380600,BE,2024-08-12
a9434c11-2f8a-4da1-9729-a17426003bb5,70,11505,BE,2024-08-12
0ace77b5-d8eb-4d3d-9508-c1c7c5d8f77e,71,730,BE,2024-08-12
e197d004-d825-4795-9bee-f942e72a833d,72,413150,BE,2024-08-12
75880a92-bc09-448c-987f-11bcc044e382,73,34855,BE,2024-08-12
9afd8fa8-cdf1-498f-8530-a6bc80a5a02e,74,739630,BE,2024-08-12
421ab2ff-f0dd-4e4f-84eb-9d982a9b6086,75,1203620,BE,2024-08-12
b2e22e3e-9ae2-4997-8075-5df16a67cf9b,76,1158310,BE,2024-08-12
3f0a01fc-85b4-42c6-a1a0-6021c7b6cb97,77,2215430,BE,2024-08-12
74648b6d-5164-4fba-aac4-47fb9f2edb6e,78,2790720,BE,2024-08-12
4f02af4c-8bda-4f9b-8f0b-52cae8c8fbe8,79,1248130,BE,2024-08-12
f5de97b1-29bc-4385-a49f-68d342d8b385,80,2840770,BE,2024-08-12
f0c89e44-89f7-481a-be25-ee5d082e5155,81,1326470,BE,2024-08-12
694359f9-c55b-4e86-bacb-cfed30560b4f,82,1517290,BE,2024-08-12
25daa92f-cfd0-4fc8-abf6-4f484fdd3d68,83,1286830,BE,2024-08-12
52b0bf87-69a3-49b4-b8cb-4341065f65ff,84,1985810,BE,2024-08-12
7c8aee2b-6ab6-401f-8b55-fc3a264e7fb0,85,261640,BE,2024-08-12
68b48bdf-bcb5-48cd-bfa3-28055d1b1030,86,1934680,BE,2024-08-12
f95bee92-77fe-4796-906d-3b16e9195b91,87,2426960,BE,2024-08-12
edcc395b-dc5b-4945-8093-363706792cb3,88,223750,BE,2024-08-12
85730269-4113-4d5b-853f-744103bc1db6,89,108600,BE,2024-08-12
ba25d880-7a46-46a3-906c-a406d37f7673,90,648800,BE,2024-08-12
9ede6e01-5208-435c-a31b-de7f968f0f93,91,1331550,BE,2024-08-12
37944df4-6dbd-4a44-970f-51d442742a26,92,30424,BE,2024-08-12
efba507a-2563-4155-a8eb-e704a1fd3799,93,236850,BE,2024-08-12
b2152464-ac7e-4011-9115-cfd12faf4c44,94,678800,BE,2024-08-12
b7918a64-fcd2-4951-8ede-b3f18154b2f8,95,14949,BE,2024-08-12
3ef4894b-e0ce-48aa-a495-5744ace5e976,96,1232580,BE,2024-08-12
207eb252-6081-47f3-807a-b9c3237d473a,97,284160,BE,2024-08-12
048d40a3-e288-4c29-96b3-4e0c1348384c,98,30616,BE,2024-08-12
164b6da2-a1d9-44bf-ae05-bdb92f7c7f70,99,2338770,BE,2024-08-12
361f4efa-1b0e-42d1-9a50-3938e48dcd07,100,2141910,BE,2024-08-12
03203f35-0383-4197-b1f1-d0239bde1dd6,1,730,TR,2024-08-12
a59ae743-1999-4c81-b2f1-17cab125a7dc,2,578080,TR,2024-08-12
4f8e35fc-6f1b-49c9-a075-94bfb08095a4,3,2669320,TR,2024-08-12
70045cfd-99d0-4e4a-aa4d-72b1846402e2,4,570,TR,2024-08-12
92f2923a-63e0-4143-a270-b4cce0b85c4a,5,413150,TR,2024-08-12
d8b41976-7934-48b1-ba1d-2f0c03d53e56,6,33369,TR,2024-08-12
579fccdd-7170-40f3-9adf-7c06d3da6eeb,7,1593500,TR,2024-08-12
55028034-afc7-4c57-9e1a-ca053437c075,8,306130,TR,2024-08-12
038515f8-86e7-42ac-a599-14d412d3d0dd,9,271590,TR,2024-08-12
d4dbb802-db19-4637-82d3-d2805ba59efc,10,236390,TR,2024-08-12
798745f9-38d4-4aa6-b960-f9c8ea8a301a,11,1245620,TR,2024-08-12
cb935458-9bff-496a-ac26-aa5dbc55140e,12,227300,TR,2024-08-12
e6fbacb4-0511-4ff0-9e87-3d72fce7ece9,13,1238840,TR,2024-08-12
6012ff38-1ef8-47c9-b832-51ea3143a0da,14,2344520,TR,2024-08-12
3ca253fe-06c5-43be-827e-e8351a170f1d,15,5700,TR,2024-08-12
f16c490f-9b39-46fc-9ca1-013bb9cb7ee1,16,2567870,TR,2024-08-12
3864aaf0-a933-47c7-9001-ecefa04b8dda,17,1665460,TR,2024-08-12
9a453933-3c99-4d7d-8d84-d23393447bf1,18,582660,TR,2024-08-12
fd396a3c-903a-4084-af02-f7ce3652f31e,19,359550,TR,2024-08-12
c9e5a6b9-f8de-4e73-bb1d-3a9107550eda,20,252490,TR,2024-08-12
6340931c-fa38-48a2-8f25-4023cee2cbaa,21,2074920,TR,2024-08-12
6e1e9720-cc4f-4c63-ab46-bfe6cac7c584,22,1551360,TR,2024-08-12
08387429-c747-4b30-8365-5b8bf9fb539f,23,2358720,TR,2024-08-12
6a5a4acf-462d-4dc6-a39c-12e53b3dc9ec,24,1222670,TR,2024-08-12
040198d4-959b-432c-944b-4e295e773491,25,440,TR,2024-08-12
db57b2e2-5281-4fe6-bba8-38729cd2ea2d,26,381210,TR,2024-08-12
fd43dc8f-2dea-4527-8667-22d3e849fc81,27,2195250,TR,2024-08-12
ade81bc8-6379-4aed-a69b-605a39859715,28,782330,TR,2024-08-12
296a9917-14e5-44c1-b30b-fe45dc472725,29,2322010,TR,2024-08-12
156e744e-9578-41af-8257-6eddcf3e8cdf,30,489830,TR,2024-08-12
7e919891-32fb-480c-b582-7f8f4fdad52a,31,2778580,TR,2024-08-12
255b726b-ccbc-45d5-8ddf-ccc0b10b1fa4,32,1237970,TR,2024-08-12
2eb7ed63-ce0b-4144-94a8-1b18129406fb,33,2933620,TR,2024-08-12
1c3f640b-1917-4db1-9ac8-8529957b77e7,34,1289670,TR,2024-08-12
9168620f-6a56-404b-9562-3db529e437d0,35,553850,TR,2024-08-12
486349a3-c6c0-4657-8c4d-e3ff4b224ceb,36,2183900,TR,2024-08-12
04528a9c-7b10-4fc7-897d-9af136b0fa71,37,1086940,TR,2024-08-12
ba12c50f-9474-40c1-873c-7841dedc8f6d,38,1203220,TR,2024-08-12
f40d8ea0-94b9-4f80-a7bf-8aae55bf0a6d,39,377160,TR,2024-08-12
58ff8321-531a-439f-b646-5cfaa0b66c84,40,3782,TR,2024-08-12
86085095-ea93-4d59-b4df-4d765d0b9fb6,41,1119730,TR,2024-08-12
01a28d4d-a81c-4c0e-a4b8-df6b12b47faf,42,1517290,TR,2024-08-12
4b8d3d86-1624-4326-8bea-74a015691468,43,2000950,TR,2024-08-12
43fd01fd-0cf1-4892-a783-73e3dc8219e5,44,15435,TR,2024-08-12
c3c869bc-280e-4c2b-87ec-5e4e61719fb3,45,397540,TR,2024-08-12
b4dbdad4-324a-436a-8e88-64fedf55923e,46,389430,TR,2024-08-12
76b049aa-d507-4e6b-9502-f482a0707c20,47,230410,TR,2024-08-12
cee28f43-46d9-457a-af23-3f1441c6330e,48,236850,TR,2024-08-12
5ea7a541-fae5-48dd-b188-158a4fd32a22,49,905370,TR,2024-08-12
4f4d23e7-5226-4ef7-a48c-fad61c77eede,50,1172470,TR,2024-08-12
7129ec9f-0738-48d4-ae78-e666530f45b5,51,238960,TR,2024-08-12
814845d0-89ba-487e-a1f9-43fce585fb9a,52,261550,TR,2024-08-12
8390ff46-7a55-4515-b98e-5d84dfbbe5df,53,2139460,TR,2024-08-12
6552eb7b-3ed8-403d-be78-f64c2ade367d,54,739630,TR,2024-08-12
0e38902e-c7d8-4714-a61d-f78b09e1be7f,55,2881650,TR,2024-08-12
d411bed9-9eb5-4339-8b42-89318e64109f,56,993090,TR,2024-08-12
d4b4d0de-8624-4b0f-a758-45b3cd68d9b9,57,1250410,TR,2024-08-12
336cd686-af75-439f-9e11-b940d77d39ce,58,199943,TR,2024-08-12
01b5bf0e-a3a5-4cd8-b320-b316926a383a,59,714210,TR,2024-08-12
64173a97-fd24-4a22-873a-1576aa4298bc,60,1962663,TR,2024-08-12
002ee99c-fe41-4ac3-9f24-e793dcc64988,61,438450,TR,2024-08-12
a2b3845c-14c6-4262-bbbc-29474ebe20bd,62,2638370,TR,2024-08-12
5b18edce-fb14-4b7b-b91f-2036b9ab380b,63,15367,TR,2024-08-12
f489839c-a79b-4423-9fe6-e522c3bc355a,64,1151340,TR,2024-08-12
367f7341-b4ce-46b1-b9d3-1230ab2bcdf7,65,767560,TR,2024-08-12
a5c28df9-f8a3-4c91-8fea-908c7e2ffa8c,66,431960,TR,2024-08-12
eef788b4-b3c1-4380-bbac-f76ed59ed185,67,1332010,TR,2024-08-12
5fd2cea1-ced1-40df-801d-c70b8a79e2f1,68,2406770,TR,2024-08-12
b5685e8c-9cff-41eb-adfb-946e52a7fbcf,69,35840,TR,2024-08-12
53be1f0d-9ee0-4da1-9c1e-ff29e67b7d8f,70,444200,TR,2024-08-12
c1832a9e-4852-490b-bd7f-e55f3240675f,71,1966720,TR,2024-08-12
88094d31-c9ad-4412-b936-c68d55e15da9,72,1085660,TR,2024-08-12
296ad97d-14a2-4e9f-a2ee-8470ddfc8467,73,2751000,TR,2024-08-12
45159231-b14d-4239-b98f-c0b9bfc6b7ef,74,379720,TR,2024-08-12
80317a4c-54e2-45b9-b685-bebaaafc239c,75,393080,TR,2024-08-12
59075157-a829-4db5-a22f-bebc9a82eea2,76,764692,TR,2024-08-12
d23ecd4f-3c59-4203-a91f-9032e85327a0,77,2204850,TR,2024-08-12
c040ecab-d3c8-4c67-856c-af48343e7d1c,78,1174180,TR,2024-08-12
fd0ac2f1-9ca5-4f04-8031-f932f071641a,79,1222700,TR,2024-08-12
37db2106-89c8-40d9-9ef3-2dd80d603fb2,80,1144200,TR,2024-08-12
a3938c66-4d80-41c0-b3e8-f436143a6f30,81,1846380,TR,2024-08-12
71a278c1-0307-4378-b7da-a0927db0c329,82,1985810,TR,2024-08-12
9c8c7947-31fc-4ee7-9f82-41664d330b96,83,2252570,TR,2024-08-12
28e3d718-b44d-48f7-aa00-ff26b88d54fa,84,244210,TR,2024-08-12
7d4063e8-6e14-45d7-a0f7-5cd4e3c2bd7f,85,2878420,TR,2024-08-12
507985b6-6e5b-4e0e-a74e-a7a15acd7f33,86,1158310,TR,2024-08-12
08d8eafe-eec2-4842-a18b-051fda163dab,87,1938090,TR,2024-08-12
e3ad9476-5f05-47bb-95c3-94b899ec5700,88,1238810,TR,2024-08-12
23c28898-dcb1-41d7-933d-13060cebf383,89,39394,TR,2024-08-12
fa4809f2-8d0a-4429-81fe-f981a9fc84cc,90,1326470,TR,2024-08-12
46243726-4432-4488-bab5-eeb5c31893f4,91,1716740,TR,2024-08-12
b8eacf3f-ce2a-42cc-a284-2e975364478b,92,39210,TR,2024-08-12
f0b11eac-fe49-4afe-97f1-7da65ae02d47,93,6998,TR,2024-08-12
6d51da0d-73ec-4d38-b821-2b70425a5afa,94,1274570,TR,2024-08-12
531d2978-afa7-4aaf-b8a4-b4df851a0369,95,1466860,TR,2024-08-12
15311827-1571-4aae-bf7e-c212e9d5f3ad,96,1943950,TR,2024-08-12
358f9649-1536-46b5-bb01-f99a100e6953,97,1203620,TR,2024-08-12
8fdd002e-8007-4dd5-b035-3b288f83d308,98,1599340,TR,2024-08-12
eee1f828-f3b9-4236-ac27-ad175b1baad7,99,2073850,TR,2024-08-12
2b15215a-d0eb-4d8a-9960-6c606c8f7ca0,100,35839,TR,2024-08-12
6541cae4-6b8e-4e87-97b7-adcd6a2a4e99,1,1675200,NL,2024-08-12
edb763e8-8a5c-4b0b-becc-4c56f2b58db3,2,1593500,NL,2024-08-12
d5865235-4a5b-4592-9001-d5a107ef26eb,3,2933620,NL,2024-08-12
6ebeac45-c5a0-4905-94e9-dbabb0cafd04,4,2183900,NL,2024-08-12
92217cb0-34e4-48c1-8a3b-e06e0e2aece8,5,33369,NL,2024-08-12
65d9f16a-3cf4-4cf0-bd25-be369cea6883,6,397540,NL,2024-08-12
e9cb4c0c-12a7-43e1-b240-626bf6c80f8e,7,393080,NL,2024-08-12
3b6561c7-3613-4583-9628-5f3a27a0f4e0,8,1086940,NL,2024-08-12
9253ef87-e646-488f-a536-51e3f4408361,9,2074920,NL,2024-08-12
71898324-d238-4935-a004-73bad77382f6,10,236390,NL,2024-08-12
7e0ec779-958a-4d7d-842f-eb053e50c976,11,1245620,NL,2024-08-12
da80870b-361f-4fc3-8d85-fa3df3426d9e,12,39210,NL,2024-08-12
e9c7dd19-27da-438e-bc0f-0f3be58dd1bd,13,238960,NL,2024-08-12
abfa7eea-3b65-47a8-8bf4-ac3e90b42949,14,1222670,NL,2024-08-12
078976d4-6db6-491d-8378-e3374812dc55,15,306130,NL,2024-08-12
8f572c21-d209-4d4f-a032-431a9d2314e3,16,230410,NL,2024-08-12
ac6bb9b2-5e44-4470-8603-49d628cb3a5c,17,2669320,NL,2024-08-12
06a75486-11cc-4027-b417-9e3049938e3f,18,1151340,NL,2024-08-12
a73b4c25-f667-4b55-b973-8440bb3dd438,19,271590,NL,2024-08-12
daf7d70e-df26-4d74-a05e-27252a61060b,20,227300,NL,2024-08-12
046e5b33-26d9-44ec-b39d-ea1b9857f5f2,21,2142790,NL,2024-08-12
8a905c01-e5f5-47d1-bfff-5f9c20ba1ead,22,2139460,NL,2024-08-12
86c57d15-6912-4c46-afaa-1db23ed1ef04,23,381210,NL,2024-08-12
c5be8bba-780b-4876-b399-528542cdfbb7,24,553850,NL,2024-08-12
38c53749-591d-4753-82aa-0f8d07efc776,25,377160,NL,2024-08-12
7d5dfbfe-65bd-4953-b1b4-62194ebd80e9,26,2195250,NL,2024-08-12
9c1a3555-de1b-4728-bf5d-3cca377a1a74,27,311210,NL,2024-08-12
faf844e4-383d-46d1-bcbb-01b3ef2d17bb,28,489830,NL,2024-08-12
c4fec038-0afd-46aa-b650-4d8675a34efd,29,2778580,NL,2024-08-12
2b40da3b-6b44-4752-8967-d33da9650d7e,30,2638370,NL,2024-08-12
c8a99bea-c35d-4985-83e1-6d03653e482e,31,1091500,NL,2024-08-12
2d0588df-526b-4003-af4a-4ea5b756d67f,32,2488620,NL,2024-08-12
6638085c-808a-4a1c-826e-dc75b4af319b,33,30424,NL,2024-08-12
81ed9770-263f-4601-b31d-5a6b093aa3f6,34,1476970,NL,2024-08-12
e8bcc6ae-fe16-480d-908c-dc6c522556b2,35,255710,NL,2024-08-12
1ce46972-15fa-4db0-8dc6-8bece4575d69,36,2567870,NL,2024-08-12
a814a1de-a984-4579-b3c3-01d6c2c6fa0b,37,703080,NL,2024-08-12
dfe10e18-8ffb-4e14-b7c4-f15996ca6d60,38,782330,NL,2024-08-12
0ebb012e-62db-459f-a762-f7461140db0a,39,570,NL,2024-08-12
2dd0e59a-57bc-498e-a3e2-7ab4923778b4,40,1174180,NL,2024-08-12
58034c0b-9b2d-42fc-9121-be518e28635f,41,2840770,NL,2024-08-12
897a95c7-d42c-474f-99f9-02e2422eae11,42,199943,NL,2024-08-12
7850780a-8fc2-4457-b3b8-3533eb678849,43,1237970,NL,2024-08-12
7378a07e-4f82-4e83-ad02-f38f3cb2455e,44,49520,NL,2024-08-12
73fc50c6-f694-4085-b9ea-4162356a5c83,45,359550,NL,2024-08-12
540565ef-ccf4-4e10-9553-5ae6e010d8c1,46,38150,NL,2024-08-12
4059bcce-88bc-47f9-baa1-b5709dbf754f,47,1085660,NL,2024-08-12
433ad43f-28d0-44a0-9e1f-d95eaf360c57,48,2358720,NL,2024-08-12
5f266600-d159-4245-b5d1-463f8b70a3ce,49,739630,NL,2024-08-12
9443cb65-b9b8-4fbb-8699-384bd250afb6,50,5700,NL,2024-08-12
8de94859-309e-49dc-842a-b1b167f9fd4c,51,252490,NL,2024-08-12
0f940f34-6cce-4c4c-9582-489da53982af,52,1158310,NL,2024-08-12
1bf3c26b-3b4e-4a65-86c2-667b8c8f58a1,53,15435,NL,2024-08-12
5bd679fa-b664-49a8-aaac-358690d1b5c7,54,413150,NL,2024-08-12
eba20603-d6ca-48dc-b35a-ab8a4122d1b2,55,1172470,NL,2024-08-12
2db53d46-50a0-4835-b830-b3b3604a5e12,56,39394,NL,2024-08-12
9427eeef-fb62-447a-8eaa-4a3d3060c18d,57,1286680,NL,2024-08-12
6ae37430-39e6-4ae1-9fd4-c9bed144eebb,58,1172620,NL,2024-08-12
ac5f90a0-f616-4978-9217-4ff238b7ed36,59,1250410,NL,2024-08-12
01aff26b-66ff-4820-a465-a4c929b30a3c,60,1659040,NL,2024-08-12
3ea3f02f-2cd8-4226-b51e-f85e7605afa3,61,1599340,NL,2024-08-12
ed98d615-aead-40e6-a529-54fbdbea3496,62,949230,NL,2024-08-12
df16c83f-0853-4339-bec0-112856d59150,63,427410,NL,2024-08-12
39ac5e77-d444-4a84-935e-45a5cd58ccd1,64,2215430,NL,2024-08-12
f367bceb-41b4-44e7-b0d5-e04426589c6f,65,2751000,NL,2024-08-12
2072d58c-b5e7-4be1-841c-a5458c02279c,66,394360,NL,2024-08-12
258fb57c-867b-49a5-861f-e91e894f5f94,67,2300320,NL,2024-08-12
326e5aa2-d52a-4695-acf2-6b9b912bb20d,68,2400510,NL,2024-08-12
6d2aa567-73b4-448d-b159-3803148d3698,69,2344520,NL,2024-08-12
36737c1f-aaae-46ba-8d15-bb603b403ed5,70,2591280,NL,2024-08-12
f808ceb7-8689-4347-b4b2-71cb6851d182,71,1232580,NL,2024-08-12
7db2b7d7-98da-4823-a535-d85a5459d512,72,2366980,NL,2024-08-12
62764f86-d9e8-429c-a7a8-9c80608d8972,73,730,NL,2024-08-12
f148d280-0d23-4a85-9021-25b45570b308,74,578080,NL,2024-08-12
47e6fcf3-1cc5-4e7b-8e2b-0b7829d7d23d,75,548430,NL,2024-08-12
0e227c39-d334-437b-bd82-d8d40e74e6d0,76,40889,NL,2024-08-12
2db514d4-817e-498f-a48f-4127158c9750,77,1716740,NL,2024-08-12
9766e405-a0aa-422a-84a1-96f7b8dc15a5,78,223750,NL,2024-08-12
bf81a5b5-2eda-4362-be55-dce3a0744d82,79,2138330,NL,2024-08-12
d8a728ef-f25a-4cfe-9678-f10ba64bad02,80,1244460,NL,2024-08-12
156c5768-1bbf-4652-8f59-482db673ad3b,81,1142710,NL,2024-08-12
6d8f2362-429e-462d-bce6-2a8e92061a77,82,1985810,NL,2024-08-12
5dacfcc7-3f02-4cb5-b049-a0a8cc3eaa09,83,1551360,NL,2024-08-12
2a36d84e-913e-4ead-9c7a-7be7b48775af,84,582660,NL,2024-08-12
7f2edeaa-73d3-4a78-8bad-a1ab62bc545b,85,2399830,NL,2024-08-12
5dff9660-4df0-4af2-b76a-aeed25cf870f,86,552990,NL,2024-08-12
1bd06279-5fea-493f-a1c7-f7e5b7a1b844,87,1937780,NL,2024-08-12
dca13f87-812b-47da-8e3f-f0fa4edcf26c,88,2141910,NL,2024-08-12
eb27bf1c-9847-415d-a24e-b8219a5c7205,89,1332010,NL,2024-08-12
ed1a0dde-c485-4925-ac9e-96b63874e345,90,261640,NL,2024-08-12
9870bb35-03d3-43f0-9d18-6b8f5236bc0a,91,24815,NL,2024-08-12
08159c13-5fd0-4bf1-af49-e68227073517,92,1517290,NL,2024-08-12
079c7ba4-ac52-4bd1-b98a-bc6656707edb,93,202970,NL,2024-08-12
6e733e44-5b22-4994-8d10-7ac05c7b3dfa,94,546560,NL,2024-08-12
9819d685-300d-40a1-a1ca-0d26e9921fc2,95,494840,NL,2024-08-12
f30ee129-d78c-48a0-b127-fd4dcaada527,96,686810,NL,2024-08-12
3f9a1baa-339b-4ccd-92a2-0d66f2030254,97,37323,NL,2024-08-12
b5c5d50c-6904-4f8b-b494-1d31eebc2258,98,2670630,NL,2024-08-12
a6ec06cd-9eff-4293-bf40-072e271e9a3c,99,1962663,NL,2024-08-12
5b998c4b-77ec-416a-988c-41ff96df06de,100,1248130,NL,2024-08-12
60293862-fbe9-47fa-8b36-0199e6236d00,1,1675200,GB,2024-08-12
9467b8a6-fd59-4f00-b40b-304748bbe98e,2,730,GB,2024-08-12
ad4be393-c245-4fdb-9b45-64b581c0b89f,3,393080,GB,2024-08-12
15ee7a1b-c3fc-4f55-b17d-a7c9de514c71,4,2183900,GB,2024-08-12
8c4931c6-7a07-4fb1-8b19-09e6dc2f230f,5,2933620,GB,2024-08-12
c781c17f-c42d-4a84-8415-59a896ccfcb7,6,397540,GB,2024-08-12
e344c416-21eb-4a79-910e-b92a91847252,7,33369,GB,2024-08-12
e9ad3787-5a19-40e0-b860-f35c5a36ff15,8,2074920,GB,2024-08-12
a0a09ed3-ae29-49f4-bf5d-f3e3da7efa3d,9,236390,GB,2024-08-12
77452347-2f94-4aee-b570-111ed88801d5,10,1593500,GB,2024-08-12
54c35eed-213e-45ac-b52e-94fc64c61c09,11,230410,GB,2024-08-12
eaf79e64-fa1e-4278-862e-36b819f060a4,12,306130,GB,2024-08-12
1781150c-d4da-40d5-8194-4e269bbd6b23,13,1086940,GB,2024-08-12
1909fc8c-d598-456b-9896-ea34d4019295,14,359550,GB,2024-08-12
0a55b5be-09ee-4384-92cb-d05f875ad227,15,2366980,GB,2024-08-12
a3f916df-34b8-4308-aed4-6481d3806fe0,16,311210,GB,2024-08-12
7358046b-d6f7-4c0d-b7ed-f0c321ac6e46,17,553850,GB,2024-08-12
fd87c176-92ed-40ed-9a19-e7a2c90fa288,18,1222670,GB,2024-08-12
21e43304-8277-481b-9888-2130428b1d8d,19,5700,GB,2024-08-12
ba0cd811-0c68-4b59-8ccb-58a946efeac8,20,2142790,GB,2024-08-12
2b4fe4c6-315f-4fb3-983f-f5fadb41a49b,21,199943,GB,2024-08-12
0f4ae9fc-b54d-414c-940c-fc2444a72b49,22,2139460,GB,2024-08-12
3dad12fc-1c54-4a9f-9f36-4a128b026333,23,381210,GB,2024-08-12
3a504fbd-fbbf-4050-9871-3672028deed2,24,1245620,GB,2024-08-12
3ccf16ec-9221-4edf-8a5f-1fe5e91cd1c9,25,2638370,GB,2024-08-12
3b47c499-57c5-43dd-9e14-c29ae3ed7e6e,26,377160,GB,2024-08-12
f8abbb07-0dd9-4376-a13a-165348c43a03,27,570,GB,2024-08-12
aa20119f-6f10-4751-8aa5-615746d4ab77,28,1151340,GB,2024-08-12
489534c8-4c2b-4622-9465-2f0d29ca6893,29,39210,GB,2024-08-12
dd11d809-b461-4c16-aa08-2fde47cfb546,30,238960,GB,2024-08-12
63f2fd70-fc57-4bd5-8b4e-3f628669ae73,31,1085660,GB,2024-08-12
94bf082d-b2a7-404f-833f-a725ff9ecf32,32,1172470,GB,2024-08-12
307eb085-ae48-478d-b0c7-34112e52a7dd,33,271590,GB,2024-08-12
140e7105-ec8c-48a2-adcf-64f02b487bad,34,49520,GB,2024-08-12
cafa699a-7432-4325-a024-826d2064678c,35,578080,GB,2024-08-12
e7afc5d2-91ca-4252-8e18-a6c478baa433,36,489830,GB,2024-08-12
229ccb3b-1841-419c-be93-7d8d871703cc,37,440,GB,2024-08-12
ee8fd54e-b052-4248-9252-583305e32ede,38,252490,GB,2024-08-12
ee86b462-9e86-40c4-8be4-0cd48dee9c98,39,1449850,GB,2024-08-12
d9db06ae-b86d-4d5d-8c30-2294e470c11a,40,2358720,GB,2024-08-12
6fbd7584-52bf-4068-a431-45e21ee68979,41,30424,GB,2024-08-12
0e6706ef-4010-45ae-994b-4a73416000cc,42,2669320,GB,2024-08-12
d0408f54-c69f-4bdb-9e90-515ebaf7697d,43,782330,GB,2024-08-12
1dcc8040-4eec-45a8-a741-19e916b9f009,44,1237970,GB,2024-08-12
892bc1a0-4853-428e-a0cd-d3a11645fec4,45,2195250,GB,2024-08-12
c71a1ab6-3709-4199-ac40-800e4e0f6b81,46,413150,GB,2024-08-12
afaf26a0-0a49-42fb-9509-ad9b8c8e4f1d,47,1286680,GB,2024-08-12
3c2678a0-a3df-4e6d-9285-38371ccfe086,48,2567870,GB,2024-08-12
7c3cc5ea-ec5e-4f08-b6ff-16c64b4d8399,49,1158310,GB,2024-08-12
035f20e9-74d1-4b03-a9d3-95db31ebb1b7,50,1289670,GB,2024-08-12
b1d9746c-19a3-430d-b0de-4a59a6ac1e73,51,15435,GB,2024-08-12
67d23f8b-6b08-4fc8-8b4a-07a09af13576,52,202970,GB,2024-08-12
48149589-c2d7-4dac-8c33-c7d583df096e,53,227300,GB,2024-08-12
cac021f0-0a0f-48bf-b45a-5f2390d2b75c,54,2778580,GB,2024-08-12
dbe5a2d5-9781-4b1e-aa5e-86603fce38eb,55,2400510,GB,2024-08-12
59b6a99f-9d64-47ce-b98c-4971a595f02e,56,427410,GB,2024-08-12
86dd4159-dfeb-40a3-8ace-ee4dc8a2c96e,57,739630,GB,2024-08-12
bebf74d3-db44-41fc-ba8e-b957e3baeccb,58,1659040,GB,2024-08-12
d2b907bf-c781-41cf-8e73-63453813e3f0,59,294100,GB,2024-08-12
648a705d-1fed-435c-8599-4a9357eaaf77,60,38150,GB,2024-08-12
77f2a106-3ef2-4dbe-9839-3f012e0aafcd,61,394360,GB,2024-08-12
f1029780-7119-48bb-b33e-64dee7f5489e,62,281990,GB,2024-08-12
1ca4a547-8ed4-452c-9e00-87ae8868d420,63,1091500,GB,2024-08-12
8b21c712-62b7-4471-9e50-22a3e310e12b,64,546560,GB,2024-08-12
05107f2d-e2ea-4ab7-ac5f-61da1a2fefcb,65,2840770,GB,2024-08-12
c2243cb7-8d47-4aee-81a5-92950e37d7b0,66,261640,GB,2024-08-12
88846839-c5f1-4632-9415-1826614b4655,67,2252570,GB,2024-08-12
44d13db5-59b0-4504-8c1c-11bb93f3d7ed,68,2344520,GB,2024-08-12
b9757f91-7bfd-4858-8274-45b53b9c21e6,69,1250410,GB,2024-08-12
2da26363-7700-4aa8-9c9b-3061abbbc30e,70,2751000,GB,2024-08-12
a83ba35f-c2bf-4973-8dba-ec2e9f81f438,71,1985810,GB,2024-08-12
da0df8fb-bd9e-4dc8-b250-8a09cc295181,72,1172620,GB,2024-08-12
65667258-3ee5-48d3-91eb-2950ea272523,73,1059530,GB,2024-08-12
fb1d27a5-326d-457d-b154-455512017c36,74,236850,GB,2024-08-12
7a044c05-183b-4630-b1a4-cb706bc41a8b,75,1232580,GB,2024-08-12
123dc7e0-fc20-4ed1-8c10-1ea889f186bf,76,2488620,GB,2024-08-12
19f64447-f714-47af-8591-38800c0f0ccb,77,1363080,GB,2024-08-12
9d741c88-4420-4a3c-abcf-b9d367c52870,78,552990,GB,2024-08-12
21f090bb-489e-46c4-b533-b5daf5d9e3bb,79,2670630,GB,2024-08-12
d1bdbd2f-e66d-4fe9-87aa-e61888b371cc,80,292730,GB,2024-08-12
df1765b0-79b3-4472-afc3-b5560d1bf208,81,15366,GB,2024-08-12
dbe64872-7b4a-45cc-b7cc-8408fcaf3f14,82,1962663,GB,2024-08-12
17aa04ba-3f8f-40f3-ab6b-343d4acb8013,83,354231,GB,2024-08-12
5310956d-c58e-4756-8588-6ad142177bef,84,548430,GB,2024-08-12
6d67eb94-3738-4196-b083-45aaa63fe5c4,85,2357570,GB,2024-08-12
8e18ed2d-888e-4c1b-8f1d-1534104256a9,86,266410,GB,2024-08-12
a56ae7b1-535f-4406-9928-3d548a11707f,87,2141910,GB,2024-08-12
a69bfd23-ce24-4c9c-9eae-7862a84150c6,88,223750,GB,2024-08-12
393e0e85-a6bb-46d7-9dde-1462a3842934,89,2396240,GB,2024-08-12
9b3e3265-3cf3-411e-9df0-d7a7d7ccdd16,90,1142710,GB,2024-08-12
20025346-1aa1-4cbd-9d26-e6745f76eaf9,91,1332010,GB,2024-08-12
acad5ef0-8581-450a-aa2a-d57c2807c6d2,92,494840,GB,2024-08-12
5acea306-a9f6-484d-8e06-8f2424064c20,93,1282100,GB,2024-08-12
3fcbdca6-0bd4-47a4-b47f-bb1047878c0a,94,1286830,GB,2024-08-12
e2d9b7df-6411-4285-a349-02c81ef97fe5,95,2379780,GB,2024-08-12
50db01b7-66ff-4da2-ac2c-1d5f71d0f8db,96,960090,GB,2024-08-12
404db4cc-d7f7-410e-b6cb-c353beee86eb,97,1562430,GB,2024-08-12
0c04c155-cd33-465b-a055-17dddb0128b5,98,1476970,GB,2024-08-12
fdd57fc7-ea6c-41cc-ae86-b6abc4090981,99,2215430,GB,2024-08-12
ddada4fe-5fb8-44d6-8950-e23c4b0f089c,100,1169040,GB,2024-08-12
575b4abc-9cf8-4561-acf1-cb08116007cc,1,730,CH,2024-08-12
93231c28-3bbc-4fc4-afe4-f62981e1eb44,2,33369,CH,2024-08-12
3c278d1a-4a70-4c55-990b-c193623a3edf,3,578080,CH,2024-08-12
65786b5f-0f5b-431d-9384-1bee853ca515,4,1857090,CH,2024-08-12
f8a2df27-0b48-47e2-be42-c1219e1caa8a,5,1593500,CH,2024-08-12
ee102101-2a4f-4e43-b67a-ee46f38cd612,6,397540,CH,2024-08-12
2846646d-59d7-4bdc-9d21-87890f459720,7,1086940,CH,2024-08-12
8e8f9844-a788-44cd-98ff-9aee70b7d4f4,8,306130,CH,2024-08-12
d05c2753-e9c8-4837-b5df-31f3f34598cf,9,1245620,CH,2024-08-12
96b36b64-b3a8-4bf9-a3b2-a4935f9dec7c,10,2195250,CH,2024-08-12
527215f3-e35c-48ba-b306-1e758deaa413,11,2139460,CH,2024-08-12
c2266c54-f59a-47b3-aafb-b5a1ea62f2cf,12,2074920,CH,2024-08-12
0dc3a434-e65b-4c54-95fb-d5d9bbd30188,13,236390,CH,2024-08-12
e14802cc-a1aa-43f6-a214-872b164bf0ae,14,1172470,CH,2024-08-12
a8107074-1b97-40d1-adb6-3104041bed68,15,2183900,CH,2024-08-12
afb8b836-d41e-4c37-9d8a-a8169ac60e25,16,12707,CH,2024-08-12
b426704c-67b2-46e4-af3d-9da0c04301a8,17,1222670,CH,2024-08-12
b8a6f5ac-6023-454d-bdc8-5d1d99c5a17b,18,553850,CH,2024-08-12
075aebd7-8274-48f1-83d6-e4ca23115877,19,1250410,CH,2024-08-12
b2ab88bb-a776-4ac0-9a8b-94befdc1e432,20,2567870,CH,2024-08-12
c1aae26a-158e-473a-9fa2-ff29b1f3dbff,21,1085660,CH,2024-08-12
b3f13b15-50c6-47a5-8240-d49de800aa03,22,393080,CH,2024-08-12
8913af2a-f436-4e22-8050-a9cfea7dcb62,23,238960,CH,2024-08-12
d1f5f380-fca1-4306-9b6e-d02f7941f116,24,570,CH,2024-08-12
59795fa4-86be-4b5d-9a90-db026dc7de2f,25,359550,CH,2024-08-12
1cfaabe9-3032-42bf-95ad-925e47628707,26,36541,CH,2024-08-12
e800ebea-b2d1-4b34-b84e-1b898dd7257c,27,1449850,CH,2024-08-12
9395a800-75c9-488a-93f1-7e5d01dea0dd,28,32180,CH,2024-08-12
5f0fab62-964e-4619-8c26-bcb592c82f67,29,2358720,CH,2024-08-12
5cd97752-a8b0-4cea-b783-d9a0c32ffdcd,30,2933620,CH,2024-08-12
4d127ab7-0a53-4639-9a67-4800d02949e3,31,949230,CH,2024-08-12
60af385f-a85a-4c3c-ae4f-cf58595391ba,32,2669320,CH,2024-08-12
dfce9cd1-0aab-4524-9032-fcaa863e76dc,33,230410,CH,2024-08-12
15a81d58-546a-47f3-9efb-a5ef761feed8,34,381210,CH,2024-08-12
04101b10-d115-4454-9fc6-ad3c15ff4ed5,35,15435,CH,2024-08-12
fbeeec04-0f45-4f69-96dc-dc0820e87b2f,36,2142790,CH,2024-08-12
c69f7430-3692-4503-81b1-565e05fb6a20,37,42046,CH,2024-08-12
55a88812-f591-4fc8-adfa-4715e4f03a57,38,41023,CH,2024-08-12
bf9fb179-1002-4dfe-99df-6f5e6869f35b,39,1599340,CH,2024-08-12
ebc62355-8e5a-40a0-aa7e-e0b5271f8b3e,40,1172620,CH,2024-08-12
a7e1a967-e653-41dc-bacc-a501ec71a515,41,1551360,CH,2024-08-12
4a97573a-42cc-4a5f-a525-bae410a668bc,42,2778580,CH,2024-08-12
af61d661-c90b-4801-84e7-b6d78a8f8045,43,39210,CH,2024-08-12
9b0734a4-95a1-43ae-b608-948a45fd0b90,44,11732,CH,2024-08-12
b2eb4f28-d8cc-4d93-9126-262cdf29ffb4,45,227300,CH,2024-08-12
f7b268b4-a418-4b4d-a489-fe94bb990df1,46,18726,CH,2024-08-12
a67e9b60-d431-49dd-bfe2-e77751820778,47,1203220,CH,2024-08-12
59365600-3557-4e29-bc1d-978f7828206d,48,1091500,CH,2024-08-12
184ed57a-195e-4943-af9d-a4fb46be87f2,49,29273,CH,2024-08-12
8c00f13e-8b64-4960-a6d5-5cd201a55c8d,50,1151340,CH,2024-08-12
9c3d0ee5-ddd1-4005-9f95-ecc0f5c9b62d,51,49520,CH,2024-08-12
eafbed4b-88c2-4412-9c99-e13352fc3808,52,15587,CH,2024-08-12
8854be25-24aa-4bce-a880-108993d934c7,53,1818450,CH,2024-08-12
c4a744af-933b-4f98-9cfd-c3da11953947,54,1716740,CH,2024-08-12
0cea1291-cb37-46d2-adcd-9d8c4bcd4005,55,1237970,CH,2024-08-12
c78926c5-b1a8-4f9a-82b9-e6848095f8c8,56,2396240,CH,2024-08-12
5abf95b0-cd26-4114-853f-ffc6268eee42,57,1174180,CH,2024-08-12
e46ba710-dca7-4cee-9aa0-5010057144d9,58,2300320,CH,2024-08-12
e25cb30e-afb7-4468-836a-7f26907c1985,59,5700,CH,2024-08-12
2981ab0a-6e4c-4bce-b297-153be806730d,60,1332010,CH,2024-08-12
828452b1-24ff-46e0-8796-40f2deee214d,61,27500,CH,2024-08-12
4370210b-03bd-4b13-bbc5-e2aec267fb7a,62,1203620,CH,2024-08-12
ada0a361-e59c-4a53-927d-80a5fbc939b5,63,252490,CH,2024-08-12
9cfdc59a-e202-4da7-8042-3e857b6e7464,64,1724,CH,2024-08-12
8d28cf44-4702-4b11-813d-2f4ff5cf59f4,65,2751000,CH,2024-08-12
2034ba02-87c1-4e57-a867-b46a52ba9dc5,66,2638370,CH,2024-08-12
1ac3e099-3ff2-4dc3-8a8d-c3fe1cc9cae4,67,43199,CH,2024-08-12
51a8caf3-897e-440b-8021-f779c8474c70,68,489830,CH,2024-08-12
cc4e5371-099f-4594-9805-29c93f47c5a9,69,271590,CH,2024-08-12
20547d05-4266-4c1c-a554-7ee44d782108,70,2344520,CH,2024-08-12
e0ea11b8-8fd0-48d1-94b0-e895e995a2ce,71,1149460,CH,2024-08-12
7ee1f4a3-401f-451f-b13b-c22ab2843bc8,72,1284210,CH,2024-08-12
f39a6d90-7efa-422b-9a99-272624c766ec,73,1144200,CH,2024-08-12
509fcc17-b9f3-4fc5-af4e-694d217a5030,74,413150,CH,2024-08-12
6af5531e-1407-434b-8393-9029f2fae10c,75,6465,CH,2024-08-12
be011c14-a1d4-4e06-a1d2-e6d3f2e31d5a,76,24049,CH,2024-08-12
cf2e614b-2be9-4a49-9fbc-8c2d337f08f2,77,1363080,CH,2024-08-12
3b5bd5b9-b9da-4587-bbaa-dbd1c1b4661d,78,1962663,CH,2024-08-12
b25bf32c-ef2f-4cba-b9bb-8a05a8eb6094,79,223750,CH,2024-08-12
998469cf-49b7-44c8-a453-384ada8104ce,80,2399830,CH,2024-08-12
11aa6f75-f12d-4192-97c5-dfecf6b6b8aa,81,42923,CH,2024-08-12
4db36058-30cc-4db5-afc1-317315bc471f,82,1286680,CH,2024-08-12
a44515d9-0349-4313-a876-53e9609fbf40,83,2519060,CH,2024-08-12
4d97a505-fc10-4472-aad0-36e9310493c7,84,26143,CH,2024-08-12
830b5174-a948-4a2c-ac9b-7d3563ca9625,85,2215430,CH,2024-08-12
aae2cb51-23a4-414a-9e3a-7d325aeaaeea,86,377160,CH,2024-08-12
f1eff0ea-a282-4ded-9006-f4edebf70308,87,2840770,CH,2024-08-12
123bba6b-5791-4b7d-9ef0-c08425ab34c0,88,782330,CH,2024-08-12
c147e5b8-d807-477c-b0fe-a2429076b48a,89,1232580,CH,2024-08-12
e252f56d-fc37-4e8c-a4b4-55d73542342f,90,29543,CH,2024-08-12
d5db9d63-72d3-4a61-b7a1-1d78fd7dd0b6,91,202970,CH,2024-08-12
fcb5473c-99ec-491f-9f6b-b2805605022a,92,1158310,CH,2024-08-12
846ad9ac-bc2f-43c1-a176-84ef8ea7b72f,93,38150,CH,2024-08-12
773422b9-2269-49b3-99e3-58a83c8c549d,94,2000110,CH,2024-08-12
8ea207e2-0567-4d44-8ef9-41c610c2d609,95,2406770,CH,2024-08-12
9bbbb223-35c1-4117-a829-a1639b939382,96,2808930,CH,2024-08-12
fe0384d3-b437-4e62-b288-dd3e79747f09,97,281990,CH,2024-08-12
6a2305d3-1c9f-4ec4-9baa-b652a8ec31f3,98,753,CH,2024-08-12
ce9b99e5-a5a5-4ffc-b92d-4fa2b150d899,99,2420110,CH,2024-08-12
99f06bb8-4186-430c-ab66-a09faaae9483,100,703080,CH,2024-08-12
d9d195dc-7c35-4733-9aa1-eb7aa041dc31,1,570,TH,2024-08-12
bba6594f-48fb-49ea-9bb9-84aef838b6ec,2,578080,TH,2024-08-12
bdfc7e10-ee9f-4285-85ed-44cc34535c33,3,6465,TH,2024-08-12
f328b86c-1a09-4530-a0fb-13d784872a0e,4,1593500,TH,2024-08-12
c32c789e-6593-4141-a65b-5917584a5df7,5,2074920,TH,2024-08-12
ee7179c2-05ec-4866-a826-0f693bc903f4,6,5700,TH,2024-08-12
beabaa17-a752-432f-9b1f-ecdb8693fdb5,7,1203220,TH,2024-08-12
fb74b161-e291-4605-812c-a54b76011e56,8,1222670,TH,2024-08-12
d87df4e0-14a1-4b64-beae-9541f75f5392,9,2139460,TH,2024-08-12
11730e76-b927-4723-ad16-86f63c94f5aa,10,1245620,TH,2024-08-12
3422c891-d4dc-4d67-af39-ab58bec93788,11,271590,TH,2024-08-12
7b215f5d-8c08-4f91-81f9-6f8543fb6f52,12,730,TH,2024-08-12
8715c194-d711-420a-812f-d9f5ed292af5,13,381210,TH,2024-08-12
ab4a46c7-1154-466a-b06c-f557be95980e,14,238960,TH,2024-08-12
39b778ef-e2b9-4059-9bb8-5a24c88810d5,15,2358720,TH,2024-08-12
b85604dc-30b3-4bc6-a2fa-f75fbb50aebe,16,2526380,TH,2024-08-12
e2d1b46a-3d93-4003-bc16-97a20a523468,17,814380,TH,2024-08-12
08c1c7c6-6a02-41e4-82e6-2f3626c6ea3b,18,2183900,TH,2024-08-12
f3650962-2edd-4428-b470-d5be22eb477b,19,413150,TH,2024-08-12
1c65c0b8-73c6-4195-9874-639e6c58887f,20,2778580,TH,2024-08-12
9924d71d-6a1e-436b-aa33-a0889aaaeb14,21,1665460,TH,2024-08-12
8317b7ad-1e57-4e01-8109-f8fae4b5504b,22,230410,TH,2024-08-12
180677cf-ba21-4c98-9cab-ec099c7c30e0,23,39394,TH,2024-08-12
446363d2-686e-4171-b806-edc488958ede,24,1237970,TH,2024-08-12
e684c6f7-faa3-4f46-bc2f-b6cbeb158afd,25,1089090,TH,2024-08-12
05cef987-be06-4f8f-8c0b-526299268567,26,1172470,TH,2024-08-12
debd9537-7787-468c-b4be-c109ef6a0e30,27,553850,TH,2024-08-12
9ee8196d-9613-4e7c-b9ed-878880c8429e,28,1158160,TH,2024-08-12
4d193391-7fd0-4c1c-a77e-d1785dbbe91e,29,2567870,TH,2024-08-12
9ea04405-ed2a-4934-9da9-3e5784513e59,30,1846380,TH,2024-08-12
c2949d9b-987f-45ba-81d5-4eca1899fc77,31,397540,TH,2024-08-12
b909a228-f748-4540-90fb-814b0c5f7b8f,32,1222680,TH,2024-08-12
8679fd96-fe7d-47c0-bd42-94ebcb2ea441,33,2215430,TH,2024-08-12
5dcd929a-0f9a-4465-b191-ab0656d3955a,34,2669320,TH,2024-08-12
65b33a15-2c6a-47c4-8c68-f6433ae31d41,35,9605,TH,2024-08-12
b5eece08-5713-4179-8cb0-2aa6899f5888,36,2195250,TH,2024-08-12
2332d258-6af9-4851-a971-21768322554e,37,377160,TH,2024-08-12
08e803af-f754-4f47-9d1c-4fa8c0bdf688,38,199943,TH,2024-08-12
b153a08f-fc68-4170-8fd8-742fc5cd781f,39,359550,TH,2024-08-12
be2c5aa1-9a84-4a93-862d-9da877ceac17,40,1238810,TH,2024-08-12
9d962e27-20cf-4468-91fd-bcc4c2d267fe,41,782330,TH,2024-08-12
c2f97bec-51da-4bdf-a166-32e0f0875149,42,489830,TH,2024-08-12
567ac7ae-2e72-45f9-879a-81dd6a905e18,43,346110,TH,2024-08-12
4d333d54-4a62-4476-9da1-594b9deaceea,44,1086940,TH,2024-08-12
318ba2d7-432f-4be6-a95b-d99c8b4bd1c1,45,2344520,TH,2024-08-12
d68a758a-f578-4124-b94f-40be11bfd295,46,38150,TH,2024-08-12
983d766a-d721-4665-af08-923099bba066,47,31132,TH,2024-08-12
802c924d-80f1-4115-ac61-8de047045beb,48,2000950,TH,2024-08-12
a8a10f70-5ed9-4131-b9b3-ddffbd45efb9,49,552990,TH,2024-08-12
1b47f02d-bfaa-427b-8e37-c079676c89cd,50,739630,TH,2024-08-12
839227ff-e2c0-4368-bef9-d6e6d995eb98,51,431960,TH,2024-08-12
21659794-10cd-4e32-a447-90804732b894,52,23157,TH,2024-08-12
b0513162-acfd-47e3-a697-8da757722f26,53,2073850,TH,2024-08-12
fcce05a0-dd66-4419-9322-3cdecfd713e0,54,2346550,TH,2024-08-12
3c1d1e76-e250-4254-8183-6f0be6198915,55,1174180,TH,2024-08-12
b276d219-7afb-4840-b7f2-e61ed363750a,56,582660,TH,2024-08-12
05b0bc8e-6072-4415-b5b4-8493c9fcf3b5,57,1517290,TH,2024-08-12
1a024182-5660-46f8-b5f2-2b66b92175c6,58,21105,TH,2024-08-12
adbc647a-3b69-49ef-976f-ce4bbcbb5042,59,236390,TH,2024-08-12
6e3f8483-79e8-42d6-901b-5756b4a3b32a,60,2142790,TH,2024-08-12
5e9f700b-ffad-48ee-8fca-9b2342aae879,61,2519060,TH,2024-08-12
df5316e1-99f2-465c-8800-41ff3749b5a7,62,1623730,TH,2024-08-12
0875e031-5cbd-42e5-8daa-0097337e909f,63,824550,TH,2024-08-12
e4e7d75a-8be9-42fb-b7f5-5c1462da3f62,64,2426960,TH,2024-08-12
3ff6dab7-2bd3-4a2e-82f4-c9630debbedd,65,582010,TH,2024-08-12
be471f84-853a-4379-9801-289fbbca0344,66,550470,TH,2024-08-12
69b12671-bce5-4176-b8f0-ee72871aaac7,67,1286680,TH,2024-08-12
efe29055-2391-47ca-ad6f-4da58d5bd62a,68,1881420,TH,2024-08-12
ecabf597-ae32-4aaa-af64-4353e7c55a38,69,2315690,TH,2024-08-12
a91c2f43-baec-452b-a93c-ee234ed94310,70,33369,TH,2024-08-12
532a212d-3f7a-4fa4-ba38-63075b403bd3,71,1774580,TH,2024-08-12
bb5fa880-1557-4195-a167-d8f9363b793d,72,648800,TH,2024-08-12
53c1e0a5-c8c6-48e3-818f-b22f69bc65c2,73,389730,TH,2024-08-12
74cebdfd-4a2c-4d1c-97e9-4514dcd5f205,74,380600,TH,2024-08-12
4a5bc097-ca7b-4c02-81c8-19702c5390a8,75,1260320,TH,2024-08-12
30eeb58a-5066-4f38-bea4-dbb001909e0d,76,835570,TH,2024-08-12
4ff111a8-3b51-4a9f-9763-906eac27d7d6,77,2305840,TH,2024-08-12
adec5248-9d5b-4b8b-8cd1-20bb66de579d,78,1962663,TH,2024-08-12
91b6a033-b444-40b2-ad38-214ae007cd4f,79,38285,TH,2024-08-12
585172be-b924-4cc0-b11e-9c387a3cfc14,80,1282100,TH,2024-08-12
80cdf27e-0b7e-4e3e-939e-227a1ae769aa,81,2897760,TH,2024-08-12
a9419c4d-da5e-449a-be67-9413e23175e5,82,2520980,TH,2024-08-12
25c36dc4-6413-481d-8617-e4cdae170f67,83,1549250,TH,2024-08-12
bdecee19-8707-4212-8475-9f2ed4283629,84,1091500,TH,2024-08-12
d91d768f-2bce-46fa-99b9-0440e2b8967d,85,1250410,TH,2024-08-12
208963de-8f38-4dc4-8117-297d25ec3d28,86,26189,TH,2024-08-12
f8e3cda0-355f-44e5-ae78-5ae555e9bb29,87,252490,TH,2024-08-12
c9ca4ff4-e438-4ea2-a557-097a876d3f5f,88,1475810,TH,2024-08-12
6f204b3c-1436-46bb-aa96-4859e493f356,89,457140,TH,2024-08-12
f8b42c0d-0e2e-47b8-a04b-c45eccb08da5,90,2840770,TH,2024-08-12
d94f6959-3ba3-46d6-95c0-bdb19e591b8d,91,1672500,TH,2024-08-12
31552370-3f08-4927-8df4-4049179f606d,92,2396980,TH,2024-08-12
3ded02a7-0b98-4336-826e-62b46e91c7bb,93,2334220,TH,2024-08-12
d3639407-7a90-4630-ab30-dba8fecbe07d,94,1332010,TH,2024-08-12
0ed41fea-a9b6-4ff5-bcb9-ac1c93c70944,95,35969,TH,2024-08-12
6c1d86b7-fc4e-4bc5-ab2f-2b9a60930751,96,1056640,TH,2024-08-12
68c91a30-78bd-4ea9-b946-2529b4a85fad,97,2100160,TH,2024-08-12
30db3728-1b8a-4dd6-910d-0db031fd660f,98,2933620,TH,2024-08-12
560e75cb-3ac0-4329-99da-88875cf46df8,99,12878,TH,2024-08-12
ccf2c2cd-be1d-46b4-ac54-bc8bcfedf7b0,100,2751000,TH,2024-08-12
acdda75e-68f6-4376-b2ff-09aea53c4fff,1,2357570,SG,2024-08-12
9c7fca9c-cae9-4d99-b211-a71c679a4ce0,2,730,SG,2024-08-12
f95b1ff7-023d-416e-852c-b49dea096e2e,3,570,SG,2024-08-12
23d2bf47-ae35-40c5-b100-a828788da5d5,4,1938090,SG,2024-08-12
a0a4b4e8-3f39-4182-bf60-11fd4a68832d,5,578080,SG,2024-08-12
318847a2-6553-44f0-affe-bd25933323f1,6,2074920,SG,2024-08-12
b9dbb49f-86d4-4b8d-8ab3-291d28a4a26c,7,2358720,SG,2024-08-12
1d86e49f-2ffc-4af5-9f04-6cd3e99b17ef,8,2790720,SG,2024-08-12
a13032b8-0d68-4723-84b1-a16d89a879bb,9,238960,SG,2024-08-12
8346a284-51f8-4e3d-98e4-8f9d0ae72361,10,2183900,SG,2024-08-12
fa9fd217-aeba-4806-817e-887b29c5bc66,11,1085660,SG,2024-08-12
0837e8f5-e297-4d06-80d6-628aa7b724de,12,6115,SG,2024-08-12
80bec13a-9993-439b-ba22-63f443d28015,13,1593500,SG,2024-08-12
94972b91-5e67-40e4-94ba-4875a7289e05,14,1203220,SG,2024-08-12
e70d17c5-f2b6-4407-bcc1-d1f886d74d0c,15,1962660,SG,2024-08-12
8c48a5a6-5ef3-46c4-8b16-d8114839b853,16,2139460,SG,2024-08-12
2a6ad2d9-41e9-4cc1-9bea-985aa7e4d9f8,17,2526380,SG,2024-08-12
78eca761-77b0-4201-b5bb-e2653a9db344,18,230410,SG,2024-08-12
6c62cd36-33eb-40ac-94c9-85e3ae9cde81,19,306130,SG,2024-08-12
32c2310d-b8e7-473f-9252-85ecdaf3e2ab,20,2519060,SG,2024-08-12
671d197b-359d-4913-b678-6af35d3cf46b,21,1245620,SG,2024-08-12
5b091ee9-e342-4d2a-a6c9-5e634c32b684,22,397540,SG,2024-08-12
7c208413-1f3c-4388-8280-e19292cb2d3a,23,27654,SG,2024-08-12
50822434-bad4-4ad6-bf34-f83a5985e8cd,24,2215430,SG,2024-08-12
2308a95a-22e8-4ded-8c67-b5bce946dfa3,25,1086940,SG,2024-08-12
d44879f9-e4d4-4dbb-8f5f-e270c82495e5,26,33369,SG,2024-08-12
6f825657-ac29-46af-bafb-feb5101d89a1,27,1985820,SG,2024-08-12
060f8f85-03cf-4abe-b246-591431aa6d96,28,2669320,SG,2024-08-12
ae686c01-8afe-4d1a-8986-1a5a8ad13c6a,29,2808930,SG,2024-08-12
3c619ac7-b8da-4255-a137-9d38b9588fb3,30,553850,SG,2024-08-12
38a7d492-8097-4de5-a5e9-e9df5d4013fb,31,39210,SG,2024-08-12
3ca69777-c30f-44d6-ab8e-7152d57ce017,32,2567870,SG,2024-08-12
bff71106-dcb4-44e6-878e-8ab07f8173b0,33,236390,SG,2024-08-12
3346f214-28a3-4d2b-8b1b-5fd38e1fbede,34,2142790,SG,2024-08-12
1f409e02-d459-4606-bbba-c427d55ef5ed,35,359550,SG,2024-08-12
ddde4158-e380-4512-a605-8052854f4a41,36,2790710,SG,2024-08-12
558fffb2-8ad4-45e2-88c3-e4065e49e71b,37,1716740,SG,2024-08-12
39fcd7e9-55a3-44d9-a1c3-798e96dd5669,38,2778580,SG,2024-08-12
f4b50a76-1c12-41bc-8959-2d12c52e2d91,39,2790670,SG,2024-08-12
b1beaa6c-4b0f-4d51-af19-605566adbd32,40,377160,SG,2024-08-12
be66cc7b-9144-40b6-9e78-dd352e00345d,41,958260,SG,2024-08-12
9c64ae1c-f47a-4776-a5c6-40a15cb6eac5,42,2840770,SG,2024-08-12
339adf97-6cc6-4df2-9474-54169b791283,43,40111,SG,2024-08-12
3c21452b-0629-4478-80d0-1ecbed69beee,44,2218003,SG,2024-08-12
134c6384-13ba-4294-ae8f-63c606a5be97,45,1237970,SG,2024-08-12
ccd0319e-c697-4078-9c7d-b7282f7044fa,46,1569630,SG,2024-08-12
0814ad96-1486-43c6-94a6-41956a2ee7fa,47,18351,SG,2024-08-12
0259e8a1-69c8-4c91-9801-fcb7062042e4,48,2195250,SG,2024-08-12
4848746e-1511-4a3a-9f25-92f8c187e7fe,49,2484110,SG,2024-08-12
bfe35109-26ec-4c33-9192-27a827a8fd4b,50,16930,SG,2024-08-12
5d36ddc9-ebaf-4a3b-8206-3d22b51d38e7,51,782330,SG,2024-08-12
8f7202b0-09b6-422d-88a5-da2e43e59775,52,18935,SG,2024-08-12
ebb050bf-5ff4-435d-ac43-1377d69aa0f6,53,1282100,SG,2024-08-12
330a284e-4e74-4a82-bdb9-492bcad70bac,54,13931,SG,2024-08-12
3e11bade-da9c-4484-a664-cbda91126f5e,55,2790660,SG,2024-08-12
b9466c8d-f9a1-4477-a094-7d19a3a8dcfe,56,2783780,SG,2024-08-12
1315c492-1a8c-4bd3-8ff6-f50ffef9e792,57,489830,SG,2024-08-12
f5bb7d95-6983-4af8-a7af-1f87bdf37008,58,1238810,SG,2024-08-12
02ca38af-a8aa-452e-aac5-8b0799e61f69,59,1973530,SG,2024-08-12
ff7302f7-4963-40d3-b660-9c5415a73254,60,1745440,SG,2024-08-12
0e7ddf11-49b8-4b06-ad46-3a169682d3aa,61,413150,SG,2024-08-12
3f48df20-5d3b-4f91-88da-a587be1e2691,62,440,SG,2024-08-12
86d4bb2f-e652-4832-8b40-0d4db8c5bb1e,63,38150,SG,2024-08-12
75680e03-15ef-4fe1-a879-6c6d5a71bb37,64,814380,SG,2024-08-12
134f0774-ff5e-4860-b702-7cb13e6d5676,65,1172470,SG,2024-08-12
8041cf7a-f4a0-4582-a77d-3482c8b20593,66,2783770,SG,2024-08-12
084a6dbe-83be-4f41-a1e6-9f796776b97e,67,1623730,SG,2024-08-12
9228dbf5-a034-4943-8883-8e0e8f98050d,68,2344520,SG,2024-08-12
a09b2912-919d-4f4d-9c98-7a6303b73ead,69,1091500,SG,2024-08-12
db1ae6d1-ab20-4efd-85b7-f719a4513f69,70,271590,SG,2024-08-12
8664842f-bf8d-489f-9dce-2078bbcc14a8,71,2346550,SG,2024-08-12
9df7ec18-4003-4a7b-a5e4-2be454514aab,72,1250410,SG,2024-08-12
3bbcc281-696a-4ea4-85de-c80d19855a88,73,427410,SG,2024-08-12
bc954d47-0e1c-435d-ab10-7ee1bcefbdb0,74,1222670,SG,2024-08-12
a9fc22e4-4ed3-40b9-980a-95b883551653,75,2379780,SG,2024-08-12
c9c9bdbb-897d-4eb1-97e5-75a34a7bc727,76,1151340,SG,2024-08-12
f34552b6-65eb-42d4-976c-124175f81be9,77,23361,SG,2024-08-12
3ba7696a-5975-45a2-b8ac-180586aa2a99,78,739630,SG,2024-08-12
4ae407d4-d216-45fb-9be2-68dd626fe4b3,79,1599600,SG,2024-08-12
057208ce-77cc-4db1-af34-ac6c78774caf,80,30424,SG,2024-08-12
73d7ea6e-5770-4848-83eb-5117ffa052b8,81,1426210,SG,2024-08-12
a89763ec-c5ed-4766-9c56-792530d53491,82,29490,SG,2024-08-12
715f8a73-df30-4fa0-896d-3ea7212bd59e,83,582660,SG,2024-08-12
544500cd-3380-46d8-b451-6c5e643886e0,84,13664,SG,2024-08-12
ccb678be-e911-4642-8583-c3b514584389,85,1232580,SG,2024-08-12
01f31db1-8a21-4ed9-9bc4-9132ff8cd30e,86,1985810,SG,2024-08-12
225b8962-f5ad-4b1d-a58b-683cb985cd61,87,1551360,SG,2024-08-12
1c8aba93-76e8-46f2-8d09-1d0070695823,88,2252570,SG,2024-08-12
dece820b-2155-4cc9-81c5-9610f9fe1666,89,1264170,SG,2024-08-12
198f7d4a-6ce7-4109-8e8c-ec0a19143de4,90,1144200,SG,2024-08-12
bee3fd4c-f226-4118-8506-082f33d2c7dd,91,1969870,SG,2024-08-12
83b4a509-3fda-4b6a-b05a-209956d00f8b,92,1286680,SG,2024-08-12
8081350f-090f-4ca5-a624-b311e9caf0f2,93,41349,SG,2024-08-12
25963d74-0ce4-4af0-8e10-ad16b684bf57,94,43815,SG,2024-08-12
578a1818-b962-4f2e-8cc8-8c32e0e7b72c,95,2649240,SG,2024-08-12
eec38dda-9e52-4a64-ade2-fb3b67aec90d,96,1462040,SG,2024-08-12
3f9564a4-b44d-4b26-bcb4-627b91a914a8,97,41052,SG,2024-08-12
156cfb3f-3c3a-4eea-a43a-3e29b831850a,98,2668080,SG,2024-08-12
6dd300a5-bd5e-4457-a0fd-22d3137a6d36,99,2670630,SG,2024-08-12
2282c35a-f87d-4d2f-ab62-a7cfc5d5e202,100,3067200,SG,2024-08-12
82e87305-e6d1-47b5-8d1a-ede7c1c26f89,1,570,RU,2024-08-12
458b7a82-ac93-40b6-8ed7-ac1d51784187,2,730,RU,2024-08-12
7b707620-2e51-47fd-9dda-3805da29f21f,3,578080,RU,2024-08-12
08a79867-0566-4e09-8d74-de0172fcf345,4,1316680,RU,2024-08-12
66f2fce3-a829-4e2a-a0dc-2d8299707a7e,5,252490,RU,2024-08-12
d3163681-3a45-4aca-80cf-3441311a9826,6,2183900,RU,2024-08-12
177ebd60-26db-46cd-93e5-e268a988bd02,7,2358720,RU,2024-08-12
34b6de8e-4f07-4d8a-bb83-353a94786bea,8,2074920,RU,2024-08-12
8e22c76f-d87c-477e-911d-ae0f1714a7e7,9,326360,RU,2024-08-12
40e37160-a458-4489-a54a-09fcdba5e819,10,739630,RU,2024-08-12
3bde341c-2cbf-4e83-aa8c-3ccb9f4b8c68,11,1086940,RU,2024-08-12
b4d88b9c-3c56-4f98-a3d0-17f51add464b,12,1282100,RU,2024-08-12
5fe7e46a-6cf0-495b-8d15-7fa7f118128a,13,238960,RU,2024-08-12
01d55f22-e287-4c14-a662-be7bdf25e19d,14,1245620,RU,2024-08-12
ab3c62ec-3948-4f47-a17c-f34b080fd3ae,15,2808930,RU,2024-08-12
1f35b95b-a7af-4e73-adef-a77123f22835,16,1818450,RU,2024-08-12
a3a9a4b5-e231-430d-a104-7f11cc6a9bef,17,2881650,RU,2024-08-12
0250a46c-c4e6-4ad5-acbc-f4cac0f8e5ff,18,548430,RU,2024-08-12
016e4512-c8f5-46ee-860f-30a704c7d6f0,19,2567870,RU,2024-08-12
7eba6d6e-2618-4cc5-a754-8eee572a2623,20,440,RU,2024-08-12
f255503d-0b00-47b8-8fe7-5632b00f92c1,21,1149460,RU,2024-08-12
127d7236-1f81-42dc-aef7-37e2e44e2b48,22,1232580,RU,2024-08-12
54836b60-8986-42e9-b624-deda039adabe,23,2638370,RU,2024-08-12
9ed267f8-b6b9-4b9d-a763-f156c7ea03be,24,427410,RU,2024-08-12
5c6859bf-1fbe-4486-9e6d-2600e7ef3402,25,2139460,RU,2024-08-12
da19f0d3-0492-4173-bf0d-5e3a499fbd0c,26,227300,RU,2024-08-12
c40f09bb-c4f2-488f-882e-8b531a9b800e,27,413150,RU,2024-08-12
ad609300-128b-4262-8136-6e4d21ad299f,28,431960,RU,2024-08-12
b9b5bde9-c052-4ed2-992f-43d7094a57eb,29,294100,RU,2024-08-12
4d8a4e32-b76c-41bb-9a59-ad3b551d9057,30,594650,RU,2024-08-12
d377ea63-708a-47e2-9d8e-1908ebfde407,31,233860,RU,2024-08-12
5c33f68a-73f9-4860-a825-43de2944f962,32,1332010,RU,2024-08-12
799340f6-5995-4ec1-85a1-1199a8c87139,33,2778580,RU,2024-08-12
a1fe6a94-3c7b-4dd6-8ac5-06ea684bfbe2,34,284160,RU,2024-08-12
cbf1473b-208d-4d6e-b33c-1f8bf763a52a,35,41962,RU,2024-08-12
fcfc05a4-1f09-445a-9b00-a975b73a7fb3,36,766570,RU,2024-08-12
e44fad47-ed2d-4ff4-a0d5-786aaa21a49c,37,1966720,RU,2024-08-12
8a04ff3d-0f71-49c6-839d-609a69666d50,38,1119730,RU,2024-08-12
2b12bc55-c0a1-43e3-9ce5-725e80fc23a3,39,2016590,RU,2024-08-12
27c46cf3-76b1-41ed-afc1-f60496198779,40,221100,RU,2024-08-12
68ca8db5-354d-4396-858c-131ffa9ccf88,41,32080,RU,2024-08-12
a3f527cc-624b-4132-8eca-9788c4b6206f,42,648800,RU,2024-08-12
bcc562c6-4045-45b6-b574-8bb1522cdf49,43,4000,RU,2024-08-12
69675c99-c621-46c5-8607-ed0761ecd160,44,546560,RU,2024-08-12
b0d9fd5d-a197-45d1-87ed-2c5136c833c0,45,2305840,RU,2024-08-12
6cf08bbb-bf4f-428f-a9be-e6a72e49eaa5,46,1326470,RU,2024-08-12
11616cb6-053a-4755-9b7f-49764645e110,47,10464,RU,2024-08-12
98356666-1e46-4c45-a5fa-413762d04df0,48,105600,RU,2024-08-12
943ffbc3-d4cb-4f3a-96ff-cb57a2fd26ab,49,582660,RU,2024-08-12
ee576d79-5d02-4925-87d6-ce8619e6e72f,50,393380,RU,2024-08-12
ae3741bf-87b0-4363-a326-7e78eeb77214,51,427520,RU,2024-08-12
3b7585f1-255d-4ce7-8e3a-533f3479d83b,52,892970,RU,2024-08-12
7ac03a3f-c230-4e6d-9707-0312021948a0,53,1623730,RU,2024-08-12
c82dcc0a-4fea-4943-a025-651fdb94127e,54,1144200,RU,2024-08-12
a41c9804-258e-4736-a716-6ce39c3ac65c,55,494840,RU,2024-08-12
7f182898-9e14-444f-bb88-701f2e8b1135,56,30503,RU,2024-08-12
f37c7705-31e8-4b5f-b0a2-9be4e81bab7c,57,108600,RU,2024-08-12
1b748756-7505-4035-8aed-eec2d6157794,58,394360,RU,2024-08-12
aee4eb1d-288f-465b-8b46-c289380fa068,59,2073850,RU,2024-08-12
cb3591ff-5bd8-4a30-b1e7-db7e0ad57ef8,60,268910,RU,2024-08-12
82b9d2f5-477a-4e5d-a162-52571a5cdf5b,61,1203220,RU,2024-08-12
74bb74f6-3c8b-4372-aa8b-c1108e844bae,62,250900,RU,2024-08-12
53883a8e-665f-464b-abe2-e95018fdecee,63,322330,RU,2024-08-12
00004f75-5593-4206-9ed3-5c9577f9bd94,64,251570,RU,2024-08-12
7d171c0f-8ccf-44d0-bd13-bd4a59dc138d,65,1092790,RU,2024-08-12
63bc13a3-b2b2-4c08-b264-ebe9b40660ca,66,242760,RU,2024-08-12
587ce86c-28d5-4dce-8071-b33dbd5be18b,67,33857,RU,2024-08-12
8fedd4e0-d48a-4f03-9dd2-583a0395d86b,68,389730,RU,2024-08-12
26446eeb-a062-48c8-9a9e-2034431fc155,69,606280,RU,2024-08-12
baace903-dfc2-4991-8064-db3b874cbdf5,70,1158310,RU,2024-08-12
0f947932-32ad-4255-b6ff-4787db07bcfc,71,1659040,RU,2024-08-12
2671bf09-3620-465e-962f-a5901027c17c,72,761890,RU,2024-08-12
a7107363-72f0-4ff0-9969-4a1b9d9fbac3,73,475150,RU,2024-08-12
b4a5fd21-e830-4e54-aa2d-26fa0896b127,74,629520,RU,2024-08-12
2ab077bd-df6d-40f5-879d-8168afc30fb2,75,2835570,RU,2024-08-12
dab3e25c-5298-4e84-b46b-2fd4a03d69d8,76,1943950,RU,2024-08-12
b0922709-e309-4052-84ae-08f9a9a444a0,77,2406770,RU,2024-08-12
2b3b439e-6a14-4a5d-a630-858eb4d63cbb,78,1169040,RU,2024-08-12
a641b48c-e54b-4d49-b549-0f130ce5b7aa,79,1304930,RU,2024-08-12
1757eb7f-118b-497a-9765-7dbbf57432d7,80,38285,RU,2024-08-12
c12ea79d-06e1-4852-ab6e-c0ef7c8c1f9a,81,1874880,RU,2024-08-12
33f28f84-b814-48a2-b9f4-947f2a1efb29,82,28590,RU,2024-08-12
cbe885ee-22e8-4d34-81dc-37abc000e2ad,83,1167630,RU,2024-08-12
30ef3948-a0d5-4298-a767-df7c41671a8c,84,1284210,RU,2024-08-12
6e7b95b3-9f76-401c-ae8b-4cd4b1cf9c83,85,261550,RU,2024-08-12
d79a62ae-ab44-4661-b2e6-a2d9ab6b5a34,86,228380,RU,2024-08-12
939f42f6-8e45-449d-8ee5-95de40ff8432,87,1458140,RU,2024-08-12
ce9a739f-9b45-43f6-8d4c-2398a0353447,88,803330,RU,2024-08-12
ff6b7fa1-3811-4331-b5dc-fc60e9ecbe11,89,767560,RU,2024-08-12
4af3c574-85a9-482d-8aac-82472f64e54e,90,281990,RU,2024-08-12
755af329-fe7b-404f-9b7f-8e8152dd05ba,91,346110,RU,2024-08-12
fcdfdfa5-dfc0-4fce-b127-68804c7eaf3e,92,505460,RU,2024-08-12
ad112f97-f259-4a91-a077-ae6c2d292f49,93,2396240,RU,2024-08-12
5c4c5ec4-c15e-4cdc-a669-57babb5e28a8,94,1665460,RU,2024-08-12
6cb322a2-72fa-4a16-9f66-179caa4dbe82,95,2405,RU,2024-08-12
9847c5f5-7e49-46ca-bc07-c18514a199d7,96,1648532,RU,2024-08-12
ca5647a1-a9f8-4957-a143-a2643925cdae,97,1203620,RU,2024-08-12
f1b5427d-755c-4854-8419-844c127711e6,98,673750,RU,2024-08-12
96988cd5-728d-4da9-9268-68585f29ece1,99,1145350,RU,2024-08-12
ff6f3349-2f4f-4f23-bd0c-ff4878189e16,100,266410,RU,2024-08-12
41f67b05-eb03-4167-89e4-a50944585fb4,1,2358720,HK,2024-08-12
7d386158-146e-4249-a8ed-d9f55e2038e5,2,578080,HK,2024-08-12
a85b89ce-753a-43b8-ad82-4122a8a95d69,3,730,HK,2024-08-12
490ce8ee-4e85-4dbb-ad95-9faa2da8cdb0,4,2074920,HK,2024-08-12
016bfa45-6ee0-424b-99e3-7ada5c21d984,5,1203220,HK,2024-08-12
12160ee0-3bd6-4df4-9ab7-38baabd6afe3,6,2897760,HK,2024-08-12
48d4874f-4903-4f19-8b1e-72e593b3fc89,7,2183900,HK,2024-08-12
763a00eb-80ed-4e70-baaa-02a9b3525bb0,8,2139460,HK,2024-08-12
b1ec7c5f-c061-464e-a7c3-61e33f82b566,9,1449850,HK,2024-08-12
97818744-7c8a-4cb8-b094-b573d4f446cd,10,2458860,HK,2024-08-12
d7076a3c-7eb5-4ae2-9283-364c80830ba2,11,949230,HK,2024-08-12
11dcd098-da11-45c9-b69a-c5e4fb66778f,12,1665460,HK,2024-08-12
232deaf0-49bc-45e1-b6f6-59d4face1d24,13,2344520,HK,2024-08-12
378f8b7a-8f6c-41e2-bb25-5b7f1dd447bb,14,1593500,HK,2024-08-12
3db595db-3f88-4d61-b3f7-3402f6b942c9,15,1172470,HK,2024-08-12
e1d0c731-adb5-47c1-bf37-b5bf75ec6bbb,16,992300,HK,2024-08-12
c232ddfa-3266-42fc-9c3a-120de51bd643,17,2739590,HK,2024-08-12
8f3d69cc-fcd2-4423-a80f-6f22d04e68c2,18,33369,HK,2024-08-12
135f829f-aa8c-473f-87bd-ea9492742d9e,19,1237970,HK,2024-08-12
acb7ba21-1d2f-4c5c-90cf-cd73d71d8c35,20,230410,HK,2024-08-12
9f90a2eb-ba63-40e9-ba83-14736d4b0af9,21,397540,HK,2024-08-12
9156e6c3-8158-4f5d-af9c-f8b221afb7f5,22,431960,HK,2024-08-12
aac3b8f8-4362-4836-a2cd-9352fecde0e1,23,13560,HK,2024-08-12
b5d2754b-09c4-4c09-a98e-eb5ffa860e62,24,1245620,HK,2024-08-12
76e2051a-cef2-489e-913f-213d202f950c,25,1973710,HK,2024-08-12
42fd26e3-25d1-473d-b52f-9a1223baf2bd,26,2668080,HK,2024-08-12
da6f8ef9-6a80-4154-8310-54aae3eb3c79,27,1672500,HK,2024-08-12
480adced-48e7-42e1-83e6-2166e473abf4,28,30424,HK,2024-08-12
cadddf3f-6aa5-46bf-b7b7-d03b22f2393b,29,552990,HK,2024-08-12
b0ef5226-96da-42d4-805d-650057c40205,30,1222670,HK,2024-08-12
03682a86-d97f-4ef4-92e1-073271c5a6cc,31,5700,HK,2024-08-12
68354e27-7bdd-4e67-9d32-4b90c7675484,32,2808930,HK,2024-08-12
cd3ea753-603f-436e-9b61-d128006fa39e,33,570,HK,2024-08-12
16d03e50-5f83-42b4-8a7d-c3ba1b5bd639,34,271590,HK,2024-08-12
0a85013e-4dc0-4691-b160-a50349bb698f,35,3011560,HK,2024-08-12
9723bcd6-c1f1-40b6-8b38-9da6f6b2c570,36,2109460,HK,2024-08-12
5c064470-0028-417a-847e-8abb1c790e88,37,359550,HK,2024-08-12
7175bd3a-b7c6-4a89-bfb2-010964156903,38,3067200,HK,2024-08-12
3bf62cf5-e8d2-4659-ab15-97848b9ff104,39,306130,HK,2024-08-12
f05f7981-2c54-4b51-8f37-46180e081bf0,40,1085660,HK,2024-08-12
a2c234d5-2883-4076-b307-55c751d0aea3,41,814380,HK,2024-08-12
ef3bbd6f-ff2f-48cb-aeec-3847dc32fe67,42,3064420,HK,2024-08-12
96a89912-b251-42ec-aa77-531c30f41e71,43,1407200,HK,2024-08-12
5c36698a-b776-46be-a061-1dd4ac12e91a,44,550470,HK,2024-08-12
4467339e-a201-4bf9-ba34-51402d145f61,45,394360,HK,2024-08-12
ded9cda1-6e4e-412a-9e04-5913a896fa2c,46,1238810,HK,2024-08-12
b8ccd114-a03d-458c-9969-a621d2f554d3,47,40720,HK,2024-08-12
0b1c151c-2d10-4b2a-a3cc-9fc943f762e9,48,1477070,HK,2024-08-12
f53594ef-a9ec-4195-9472-5579096b6322,49,2567870,HK,2024-08-12
f8febaeb-91ac-4511-82c1-164621849969,50,413150,HK,2024-08-12
7e24c48b-b28c-47a2-ab5a-b8663e7b2545,51,20321,HK,2024-08-12
3e31099f-9862-453c-b1e6-cd9d7da1c291,52,1364780,HK,2024-08-12
c9883dd2-a9ce-4b28-8e02-84621f4c81bd,53,2875140,HK,2024-08-12
42af9d7d-b3aa-444f-b222-9771b97988c3,54,381210,HK,2024-08-12
cf17d771-a15f-4469-ace3-461299912403,55,21648,HK,2024-08-12
ca4dbc32-2ce3-4b13-a70f-4ba8f8862815,56,2778580,HK,2024-08-12
fd07511b-a1de-4fa2-84a6-4091548484cd,57,1086940,HK,2024-08-12
68a92969-a8b5-4eee-97a4-0e37bd852ba8,58,12924,HK,2024-08-12
0b5476bf-3609-499e-979c-b0a4d39bb36d,59,553850,HK,2024-08-12
162b6c00-5f8a-446b-b797-4754830912ae,60,1517290,HK,2024-08-12
201b616f-df6f-4e1c-8886-c7867a8179a7,61,2273420,HK,2024-08-12
31469bfc-4dc4-4eb5-8024-9b262894c47c,62,1909840,HK,2024-08-12
d49263f0-4c78-4530-8633-f3adc5969b75,63,236390,HK,2024-08-12
7834f0ef-9481-4b38-b191-e5b8070dff9d,64,43830,HK,2024-08-12
cf537808-5f60-432f-9762-d5edf6922cbf,65,1336980,HK,2024-08-12
c5a1c9e9-78e4-4d8f-b629-8a06867e0c0b,66,1520470,HK,2024-08-12
a06f9326-57eb-4bd1-ae09-064f2e0e682f,67,582660,HK,2024-08-12
53de0dac-5fec-4836-ae99-bf52837c5547,68,1859910,HK,2024-08-12
a1330562-679d-4ad9-9aa3-2ec54dfec6e9,69,436150,HK,2024-08-12
3119a491-067e-47b1-b7b4-5f23bb2d707f,70,2751000,HK,2024-08-12
3bfda655-07d3-4311-af26-20dcdc8a46e5,71,2710,HK,2024-08-12
dc3531c6-a161-493c-87f4-eb8d18d788dd,72,2195250,HK,2024-08-12
5a371a72-b84f-4095-8f84-3ae68e359fba,73,2877160,HK,2024-08-12
535f0b4a-92e9-4d53-82b7-894760339c87,74,2190290,HK,2024-08-12
39970adc-4fcb-45c2-90f3-714e5f318467,75,1659040,HK,2024-08-12
db454f06-f2d0-424a-8b94-277cbe6c0f36,76,1250410,HK,2024-08-12
f1b2d6f0-b159-4141-9c43-51095b198758,77,377160,HK,2024-08-12
13da98d6-6f49-4ad7-bd20-96c19df6948a,78,2933620,HK,2024-08-12
d7be9fa5-20be-45c1-a4b0-896a4d8432f7,79,33906,HK,2024-08-12
57c38c8c-3ee3-446f-a0a6-24803d8cc284,80,227300,HK,2024-08-12
1002b5c8-d15b-43a7-8a92-0a1fedb12dcb,81,2855560,HK,2024-08-12
7c11b7bd-3078-4036-80a8-91fae554558e,82,2445690,HK,2024-08-12
e52ee345-4e47-436e-9846-74358a945d6b,83,2849080,HK,2024-08-12
4fb89293-e754-44ef-8724-401e51fb3a24,84,1180320,HK,2024-08-12
5d2226ad-b4c5-4736-8118-cce45b4e972c,85,38045,HK,2024-08-12
41a3a4bd-562b-46ea-bafb-26eae73ce0c8,86,1938090,HK,2024-08-12
00f48647-38da-4c35-82be-b6e4e1a2130b,87,251570,HK,2024-08-12
5209afcb-873b-4cf5-88e6-8809bb9777cc,88,2338770,HK,2024-08-12
b2c9ee4f-7438-4dc5-b4e7-cbe1457d6be1,89,958260,HK,2024-08-12
57ed3345-8029-460a-9e10-7279ca38d556,90,2053940,HK,2024-08-12
d246d837-9efb-4363-94ff-2477f4d78f8f,91,2396980,HK,2024-08-12
63a0cd8a-a15f-403e-81d1-4b3ac120c45d,92,1144200,HK,2024-08-12
f9f12530-d8b2-46f6-9adf-cb4596878da1,93,2854170,HK,2024-08-12
f318c1f1-db9a-4f17-952c-34a1a3fc242b,94,252490,HK,2024-08-12
2409669a-5b56-4308-bea5-940611de76fc,95,1151340,HK,2024-08-12
1f6b2473-a601-473f-8ab4-4970d19f3397,96,37536,HK,2024-08-12
cca02cd3-80b0-426c-b909-64d3d0b8062c,97,1329410,HK,2024-08-12
46b59f91-9e5e-437f-be33-76d3fccd722a,98,2291680,HK,2024-08-12
f5d51a4c-8676-4216-ae5b-33a9e7c55609,99,744900,HK,2024-08-12
a52fdb5e-b6b9-48aa-bd93-79c55be8b5d1,100,15435,HK,2024-08-12
6c714315-f23d-4708-8b4d-1b1937b5b172,1,730,NZ,2024-08-12
62173b87-1ead-48f8-98be-14a47d8488a5,2,2183900,NZ,2024-08-12
c12e94df-9703-47a0-9a3b-7cc55eb6378e,3,33369,NZ,2024-08-12
dfe1df88-47f7-4ff4-88ea-732cd944e10f,4,397540,NZ,2024-08-12
64b83946-2cb2-4ee7-89e7-efb496afb690,5,393080,NZ,2024-08-12
8f222412-86d0-4e9a-9f16-a6c5f4d3984f,6,238960,NZ,2024-08-12
217bef34-d19b-4188-b376-2827ee8a5fcf,7,2933620,NZ,2024-08-12
d7b8d4ab-038e-48cc-8977-4edfb66fb8bb,8,2074920,NZ,2024-08-12
2f6d3e4f-5652-4c5e-a236-bb2bf43bfa15,9,1245620,NZ,2024-08-12
6e167d7b-90e0-4047-abc9-b1d07a1fad03,10,1593500,NZ,2024-08-12
36f74176-1a30-425b-b222-7e0e4fa55de8,11,236390,NZ,2024-08-12
91e051d9-24fc-4a53-9f01-d8758b54c51e,12,306130,NZ,2024-08-12
e13c6479-7195-480f-9984-0677ffb69e7d,13,1086940,NZ,2024-08-12
c5749662-e54e-4733-acc3-7d7f523c6199,14,2139460,NZ,2024-08-12
b0430c47-7901-4f39-8d27-32583115c5d6,15,553850,NZ,2024-08-12
2b986ae5-1fb0-4917-8793-2b73c24acc9f,16,37299,NZ,2024-08-12
482b026e-f8ce-4c09-b611-719320226c57,17,230410,NZ,2024-08-12
e7369987-6fca-4eb2-ad34-532bac130ce0,18,377160,NZ,2024-08-12
3617ad71-7492-41f1-ad5a-4468b2c8cd20,19,2358720,NZ,2024-08-12
c482931d-f9cc-4e36-bf43-df2244eed5e6,20,489830,NZ,2024-08-12
143cfdde-2984-4fb9-8187-b21464d1d598,21,578080,NZ,2024-08-12
62bd1707-6b08-47e6-a461-2d0a6aa7ba0f,22,570,NZ,2024-08-12
a1e46325-3ba5-4670-9f4f-91cf4f2ad567,23,2142790,NZ,2024-08-12
cd0393b0-4987-49e4-9bfe-1a391b269aca,24,440,NZ,2024-08-12
08346b5d-90ae-474d-aee6-27bc89c897db,25,26988,NZ,2024-08-12
c7a7151a-31a9-4980-bf92-f0c43fd9eb8e,26,359550,NZ,2024-08-12
81fda431-bf5f-4d06-bbc7-afef442be723,27,32470,NZ,2024-08-12
27c8b706-cce4-4c33-b6da-db6efd78d370,28,38314,NZ,2024-08-12
c0d27082-e354-4c45-b8e4-012c1ec4485b,29,2778580,NZ,2024-08-12
49b610be-cf5b-4fe9-946c-3372cc6a3498,30,311210,NZ,2024-08-12
82a6f361-2f1b-4a97-80a1-cb55ce3444b9,31,38150,NZ,2024-08-12
7cc87bf6-5d26-4069-bbb6-a0ce1cb6811f,32,1151340,NZ,2024-08-12
c08e51c9-1808-4d11-8f59-d74343a61bbe,33,252490,NZ,2024-08-12
d18015bd-7421-40f2-89e7-e6a57f1e83f2,34,199943,NZ,2024-08-12
b0b49c0e-c3db-4c3e-aa2b-66a0da7873eb,35,2840770,NZ,2024-08-12
219694ba-67e1-4283-a03d-2eaae9b6de00,36,5700,NZ,2024-08-12
57fa24c2-e2cb-45be-b803-231f28b05663,37,49520,NZ,2024-08-12
e3b54394-e2e6-40de-8c22-55048a8ba410,38,1599340,NZ,2024-08-12
21f9299a-f52f-41f4-83b6-f66fc0a4fa7e,39,1222670,NZ,2024-08-12
cfdf9e84-60e4-4bf6-ade4-1725dac24e7b,40,39210,NZ,2024-08-12
441963c8-8dea-43e0-b082-58d14551239c,41,271590,NZ,2024-08-12
bf8d554a-df63-4d5c-a14b-31c382bef3ea,42,1286680,NZ,2024-08-12
685c90cc-16a7-471b-adfc-a89e7853a99a,43,1237970,NZ,2024-08-12
3ef006d2-5026-4b7c-ac3c-14fbd6da7177,44,413150,NZ,2024-08-12
a3c05f74-8494-4cf8-9dc7-ea568fc2f9d8,45,1174180,NZ,2024-08-12
041d9a7e-3566-4411-a907-e51baf2de83f,46,782330,NZ,2024-08-12
c7f15529-7414-4d67-a8ac-1a11e6eb46e8,47,1085660,NZ,2024-08-12
ff66891f-03ad-4d2a-99fc-4847d53ab0f9,48,1659040,NZ,2024-08-12
8449638d-d137-4f41-95c4-17f3451a8573,49,546560,NZ,2024-08-12
96e58868-1e4a-4e26-ad3e-1aeb00d2c9c7,50,5227,NZ,2024-08-12
edaf9344-a122-4680-8bed-92752c195712,51,266410,NZ,2024-08-12
c4365c8c-378d-49bb-be56-3796b4ae9ef2,52,381210,NZ,2024-08-12
cb85af4c-02fa-416b-8fa2-62fb2509e65e,53,34141,NZ,2024-08-12
a456a828-7795-49e4-97ae-e0692473c802,54,2333480,NZ,2024-08-12
0abecebe-1102-4f17-aa9a-c81cac016805,55,22372,NZ,2024-08-12
d579fb3d-9dad-44cb-8b7a-18e7591605c5,56,1091500,NZ,2024-08-12
2338b749-1477-4aef-8a5e-6ba9ff017f22,57,2064650,NZ,2024-08-12
f3249121-af99-4943-87a9-cec2174a0597,58,2344520,NZ,2024-08-12
00211435-f15c-40dd-a4ba-f5a76a660f05,59,427410,NZ,2024-08-12
c284f54e-da10-4336-8a6f-64bfb3a35dfb,60,2437170,NZ,2024-08-12
3ae064be-95d4-4ded-84b5-db25d2a2e153,61,32313,NZ,2024-08-12
d4441103-4676-47fb-9ff4-34fe2de12451,62,2669320,NZ,2024-08-12
c0014d62-d6b4-4b40-9f13-b030f987b789,63,2488620,NZ,2024-08-12
685a6862-a667-41b1-9b55-6773cb4e6169,64,2638370,NZ,2024-08-12
2f25fcad-b8d8-41a4-9d11-64158b40c940,65,289070,NZ,2024-08-12
e41f266e-c9a9-4b7d-a9e8-414ee26f2527,66,202970,NZ,2024-08-12
2756af85-d901-4c7b-8de4-011468ee7838,67,2526380,NZ,2024-08-12
a3de1b00-8c89-4d69-b473-f69c0d3893fc,68,1985810,NZ,2024-08-12
ce95549f-4351-4b88-ad24-c6592f3cedcc,69,2400510,NZ,2024-08-12
e8cb377c-3287-4a25-be29-fb04441bebce,70,275850,NZ,2024-08-12
2229c4a3-2865-4eca-a3b0-5dae2604e6bc,71,1449850,NZ,2024-08-12
c55c7782-4e96-433f-82bc-a0315b6047fa,72,2567870,NZ,2024-08-12
1b1586e2-67d6-4489-bb93-f27182b4a8e2,73,1124300,NZ,2024-08-12
890dae5e-6f1a-4137-8da6-487138ae40c1,74,2808930,NZ,2024-08-12
1dd75334-04a9-4a30-a314-42aca0a9af8d,75,36406,NZ,2024-08-12
cc966a73-029b-4a91-8771-eb93636c26a7,76,1629520,NZ,2024-08-12
c78cf11f-cf14-4f53-a22f-83ed3136433e,77,1454970,NZ,2024-08-12
c55392dd-d582-4048-9292-73fb801766d5,78,582660,NZ,2024-08-12
f26aebb7-e209-478e-81f8-227caa48ea6e,79,1144200,NZ,2024-08-12
f7f6a2b8-5b54-40c9-8ef6-b23a402ada31,80,16231,NZ,2024-08-12
6598a852-2552-458f-aa72-a49af6aca933,81,12864,NZ,2024-08-12
881686a3-4692-4242-bc13-c872b13c510f,82,960090,NZ,2024-08-12
e5568e51-08d3-4d8b-b248-c66fbc909af8,83,686810,NZ,2024-08-12
9efb9a7b-4cba-40bc-a1e6-de3cf7561979,84,2751000,NZ,2024-08-12
36ea319e-51e8-4d8c-8e93-a43d90a9ffcc,85,1282100,NZ,2024-08-12
981a54e2-9857-4306-9fd5-c9d3fd92c6e9,86,22380,NZ,2024-08-12
640622e2-1a14-4a71-983e-90910de3c93d,87,261640,NZ,2024-08-12
2f5723e2-01fb-4fca-8d3a-33044e397a32,88,1363080,NZ,2024-08-12
caeddcb2-576f-48c0-9b22-41670d47ed5a,89,1562430,NZ,2024-08-12
70fd756b-8f6b-4955-8e57-718f0df3bb01,90,1962663,NZ,2024-08-12
473d9e3e-45e6-4fd2-8270-bb89c8327ae4,91,2195250,NZ,2024-08-12
9e55a12b-b884-4a64-97db-cf2ba1ed0df5,92,1332010,NZ,2024-08-12
be17a9c3-f4d0-4d8b-b87e-62c94e933825,93,594650,NZ,2024-08-12
848c3353-a400-4ab4-9eb1-34684d439c35,94,2366980,NZ,2024-08-12
454d99ef-0b84-4230-97a0-abe25db65e67,95,19022,NZ,2024-08-12
66d4278e-b76a-4d9e-abc6-8663416ba491,96,2670630,NZ,2024-08-12
87edaa5b-1a91-4b51-9cdd-0f6d62d3c757,97,15435,NZ,2024-08-12
3258db08-94f2-4e8b-bd20-2b2501918c2a,98,108600,NZ,2024-08-12
41c2b409-1552-4ddc-8e70-eae5559879bf,99,1172470,NZ,2024-08-12
28a60b20-19a3-4c3b-a283-fb91c9224f04,100,1286830,NZ,2024-08-12
52397d7c-2004-4003-8101-242b8c7efad5,1,730,CZ,2024-08-12
4a97392d-a7c3-4d48-b4af-4d9a48b0e4af,2,1675200,CZ,2024-08-12
883c03ec-59f6-473d-b35e-531da5e3bea5,3,1593500,CZ,2024-08-12
fca1a8a0-d4e3-4463-97dd-1ac7157d2ffb,4,236390,CZ,2024-08-12
d8b8cab5-2ac5-48b9-b512-abfaf4ed7698,5,2183900,CZ,2024-08-12
f4611ca1-29db-477a-b41d-0d040eced0a0,6,33369,CZ,2024-08-12
bcfa015e-5886-4346-b3e4-7a7b2979b331,7,570,CZ,2024-08-12
a07bbd79-7ce2-40de-90f8-4d02af246022,8,397540,CZ,2024-08-12
d28c5984-88de-4ba8-80cb-65b72375722c,9,26189,CZ,2024-08-12
ab2a9ee6-5fdf-45b2-b368-0963da367b3f,10,1222670,CZ,2024-08-12
e5ea336a-f707-4519-9a8d-732e390a94f7,11,15435,CZ,2024-08-12
2c0b247e-328d-455a-9ceb-aac20edb65a7,12,782330,CZ,2024-08-12
45fb19ed-6dfa-4134-8fd4-fdf52d4ce60b,13,1086940,CZ,2024-08-12
4fd27542-71ce-4e0c-b5dc-59da9754e58a,14,238960,CZ,2024-08-12
e024e310-82b6-4d2f-b205-0b25e15545a8,15,489830,CZ,2024-08-12
27e1ab87-6856-48fd-a04f-4c4e6eb21798,16,553850,CZ,2024-08-12
eb6084a8-54f1-4590-a30d-79cf463f1592,17,578080,CZ,2024-08-12
c7363073-ad3d-440d-807b-276647536f5c,18,306130,CZ,2024-08-12
9ba9e2b8-409f-4a0e-87d8-7213ea216d58,19,271590,CZ,2024-08-12
b75f0903-8006-46d5-9a04-0e36f4a89e21,20,227300,CZ,2024-08-12
35415bfe-b4cc-4966-bbda-c2ce15babde1,21,1245620,CZ,2024-08-12
3f45f24a-ccd8-4198-8bdc-772bd61ff596,22,377160,CZ,2024-08-12
81ce835b-b4ea-4061-b3c9-e43d4ec6f8c5,23,1237970,CZ,2024-08-12
efe20f0f-85a5-4bd5-861c-b580e2d474ed,24,359550,CZ,2024-08-12
71a10944-d779-4949-948e-806c5133d8f8,25,2074920,CZ,2024-08-12
dabfc717-ff59-4c6f-b263-76f5c25f3eba,26,2669320,CZ,2024-08-12
f4d5a4e4-563a-46ca-88dd-7b949b90ee85,27,1172470,CZ,2024-08-12
2d417e3f-4c26-4b90-ab91-557598158c3c,28,739630,CZ,2024-08-12
73566b14-6cc7-416c-b79f-dadd4d3a7bb2,29,252490,CZ,2024-08-12
7d88a850-3863-4cdf-b478-3d7cf7783807,30,2638370,CZ,2024-08-12
21d0ae3d-65e4-4046-98c2-aa23d38f9593,31,1469610,CZ,2024-08-12
492e4482-31c0-44a7-b27d-c7ac9814b28a,32,2215430,CZ,2024-08-12
cfda7bc1-322b-4dad-b1da-d37a70646f76,33,440,CZ,2024-08-12
e4ca151f-4fe3-4197-bc47-ab9a0d68b2c4,34,15366,CZ,2024-08-12
31fa4a55-a447-4cbf-a993-14baed680287,35,444200,CZ,2024-08-12
0b32933b-f41b-41e4-a772-493840ca183d,36,5700,CZ,2024-08-12
ef6b32fb-676d-4f9a-96e7-cbc8f69b53b6,37,49520,CZ,2024-08-12
42cd8d99-ece3-44ff-95de-4e8e200e43ee,38,1151340,CZ,2024-08-12
02eeded9-3363-4eb8-9a54-6f5ae10e66b9,39,2358720,CZ,2024-08-12
07b54610-54a7-4d11-b92c-e2b225db5b61,40,1091500,CZ,2024-08-12
ea7a3122-818c-4f47-874e-bcff0d1bbed4,41,2139460,CZ,2024-08-12
112273b9-1778-4115-a0fd-3f5f5b245264,42,381210,CZ,2024-08-12
66be605b-6347-4cd8-bebe-7a80127f2954,43,230410,CZ,2024-08-12
7e1b7cd3-fc83-481a-913f-12dbf2766751,44,2778580,CZ,2024-08-12
c16c1027-e8f0-4f41-8b6c-f758b3a668a9,45,1286680,CZ,2024-08-12
1978b58d-8f02-43ee-9450-090c9b410369,46,494840,CZ,2024-08-12
b7f4374e-456f-426e-ae0d-2af07e7721d1,47,546560,CZ,2024-08-12
b893e4ac-0240-4d29-bbd1-21f8ae7f19e0,48,2698780,CZ,2024-08-12
5a9dce62-fddc-4de8-a911-36c8432bc99c,49,1817070,CZ,2024-08-12
d5e67317-6249-4361-a6bf-56f6d13d4385,50,2567870,CZ,2024-08-12
1f2c3228-8302-4d17-b668-cc2e1dc2040d,51,39394,CZ,2024-08-12
fffe6125-9940-4098-a2c7-5c99914aca9b,52,39210,CZ,2024-08-12
3731b5ba-62ed-485f-b574-dbc61cdc93c9,53,2840770,CZ,2024-08-12
08a34ce8-0a83-4e77-9e4a-c3ca0938cc16,54,1985810,CZ,2024-08-12
c7f1125e-37a2-43aa-b6d6-31de551a015a,55,199943,CZ,2024-08-12
cd409249-7831-4f9c-a9c8-d25f61a7cbc4,56,1604030,CZ,2024-08-12
69e85f22-f994-49e3-ac87-059c82bc5900,57,1149460,CZ,2024-08-12
85508cd7-ca03-42ca-b6c2-e001dafd2317,58,201810,CZ,2024-08-12
fa815df7-e214-4081-aa58-192660e400f0,59,612880,CZ,2024-08-12
b3a2aba3-42dd-4ebb-aa45-d35e87d9ff5a,60,2300320,CZ,2024-08-12
3e3107af-2bc2-4e30-a6b8-4bb58a9ca042,61,413150,CZ,2024-08-12
d4a06b6f-d57b-43b9-9e48-16e5d678d81b,62,9464,CZ,2024-08-12
31fad921-2149-4c2b-a3b2-562f8d2970f9,63,2488620,CZ,2024-08-12
e5a73efc-08b4-430d-b219-9dd6ab88d5a9,64,476600,CZ,2024-08-12
901a4966-1310-4c4c-a94d-f4b0ea9459b6,65,41962,CZ,2024-08-12
41781674-ae6d-486e-bb05-4b537469f8d1,66,2000950,CZ,2024-08-12
578feaab-326d-4a6f-a23f-47f64fefe66d,67,43367,CZ,2024-08-12
3e7a4f6e-51ec-48b4-a0e4-0199a20ffdc9,68,1517290,CZ,2024-08-12
df2350bd-9336-474c-94c8-875c603f5e53,69,38150,CZ,2024-08-12
d4e4b278-2fdc-4245-8d90-c81d2de8546e,70,2280,CZ,2024-08-12
bc378322-a08d-4353-8056-1af00b77b473,71,550470,CZ,2024-08-12
830bcaba-fbd8-4480-8a73-e69f50b5c61b,72,15829,CZ,2024-08-12
e865764f-5b3e-4a68-9329-a400b034344e,73,379720,CZ,2024-08-12
0c9d601e-a506-4b9d-81a1-48032cd9ebcf,74,1056960,CZ,2024-08-12
61da2c52-c4ae-45a6-a1c0-84bb3915c612,75,1551360,CZ,2024-08-12
e69956d2-51c1-4e01-a75a-9e40bd719b8a,76,1289670,CZ,2024-08-12
0e3be433-4fc9-422a-9537-4de480bf2deb,77,1643320,CZ,2024-08-12
08cb01ca-7c98-410e-a6f0-64e10d3bb279,78,1599340,CZ,2024-08-12
5f5fddbd-49ed-411d-9236-535178897e7d,79,23987,CZ,2024-08-12
0d4e7ada-ab7c-493b-af9a-826cc48e00e2,80,1172620,CZ,2024-08-12
fc1d9249-7f31-4c62-9590-795a0ca2b9f2,81,427520,CZ,2024-08-12
19acc72b-6245-4ab2-aa67-22a4a92895fb,82,590,CZ,2024-08-12
272875ec-ee59-4d65-8216-28cde3be781c,83,1332010,CZ,2024-08-12
d61fb692-4966-4ecf-a09a-a97c1be147aa,84,27490,CZ,2024-08-12
133f9e5f-b98c-4095-987b-1d64bee8b2fc,85,1174180,CZ,2024-08-12
779f6008-a31c-4ae8-a482-cac4ef8e93df,86,548430,CZ,2024-08-12
44d254d3-054c-4203-93b0-2b9e2975732b,87,518790,CZ,2024-08-12
7017e6f1-5bb4-4066-b161-904103c98386,88,350080,CZ,2024-08-12
bfc26308-d60b-4498-ac50-8f5c6402df06,89,2195250,CZ,2024-08-12
3e7131be-25ab-49b1-a483-08bbfeeb6b89,90,261640,CZ,2024-08-12
0c3d99a2-e676-411c-a45f-169c21278929,91,2670630,CZ,2024-08-12
6f766409-f691-4ea0-9774-0aa3ca584013,92,431240,CZ,2024-08-12
cb4c5ca9-e5c8-471b-96bf-27441bcaebfd,93,2751000,CZ,2024-08-12
9a9422ce-92f3-4271-9b4a-39c71a1fef34,94,1665460,CZ,2024-08-12
97e555bc-3cb6-4bca-8c24-5c80c937c346,95,2344520,CZ,2024-08-12
0dbc228b-4141-4b45-aa1b-4c7713011288,96,1282100,CZ,2024-08-12
96784db8-36a9-4868-9e7a-9f2d76cdf8b5,97,438040,CZ,2024-08-12
76713cc6-a3f8-48a1-a0c0-e89d154c8f0a,98,2138330,CZ,2024-08-12
99aec724-bf08-4603-88fa-fa62964bdc5b,99,270880,CZ,2024-08-12
40b1b088-d6ff-41d7-af2a-dacdeef14811,100,1407200,CZ,2024-08-12
e7c4f119-005a-4a4b-a59d-a3d58175aa2e,1,730,DK,2024-08-12
3fc1f03d-67a0-411b-ad5f-a5b0d655807b,2,238960,DK,2024-08-12
a38c7381-55b7-4930-93a0-b0559a9b0485,3,2669320,DK,2024-08-12
71c02f95-3af1-459c-8e94-e22ed3169056,4,1675200,DK,2024-08-12
f3416d56-f07a-4c11-8c83-881aa1d46d62,5,1593500,DK,2024-08-12
a22dfef7-abcb-4f00-a817-2c798ae34f48,6,2183900,DK,2024-08-12
e48cb1f7-8989-4c57-9441-af511bc9d5cc,7,983380,DK,2024-08-12
bd0e91c2-a737-4153-a598-0df0dc4db63b,8,1059530,DK,2024-08-12
edf96a5d-1b04-49b8-b3ed-a839e93a3ffd,9,236390,DK,2024-08-12
72c4e658-48b7-4d58-af08-434c066e97a4,10,1086940,DK,2024-08-12
8ac78fa5-01e2-4f84-b8ac-43bf6068a280,11,1245620,DK,2024-08-12
7496f773-e849-4f86-9869-af969431fc7b,12,2139460,DK,2024-08-12
205c7b40-2738-488e-b264-acab1790dadd,13,354231,DK,2024-08-12
ef7e77f9-fbba-44b7-aa57-b58007c39eef,14,20340,DK,2024-08-12
eb66f5d5-6155-4471-bc93-9e276f146810,15,578080,DK,2024-08-12
a594b167-6eea-4c90-b03d-c6e46b96b46c,16,397540,DK,2024-08-12
2068b61e-93e1-42e2-8e62-0a9560f75da8,17,41922,DK,2024-08-12
644d612d-b86c-4250-a1d4-c866b363f86a,18,43320,DK,2024-08-12
e44803c8-b10a-44f0-8701-e69a3ccd552a,19,2567870,DK,2024-08-12
f438549d-64dc-4dae-819c-48c05f45bd26,20,33369,DK,2024-08-12
b15f846d-f4bd-42d0-a8a0-9c864a5c79c6,21,33129,DK,2024-08-12
c5e969f5-a4be-47db-ab35-6cb1a5df5d45,22,306130,DK,2024-08-12
72ce4ccc-d28f-4956-a4dd-2539cd98d2fb,23,2074920,DK,2024-08-12
4d572950-903e-443a-a013-381235dceaf0,24,553850,DK,2024-08-12
b08564fe-d63d-4bf0-9983-245e9ce9411a,25,1222670,DK,2024-08-12
f63a6174-248f-49bf-b719-41c5c5fbba0d,26,16236,DK,2024-08-12
cb01575f-fc18-4d71-8046-d66ad4bb7039,27,570,DK,2024-08-12
c4731d01-22d5-4c71-9d91-5f4d4e2cf5b0,28,271590,DK,2024-08-12
1bdb9314-553e-449f-bf93-c144b00b45bf,29,1172620,DK,2024-08-12
7f963ffe-a8a7-46c7-9e00-fd2e03b8274a,30,227300,DK,2024-08-12
fb77c74e-d0fe-4f06-84cd-fc3871e35c4d,31,2638370,DK,2024-08-12
e6e2ab99-7ebf-4087-a9c0-0b34e03b59ea,32,359550,DK,2024-08-12
6317a758-bb7e-488b-9323-9fc0092fc078,33,2933620,DK,2024-08-12
6a07aa77-b176-4b95-93cd-5a8342b31468,34,1151340,DK,2024-08-12
8e4db4c8-4145-4610-a523-40bb9e45f17c,35,5700,DK,2024-08-12
93ba0368-b37a-4010-b695-5f90657acbd6,36,230410,DK,2024-08-12
32a87147-5104-4889-86c2-bddd63e8fd54,37,37787,DK,2024-08-12
06f6cd4d-4b0f-4531-b976-3fb727c2bedb,38,39210,DK,2024-08-12
2c19f077-d95c-4c3d-b4c3-341e0d6d075f,39,252490,DK,2024-08-12
b5d4cff8-786b-4f4a-b92c-a7afbe76eaa5,40,42217,DK,2024-08-12
5394dfbc-d135-445a-a7fe-43ebd8f72afb,41,393080,DK,2024-08-12
cbc2002a-ee4b-44ad-9255-52df069eca53,42,1326470,DK,2024-08-12
689a0223-89a7-45e7-a082-381c2c586032,43,1232580,DK,2024-08-12
4bfc4827-5f66-4832-aeb6-38974237ad6a,44,1551360,DK,2024-08-12
f15f573b-614a-4457-a05d-492874507985,45,1716740,DK,2024-08-12
c590a3a0-09f1-47b2-a903-ed63f0f296dd,46,42660,DK,2024-08-12
3a6d68dd-32e4-49fa-a3d6-c1c9b8c502b2,47,2300320,DK,2024-08-12
c4000683-87f3-4a7e-b2bd-0e07abca289e,48,32490,DK,2024-08-12
8884a95c-9ec9-49be-98d1-b3dc1c33ed52,49,1172470,DK,2024-08-12
38082520-59eb-482f-9335-f119f43a1523,50,39887,DK,2024-08-12
924a424d-9fed-40d0-9071-c041aa4e5e83,51,2195250,DK,2024-08-12
87cfcede-397d-49c6-8b59-3d8a37ddbb99,52,381210,DK,2024-08-12
55b4146a-bfba-4681-ae60-bca29e1d6333,53,2778580,DK,2024-08-12
5ae79b93-a44e-451d-b87a-c145ff4969c8,54,6952,DK,2024-08-12
725f94d4-dc54-4630-a5ee-6a513adf0d92,55,1659040,DK,2024-08-12
97af2b1a-c9d3-4924-a6dd-f050b9849c4d,56,1286680,DK,2024-08-12
a0e74ed9-7ee2-4eb7-babd-d84aa4fd2652,57,1599340,DK,2024-08-12
5f13e79a-5d63-4635-b6cc-757ee7a2f216,58,1476970,DK,2024-08-12
a2aa51de-8bdd-4237-a965-58f2f90fc797,59,1237970,DK,2024-08-12
9188c283-d99e-4790-8f8d-9f082f1f0a2d,60,2344520,DK,2024-08-12
5619521a-9480-4a7b-8d9a-1e997d14642a,61,377160,DK,2024-08-12
6c39dddf-396d-484f-90e2-edb76aeec8b4,62,1158310,DK,2024-08-12
cf5d89fb-8fcc-4463-a38a-927bc18ef9f1,63,1059550,DK,2024-08-12
1614ec08-b038-4aff-894d-aea5436e3741,64,2358720,DK,2024-08-12
19bf52c9-e4a0-4fa1-900e-bdef2d492d5c,65,1248130,DK,2024-08-12
e60a283e-debe-46c4-a198-b45e90a4bdba,66,782330,DK,2024-08-12
03ba8f13-035d-45f0-8a71-5835da643332,67,38150,DK,2024-08-12
ffb626b7-269a-4051-a8e9-67e4f8c038ee,68,1149460,DK,2024-08-12
c25ff626-bc7b-4a95-92f9-b3d4a3ed011e,69,1085660,DK,2024-08-12
93e37bf7-db4c-4c04-bc6d-5a0fa270f11d,70,413150,DK,2024-08-12
9a16455e-7d3f-4347-8fdb-c3b69ac04360,71,49520,DK,2024-08-12
0b7d628c-c19c-456b-946a-b15020c54a57,72,284160,DK,2024-08-12
a046d98a-ed1c-4644-8bf6-ddc7a58ba206,73,236850,DK,2024-08-12
a6374c9d-d6c2-46d4-9216-d7e1ab98dc79,74,15366,DK,2024-08-12
8cfdcb22-c583-4fdf-9e75-c69fc0969699,75,2751000,DK,2024-08-12
eac72e5b-9aaa-4b11-8272-aa98925ece60,76,2399830,DK,2024-08-12
041c5765-de69-4f0c-8a13-3bcc35986bfa,77,311210,DK,2024-08-12
03a9869f-7b5e-446e-82d6-fc0a757cf4f4,78,1250410,DK,2024-08-12
7b9ae59f-ecc1-487f-9e09-73fc59f83792,79,2400510,DK,2024-08-12
cf70f855-9b28-48a5-9c01-616a05236df6,80,1289670,DK,2024-08-12
aab1c7e7-74ff-4f17-8fdb-282a648fbe6a,81,703080,DK,2024-08-12
ab0b8cd7-313c-483d-8438-57ea5ec410b2,82,648800,DK,2024-08-12
b05f039f-1aca-4ffc-a7c5-022fced858e8,83,15435,DK,2024-08-12
5d8b202a-d9ee-4a8e-9e35-6869e05b86d2,84,1091500,DK,2024-08-12
d5ae4ab2-3d3f-4fec-a7a3-af41780f7355,85,489830,DK,2024-08-12
26398ca7-df15-4805-b650-c39ef689b16d,86,43422,DK,2024-08-12
b50d3291-eb62-40f4-a565-db2ac7dfe4cf,87,1286830,DK,2024-08-12
0984bee9-dbfc-4001-94f3-42c4644abd56,88,427410,DK,2024-08-12
ad91d3e2-1ac7-40cd-80af-aca6b96f6e67,89,440,DK,2024-08-12
a1e65921-8015-4e7c-b0d7-0bd89f24ca21,90,15347,DK,2024-08-12
add2bd91-0f70-470c-8849-43c6c6b02709,91,1465360,DK,2024-08-12
ac902dc9-50e3-4156-b40e-0eff478ba5dc,92,1142710,DK,2024-08-12
18566371-c7ad-44b2-90e7-4291fd84ed9b,93,30502,DK,2024-08-12
e720413b-6c10-44ef-aad8-d169394f5c54,94,582660,DK,2024-08-12
17527f06-e00a-43d4-b728-801c0c84c607,95,548430,DK,2024-08-12
2ba3c203-96fa-4fea-b916-809fb4b530b2,96,739630,DK,2024-08-12
ade123d2-b9cf-4312-b232-3f6014b5b793,97,2142790,DK,2024-08-12
82106f47-0891-41c3-baea-e4d456c7d1f1,98,2591280,DK,2024-08-12
aaeb07ab-6848-40ff-9d02-f8c37eb28658,99,8133,DK,2024-08-12
d4960afc-34a6-4fb0-a981-06d8ca62f45a,100,2215430,DK,2024-08-12
40609be9-6002-4f1f-98ae-aa298bea2a9a,1,730,US,2024-08-12
a98e55c6-fc90-465a-bb51-93cc9a30ce4f,2,1675200,US,2024-08-12
cfdf2799-7cd0-4cb5-9225-8168d2cb9d86,3,393080,US,2024-08-12
a963a767-d04d-4eb7-8470-1a39c2bbe63f,4,2074920,US,2024-08-12
da3c13a9-d31b-4e25-9a97-03110fc45175,5,2183900,US,2024-08-12
d9923fd3-a615-4ca4-aa73-7e7b9dbb8fa2,6,2933620,US,2024-08-12
746c9020-9e39-46fe-aa24-65d166611ba8,7,1245620,US,2024-08-12
fcf20fad-1dca-4f4a-8397-9481a7011360,8,397540,US,2024-08-12
dfdaf616-4c33-42f5-b9e5-934fd06cf2da,9,33369,US,2024-08-12
79cab5e2-ebfc-4fd1-a00b-42d316579b4b,10,553850,US,2024-08-12
dd445453-3ac6-44d5-a5f8-be489c4d2604,11,311210,US,2024-08-12
e0bf20f6-6a0b-45f9-ada2-15f007c13fa8,12,230410,US,2024-08-12
a094779b-6558-4dcd-b6bd-89c422e7f0c5,13,236390,US,2024-08-12
a829576f-a093-4edd-aff2-ab760278aaf4,14,1593500,US,2024-08-12
2a0be652-6774-42d3-8053-a5332d8a3a6e,15,306130,US,2024-08-12
7b6752d7-db7a-4182-96df-f9de42c7ba37,16,1086940,US,2024-08-12
dd212ff5-08f8-4864-8eec-7a1219a68719,17,2139460,US,2024-08-12
972fb2ea-a90b-4633-8837-c4104d7843fd,18,1085660,US,2024-08-12
64ddbb16-8664-4c16-9e68-961810ba242b,19,359550,US,2024-08-12
47f7bdaa-5290-4fe5-8ff6-bbaed0e950b5,20,2142790,US,2024-08-12
c677815b-6eef-4cb7-ac61-b3c876bf6055,21,2638370,US,2024-08-12
d44aafc9-4452-4af1-a1c3-0e6b44fb3085,22,381210,US,2024-08-12
42b6788c-4d82-4cc2-a1bc-f4c98f57cabd,23,1151340,US,2024-08-12
671acb45-eb6e-45a1-814e-3468654116ff,24,1222670,US,2024-08-12
923d1979-f991-40da-b074-70e10c6b7fe7,25,2358720,US,2024-08-12
05f3b03f-aeec-4fac-bdb1-e088e8833a07,26,238960,US,2024-08-12
d4ff6fa9-001e-46f1-9d31-e1343f28e673,27,49520,US,2024-08-12
039b1cb4-0432-4e1a-824b-084fbe8fcf17,28,2778580,US,2024-08-12
f3c3fa26-f427-4aad-8198-468b2ea4402b,29,271590,US,2024-08-12
e5248919-4525-40b1-948c-5624df15fe24,30,39210,US,2024-08-12
d05d983a-9b99-4259-a1ed-2f60b1932856,31,377160,US,2024-08-12
c8c839e0-719c-47b4-beb3-93da9ad60055,32,1172470,US,2024-08-12
dfb164ee-4b99-4118-be59-37bb87fb3d8f,33,38150,US,2024-08-12
c6bdc395-50e7-4542-8547-9593ec51bf36,34,489830,US,2024-08-12
e211def8-06bb-4eb3-b373-b23f08063ecf,35,1599340,US,2024-08-12
93a6dc3b-ccdf-4add-b0f4-5d6fbf5bd8d6,36,2582560,US,2024-08-12
4d380846-7747-459f-b252-832f5fe9d7ed,37,1962663,US,2024-08-12
cf6c9c60-8f2a-4b13-a81b-8eea6a9d4471,38,578080,US,2024-08-12
a395c9d7-30c5-4876-8e85-0cc46f7d88cf,39,440,US,2024-08-12
873b9a06-d70b-413b-b76a-908f340ed039,40,1286680,US,2024-08-12
14281d3e-ddd6-4f5c-8a1e-3a40c30b3d14,41,252490,US,2024-08-12
c89bea71-5e65-4cfb-8d11-a39ef2711215,42,782330,US,2024-08-12
8f0c2258-a775-48af-b20c-216123d07877,43,5700,US,2024-08-12
406e3482-de94-4b59-9ae0-389139dd37a4,44,202970,US,2024-08-12
9231496a-fd97-493e-a598-e353fa56b51f,45,1237970,US,2024-08-12
f6bdf91f-b6da-4b81-8a21-c1fb4d8b0022,46,2400510,US,2024-08-12
85bc2ecc-cc33-4f6d-89f6-ee756abbbd8f,47,30424,US,2024-08-12
27219a1b-2f5c-4db4-a13c-0c4cba73ed30,48,1144200,US,2024-08-12
4c3dccc2-d4a9-478c-8b66-3c11bec2c391,49,2344520,US,2024-08-12
096eb2c5-fa67-4746-818c-cbba1f8287f1,50,427410,US,2024-08-12
8fb5d648-b530-4619-af76-92877615d564,51,1449850,US,2024-08-12
3f4fea30-9818-49ce-bf27-e9f386a0d426,52,199943,US,2024-08-12
0d063b92-9fed-4c20-90ce-e8371d0b9721,53,2567870,US,2024-08-12
93ce3acc-d75c-4b7b-a689-8c65499bc580,54,413150,US,2024-08-12
4b0cc693-ea10-4de4-89da-8d56cfabbe7f,55,2141910,US,2024-08-12
1332134c-44f1-41b8-8653-7246b936b6d7,56,2215430,US,2024-08-12
1aabcb97-9922-4fb9-aa49-0074eb58dc29,57,15435,US,2024-08-12
8d34707d-9043-40ad-9c3f-7ced8420c020,58,570,US,2024-08-12
048483a6-560f-4c34-8ca9-cf5a98e541e3,59,739630,US,2024-08-12
cdfb1532-e0aa-4b8f-b54e-49c823eed8cc,60,354231,US,2024-08-12
0680fab5-4b53-4699-a6fa-21cac290d7df,61,261640,US,2024-08-12
976a1574-90b2-4771-8d0c-5cac43e4b822,62,1091500,US,2024-08-12
8f679c19-9e93-4365-9880-c76f1e91645d,63,2840770,US,2024-08-12
2a1568d3-875c-4622-a194-ae87bc91df1e,64,582660,US,2024-08-12
5f28f796-4551-4a68-ac0a-91ae13695079,65,251570,US,2024-08-12
9ed4e27b-86a1-43c7-939d-2da4c9bdccee,66,1282100,US,2024-08-12
edc9dc61-3994-435b-92ab-fccaec3e9c6b,67,1716740,US,2024-08-12
f0c8bb06-cf4b-4805-a99a-1682e0d03410,68,1059530,US,2024-08-12
ca9cd1ef-01b9-4af6-97b5-52a3f1682aa0,69,1938090,US,2024-08-12
14443000-a2f4-4938-aff0-4e795aeb5e09,70,2016590,US,2024-08-12
e9be4d02-da72-4580-a50e-7f1448b05498,71,270880,US,2024-08-12
12773a18-5832-436e-b77c-081854e8c086,72,1172620,US,2024-08-12
d9f5f562-c50d-41f7-b40c-b6488ebfc548,73,3782,US,2024-08-12
927e3bde-bbd4-4be4-bfee-69e17875a289,74,548430,US,2024-08-12
de8a2be4-4f64-48b1-8a02-142520dd0997,75,2366980,US,2024-08-12
7e7b4ddb-8e5a-49e9-a056-a3cf7480b03a,76,2670630,US,2024-08-12
69397ebf-159a-4bb9-ba15-e74e954fb18d,77,1149460,US,2024-08-12
cc22237c-cb09-4347-a798-948ae01e8384,78,2336880,US,2024-08-12
511fd502-9e6d-4fef-9843-29c6e5b67341,79,2519060,US,2024-08-12
d9d7337c-c372-4aed-9dfc-24c818b4c271,80,294100,US,2024-08-12
c26f8919-5a8f-4c2f-9599-6019869848c1,81,1517290,US,2024-08-12
c7ccd08a-0c37-4503-b980-1919699e1027,82,8133,US,2024-08-12
91ca8ca5-44b0-4a8f-af19-295f2bdb942a,83,1985810,US,2024-08-12
ca61c403-b5f4-483a-9324-c05c25a823b8,84,1966720,US,2024-08-12
45718e13-4973-4348-8f53-be2666ada804,85,2073850,US,2024-08-12
1edace8c-8c75-4c9e-9aec-0ebfbdf2026b,86,15366,US,2024-08-12
01ee3392-25e2-4335-bdad-05acdcd88a58,87,1659040,US,2024-08-12
a03a4a77-8c67-4ba1-9a44-0ca6707e4272,88,2357570,US,2024-08-12
3dd6fbbb-9fee-4b68-8781-fbfe897bd1cc,89,1174180,US,2024-08-12
d8db0b72-ec10-4587-9401-51b0df2e41fe,90,2406770,US,2024-08-12
8eb13df4-c557-48b8-ba1f-9564a8033bf4,91,2751000,US,2024-08-12
0754c3d1-38d0-4db9-8634-62d9f75b2527,92,2526380,US,2024-08-12
f6604e92-92b2-49f2-8d65-678f0dbf1e7e,93,281990,US,2024-08-12
b01cae9a-5c82-422f-8dc9-b9f49ef5c912,94,960090,US,2024-08-12
e41eda3a-9ee5-49b4-bf15-1463cbafbe47,95,2379780,US,2024-08-12
e500df10-ffa2-4475-8bd3-176351a3c558,96,1326470,US,2024-08-12
19ba45fa-4abc-4dbe-b6b4-f1f28c6dc2b3,97,1158310,US,2024-08-12
075d71f0-c101-4350-9a84-aef3e746c3e6,98,42700,US,2024-08-12
9007a8d6-9c4e-49a0-ab5d-5629e0929ef8,99,284160,US,2024-08-12
5641ade5-f903-4eb0-a2b0-ae81d01da75c,100,216150,US,2024-08-12
77465a2a-dfa5-4d5f-93d6-99a1b8b6afd9,1,1675200,CA,2024-08-12
be8fe283-0dd7-419c-b78c-633ad3a7cf72,2,730,CA,2024-08-12
dc632ba7-bca2-404b-bdb8-cd36267d03d5,3,393080,CA,2024-08-12
74b316dc-27e9-4f9b-9ac8-c81ee3c5a6e0,4,1245620,CA,2024-08-12
2d45a754-62f8-4335-a4b5-22816b6ca540,5,397540,CA,2024-08-12
5e000754-a9aa-4b88-b15e-c73b9cff6c9a,6,1593500,CA,2024-08-12
698ce7e7-6d3e-4be7-9a16-6cec1217a1ff,7,2074920,CA,2024-08-12
be58dda6-7e9a-4d94-b751-e8e150d569a3,8,33369,CA,2024-08-12
9e54e8b6-a940-4e45-b110-49cd27677e5d,9,2183900,CA,2024-08-12
f85741df-cfce-4b00-9bda-a874ea038eb0,10,553850,CA,2024-08-12
7a41117b-f2b4-4f81-b72e-8d26bc9ec6b5,11,2933620,CA,2024-08-12
2f6325c7-9b19-431f-b523-2ba6444fdd88,12,2358720,CA,2024-08-12
ce49aaa3-678e-4940-9cd1-c8c597dc4809,13,2142790,CA,2024-08-12
a210cd59-312e-4cff-bb98-26faf7893bfc,14,1086940,CA,2024-08-12
74e7c775-bec4-44d3-b0cc-870787352c18,15,306130,CA,2024-08-12
9c724636-c739-4b6e-802a-422342fa8f15,16,311210,CA,2024-08-12
634ffff5-2cf0-411d-a6bf-ecdc3ab48490,17,238960,CA,2024-08-12
6abec7c2-442e-4f20-bd62-1076a04c9505,18,236390,CA,2024-08-12
94fcef3b-35ad-4cfd-82e0-ff68b32c78e5,19,359550,CA,2024-08-12
9e479dcf-0422-4fff-b32f-9cb68c5b77a6,20,570,CA,2024-08-12
ce1e7259-f123-4dc9-99bd-3fb3e080fbe1,21,1599340,CA,2024-08-12
27ecbb92-a164-4a3f-b07d-8a4519900a30,22,230410,CA,2024-08-12
753ff2ec-9cff-4352-b6b1-96989b4e207f,23,1222670,CA,2024-08-12
3876a34f-3d59-4896-a9e8-35707ac3f936,24,2778580,CA,2024-08-12
4724fdbb-0130-43f0-94e5-ca2bce2d4dff,25,1085660,CA,2024-08-12
15e1e2ad-da9c-4ddf-835e-0a6ac34c10c3,26,1151340,CA,2024-08-12
430295b7-0ac4-4998-a19d-8093b4f1311a,27,2139460,CA,2024-08-12
225b1e63-df30-4594-8f76-c6128d0c4461,28,271590,CA,2024-08-12
3faa2458-7941-47fe-9299-5b50d0cd088b,29,381210,CA,2024-08-12
ae51e9b3-7094-4748-85ab-1acc13e4ecf7,30,377160,CA,2024-08-12
bb09100d-6664-4f24-999d-aef7c87eadce,31,578080,CA,2024-08-12
b158e6eb-ffa2-4934-9274-2e583fa193ed,32,39210,CA,2024-08-12
4a952a36-bdf8-41e7-b258-0f7651a1005e,33,2638370,CA,2024-08-12
f0eac3c5-1be9-4f49-a7cb-d5f371b6c223,34,489830,CA,2024-08-12
9a47696c-3352-46d5-8669-4396edbf41fd,35,782330,CA,2024-08-12
cdc85d5d-f10d-4b1d-b880-fcfd13040c99,36,49520,CA,2024-08-12
77c70b19-a60f-4af6-863b-63c0f39885a8,37,21478,CA,2024-08-12
1b338dd0-9f8b-45f4-ae01-63ac3ea74b06,38,1237970,CA,2024-08-12
506dd175-f448-4b1a-8cc5-d2a04907eeca,39,5700,CA,2024-08-12
18b27a52-947c-49d9-b2b3-95de84de5118,40,427410,CA,2024-08-12
dba991b5-2922-4766-9e40-e047717e7f80,41,2567870,CA,2024-08-12
dfc6a4f2-b54e-4307-9e63-95613c42280b,42,1172470,CA,2024-08-12
2dd5f16f-d6eb-4fdd-b307-e07e10601130,43,413150,CA,2024-08-12
51c764ea-4b96-4e6e-9bc7-a308068cd17a,44,252490,CA,2024-08-12
f846a512-5887-4810-9de1-548038b9570e,45,2400510,CA,2024-08-12
759a69ff-5194-463d-aba7-ea4a2088c6f9,46,1659040,CA,2024-08-12
261e0097-2d49-4045-8d03-1df67afc73de,47,582660,CA,2024-08-12
fe23895a-70cd-4111-b616-0abb738e00e7,48,1449850,CA,2024-08-12
599a573f-9b87-4861-85af-63c5c7485805,49,15435,CA,2024-08-12
d1283387-302b-4a6e-a7d8-aacd753baf8a,50,2344520,CA,2024-08-12
afd7e2d1-a252-4a84-8635-b3b5d738c5a1,51,38150,CA,2024-08-12
a91501c1-6ea5-44d8-9d17-0b027e1836fa,52,1282100,CA,2024-08-12
40ca1a44-e4b6-45c9-bf73-6b401ecf2a34,53,199943,CA,2024-08-12
0074c69d-a410-4430-a8c4-857c98a12b1c,54,1286680,CA,2024-08-12
d5399f06-ea10-4001-93a1-8ed51d50d7e3,55,440,CA,2024-08-12
54823cc4-9771-4e88-94c2-88f7bd9ee127,56,2141910,CA,2024-08-12
c9bbe170-3078-4e90-b173-a79b59863cf7,57,739630,CA,2024-08-12
20f71c2f-04b4-4a01-a3b1-b7ccc6bdd646,58,202970,CA,2024-08-12
fb3073ab-44ee-4611-b60d-9f0a692c0e7e,59,1716740,CA,2024-08-12
a409dba7-c41f-428e-be4d-1d1267207dd1,60,2016590,CA,2024-08-12
1f79dc1f-9133-4594-a8a0-9503c51b9972,61,2215430,CA,2024-08-12
190996c5-108f-45f5-80d2-5e578ff01d35,62,2582560,CA,2024-08-12
4db6d88c-8ce6-411c-b988-b0e2b3693d96,63,30424,CA,2024-08-12
af323873-c156-47ef-a911-4fcc9e180973,64,1144200,CA,2024-08-12
a0aa303b-cff3-404f-8387-639c12851680,65,33608,CA,2024-08-12
a1435df1-a0c3-4962-b47e-79a4be458f6d,66,548430,CA,2024-08-12
8e1022e1-1fe9-4fde-aec3-6b5a2e44bd03,67,2840770,CA,2024-08-12
ce9543db-4a82-48c9-8201-2f0d0a40293d,68,1962663,CA,2024-08-12
dc2be227-8183-4609-9cb7-91549888d909,69,1091500,CA,2024-08-12
9b56b4ce-3bff-470c-b95a-fa324e84d803,70,216150,CA,2024-08-12
31df8178-1ebc-41ca-b08b-b764c1bba191,71,1172620,CA,2024-08-12
36901547-568c-4376-9599-f318bcaed6d2,72,270880,CA,2024-08-12
c5cae36b-9c7b-46b9-a211-bc71bb47474d,73,15366,CA,2024-08-12
9ae492f8-fb63-4070-a263-2237b1cf33cc,74,1149460,CA,2024-08-12
aa3ef77c-9b47-4902-907d-18c7a01dded9,75,2751000,CA,2024-08-12
8b9db8d7-b988-4e9f-b686-138ce6b8a6b1,76,2669320,CA,2024-08-12
ffc96753-18e9-4c0e-b256-00f7fbd07058,77,261640,CA,2024-08-12
2b65f98d-83be-4f7d-9839-d5f6aadefade,78,281990,CA,2024-08-12
ce3408c8-98bc-417b-908c-510283846ac7,79,1517290,CA,2024-08-12
227c44df-1b29-4679-9eb0-2ca5decc2e51,80,2379780,CA,2024-08-12
7f2e3127-bd61-4a68-8182-7f1cb343745b,81,2526380,CA,2024-08-12
45b3c515-f228-4c54-b732-461a6e22aac9,82,1203620,CA,2024-08-12
acbc80ef-7b8e-47f4-8167-4d9bf83e6f95,83,1332010,CA,2024-08-12
d2732174-49bd-482e-89f4-b822ecf467fe,84,1696780,CA,2024-08-12
50eac668-0bb7-4da3-9feb-13f37b26bf3e,85,294100,CA,2024-08-12
60a35041-f3f5-4404-a4f1-9c1d545dda35,86,1599600,CA,2024-08-12
888a0129-a141-418d-a05d-9d56f040fb06,87,1169040,CA,2024-08-12
08c066a0-6431-4b6f-b086-1a213085b4a3,88,1232580,CA,2024-08-12
856e5346-bec3-4a54-aa3c-3c7f8e6d3e75,89,2195250,CA,2024-08-12
bcaec51d-d32b-43e2-b865-f98f09612d55,90,1250410,CA,2024-08-12
1245f1a8-b8fe-4f3d-bfd9-6b540da65521,91,546560,CA,2024-08-12
643bc799-aec2-4578-932c-0e85eff9df08,92,2808930,CA,2024-08-12
61392dad-fd00-4a68-9ac5-1f80d2c17c3a,93,251570,CA,2024-08-12
84d95660-b17f-49aa-864c-8c17df37d0dd,94,2965660,CA,2024-08-12
1b189dd1-e724-42a6-94dc-65386d27a953,95,2336880,CA,2024-08-12
f1a0f7e9-af8a-4266-8e10-2da8cf73b5ae,96,275850,CA,2024-08-12
86238257-9178-40a5-8030-ef96d5e4fbbf,97,1142710,CA,2024-08-12
9e9b33de-cf5f-4779-95c3-5a3164d82a35,98,1562430,CA,2024-08-12
2f3cc114-e599-4f6a-9fc8-2e1c7b691bc3,99,1818450,CA,2024-08-12
d70991f4-0c2a-410b-ab91-3987d8bae04b,100,2670630,CA,2024-08-12
673ae3cf-0d83-4c98-89a6-53739a715ba0,1,1449850,JP,2024-08-12
7ed9733e-1c2a-4812-b4cd-e9b28ab58bf5,2,2074920,JP,2024-08-12
1f8fbaf1-22a4-482c-b68b-352403f4e272,3,1172470,JP,2024-08-12
e4c8c8a3-7450-4d12-b4d3-5a770300bc3a,4,1672500,JP,2024-08-12
bf0367a8-5611-4c9e-bdc4-6ab530d93d21,5,1245620,JP,2024-08-12
d1220935-426a-4436-9f31-53f40996f0dc,6,2291060,JP,2024-08-12
f247854d-d1a4-46e2-a969-8cd03717eed9,7,1336980,JP,2024-08-12
805cc845-f8e1-48c1-ade1-a37f5c059078,8,21478,JP,2024-08-12
98953eb2-4f32-4b4b-b763-f2f8ea88442d,9,1364780,JP,2024-08-12
33c78458-d09f-44f7-a149-9ad7dc32177a,10,1973710,JP,2024-08-12
6ca154b9-1626-4336-b7a3-9c496a4dd314,11,2344520,JP,2024-08-12
d3c3e98e-0fd0-4efd-8d02-34a29b43b1ab,12,582010,JP,2024-08-12
2504caa4-7237-4c5a-b40b-8ca431614027,13,2972990,JP,2024-08-12
65dc2818-9876-4ea6-b772-e53ab61a2c1f,14,1875830,JP,2024-08-12
b2bd40d0-b958-4f32-a19b-c5067693653a,15,251570,JP,2024-08-12
84956083-9e27-4ed6-b837-deeaadb97106,16,2526380,JP,2024-08-12
4267d569-105f-4315-8f36-446684f74072,17,381210,JP,2024-08-12
0c901752-dc61-49cb-92b7-7f2e57ba1f0d,18,2668080,JP,2024-08-12
78abf43b-5965-4f17-ac9f-c44ed74ce256,19,271590,JP,2024-08-12
dfdb1d76-bec2-4579-a8eb-c462ce7dd986,20,2139460,JP,2024-08-12
6ad4f0ac-88ea-4d58-8997-da016f055b4e,21,2764370,JP,2024-08-12
6d1348d4-6ee4-4c16-bd62-0dbe86d6ba44,22,2396980,JP,2024-08-12
220e6c2b-de45-4666-a5ca-d12078e401af,23,1665460,JP,2024-08-12
69851333-2279-4435-ab50-eea00da952a8,24,1593500,JP,2024-08-12
dd78de28-4d5c-44db-9c48-3d8404d9a566,25,397540,JP,2024-08-12
c0d0734f-461e-45d0-ad5e-84e41d670ec7,26,2358720,JP,2024-08-12
a45934fe-eb03-4535-a5aa-28c4e4a03396,27,1295510,JP,2024-08-12
ae1b2d92-2584-4c39-8f61-936afb277847,28,1118010,JP,2024-08-12
11e990a6-dc13-465c-965a-2a8b9c6858a3,29,2215430,JP,2024-08-12
5938c1dc-afeb-4369-b3c9-3b21d3335957,30,13013,JP,2024-08-12
b3b9ec56-8bad-41c4-8d98-65ddd06c43b2,31,2567870,JP,2024-08-12
b2cb501e-3445-441a-9c76-eebe49287509,32,2778580,JP,2024-08-12
95b67a6f-8760-4342-b88f-f0877cc2ff13,33,1623730,JP,2024-08-12
338642f7-8748-454a-8b6c-a32f54eb4983,34,898750,JP,2024-08-12
188e0a52-3527-412e-9064-6823f3272bdb,35,2399830,JP,2024-08-12
1c256e40-c1bf-4d76-888f-1b34bcd0f618,36,39210,JP,2024-08-12
a4529ae7-8d8f-4599-9c74-83011ee9f6a1,37,2739590,JP,2024-08-12
b0621d93-eec9-4bd1-b974-903073a9c2d6,38,2989950,JP,2024-08-12
4059c8d5-a394-4af7-936a-a6f8cc3e46ef,39,2161700,JP,2024-08-12
07f43a2d-2b93-41cf-8fda-c70e1a17f9c6,40,578080,JP,2024-08-12
efed4c46-9567-4eed-a83b-444f22e6e1ca,41,413150,JP,2024-08-12
400cc545-bc85-42f5-b964-7f293e985ec8,42,5700,JP,2024-08-12
9ae7bf3f-f18a-455b-ab52-fdcef514993e,43,2051010,JP,2024-08-12
2ce5d391-d8a6-4656-a637-f6615d5bce7c,44,377160,JP,2024-08-12
60b3f16a-7a30-4f90-89e1-9d74c96b2987,45,1151340,JP,2024-08-12
dd7a27e0-780e-402c-a649-a6cc272f49ca,46,1422440,JP,2024-08-12
234eefa4-ff1c-46ae-bf65-54fc20297ca9,47,38285,JP,2024-08-12
ecba31f8-79d0-4f77-a1ec-66ee27847ca6,48,427410,JP,2024-08-12
d0d0deee-7493-4a92-bf64-fdc2357b6369,49,1222670,JP,2024-08-12
3506d0d9-3468-4ff5-bfa6-baa80cc3f442,50,1659040,JP,2024-08-12
1bb452f4-1138-40a3-a411-884221d90bbe,51,1477070,JP,2024-08-12
1faa19df-9cf6-40fd-89ee-56f3c9ec279a,52,252490,JP,2024-08-12
b3e76dc7-1a9a-4e21-8a56-484d2bf8aa92,53,949230,JP,2024-08-12
9244ac75-ae31-427b-b223-1c55a2e400e0,54,2701660,JP,2024-08-12
bf870f2c-13ab-4666-a0af-dfc17fcdd48f,55,199943,JP,2024-08-12
b1f1f029-1a89-444a-b6da-c2bf52821772,56,1173820,JP,2024-08-12
cc0e0dc4-e6e7-4181-976d-10b653fd8fe0,57,730,JP,2024-08-12
e179adb9-c93f-425f-98f1-c57579933fdd,58,230410,JP,2024-08-12
ef803327-1e1f-4dfc-bca7-25a472f53697,59,2933620,JP,2024-08-12
65a9d5a9-aa2a-4c3b-bb7e-e8d540e7b0f8,60,1091500,JP,2024-08-12
6f406992-2094-4f26-9b73-160af08b7eb5,61,739630,JP,2024-08-12
2b16ec7f-3939-48d7-b773-110a42e75056,62,1085660,JP,2024-08-12
47ec78e7-85ce-4928-843a-efef1b7b0854,63,1086940,JP,2024-08-12
9571d0ef-66ac-4a19-be0b-e7ec825a339a,64,1149460,JP,2024-08-12
64c6ff13-074d-479d-a0f0-1bb3cd360dfc,65,1384160,JP,2024-08-12
306f3fb0-8af9-471b-8dea-69e9710bb42f,66,2016590,JP,2024-08-12
56b80f15-516b-4fd6-95a9-615eff83c344,67,33369,JP,2024-08-12
bd19f0f2-7701-4059-a6c8-82710977e9f2,68,359550,JP,2024-08-12
41ca3863-a09c-4fa5-8e9e-46c14bff4364,69,2357570,JP,2024-08-12
5b52dc71-41c8-492b-a40b-9ef0bac86884,70,2064650,JP,2024-08-12
defeaf9f-c73d-4b5b-9ac9-e4cd1b6c6d7d,71,1716740,JP,2024-08-12
e9adf69b-b1a8-4da0-a80e-ded5cf8ebfb7,72,1607250,JP,2024-08-12
e2e987c7-f6d7-4f0b-a158-b58c87873ebf,73,552990,JP,2024-08-12
9009c211-9f02-42d7-ba04-947e0effc2ee,74,1031500,JP,2024-08-12
323b687d-1b12-474c-98f2-cf723196a6d9,75,2490990,JP,2024-08-12
46a17c9e-6c79-456c-8076-e80664985286,76,1237970,JP,2024-08-12
7ab1167f-8249-4555-88cf-4c2d7fe0788e,77,2510710,JP,2024-08-12
0bd8b86f-591c-4504-ae36-df3ea715ef68,78,1446780,JP,2024-08-12
2fdf9dda-4a3d-4e85-b4ef-c65341b65a8e,79,1173810,JP,2024-08-12
67915c19-32da-4d03-8185-ab9d75ab7fd6,80,294100,JP,2024-08-12
17fb62f5-dbfd-4bf1-8b38-31d9f2ed760e,81,39074,JP,2024-08-12
3e1ace19-d470-4f04-bd01-f0660e358f00,82,2586520,JP,2024-08-12
15f667cc-07f4-4945-a8e7-223f3f10ced3,83,1284190,JP,2024-08-12
525c54ef-4235-4b1a-8341-b13c68877bf0,84,1888160,JP,2024-08-12
8e0c214f-608a-4f18-81cd-c911def929c9,85,648800,JP,2024-08-12
27c0c80c-4787-4376-96be-d9d9f9e5b6f5,86,2305840,JP,2024-08-12
8be2468e-45b0-44b9-aeb1-723d2fcefd0d,87,489830,JP,2024-08-12
37eea410-9f30-4ac7-8510-b24f56a65c6d,88,1629520,JP,2024-08-12
5cae5747-98ef-4963-a24f-9b88b232f53f,89,728530,JP,2024-08-12
df182a03-7d70-4267-b9e3-efd834ae69a6,90,30424,JP,2024-08-12
d271f170-376f-4889-9ffb-fe76caf01d0d,91,394360,JP,2024-08-12
5419e176-9955-41f2-b412-7ca466f2bb8d,92,1730700,JP,2024-08-12
671bbc1d-e2f6-47d8-8fc2-128a5e2fbfb2,93,43117,JP,2024-08-12
bd399eac-a642-4240-9011-8f972c8118e8,94,2963870,JP,2024-08-12
0021a0af-3d0c-44c2-81b5-1f1ea8e90c1f,95,23161,JP,2024-08-12
55c81e4c-e2b9-4dc1-b4fb-7605f24c60bb,96,346110,JP,2024-08-12
daa9ec5e-6e23-4e19-aa74-7c98e140baf1,97,1954420,JP,2024-08-12
0ad89946-ceb1-428b-862d-2b1d062cc18d,98,1282100,JP,2024-08-12
99ac64a6-8a34-4fa0-8bee-3551250c570d,99,238960,JP,2024-08-12
baabfe7f-7a9b-419e-a9db-84344c41281e,100,227300,JP,2024-08-12
39bd673b-56c3-416f-9954-845e047772f2,1,1675200,IT,2024-08-12
b615eb82-232c-44d9-81f1-a7b0584ba7fd,2,2074920,IT,2024-08-12
3fef7a12-73d5-4cd3-a487-3fd2b997ea8f,3,730,IT,2024-08-12
2c6fd388-5885-4abb-90f6-e7a5303a724e,4,1593500,IT,2024-08-12
9444154b-b9f9-452e-a1ef-5eb908f2c236,5,1086940,IT,2024-08-12
79cf2478-0bcf-4d5a-ba9a-68214a57c32a,6,2358720,IT,2024-08-12
7d0ef16f-2ea6-40da-b4a5-e913e445993e,7,33369,IT,2024-08-12
df29661b-a880-46c3-aaf7-00c993f597c4,8,397540,IT,2024-08-12
282cdc4c-08d6-4c17-ba0b-1bb70cf74176,9,1245620,IT,2024-08-12
5a4adb4c-275c-4b85-9ba3-0f0fdcb79274,10,2933620,IT,2024-08-12
d20139e4-21a6-4096-a876-39d12e140e0c,11,230410,IT,2024-08-12
bf6874fc-ca8a-47e3-b784-343168984bed,12,271590,IT,2024-08-12
d5b33578-45a3-47b2-b167-c3b5bd7c51db,13,1222670,IT,2024-08-12
780b2ba8-838c-4de0-b1bd-9cd4fef671ec,14,34206,IT,2024-08-12
f95e30a5-d8d3-4b14-9f2d-01af65940e48,15,1599340,IT,2024-08-12
e7c97464-5e7a-43eb-8435-221079447c8a,16,5700,IT,2024-08-12
044f2dd9-c9b3-4daf-93c2-fda08499491a,17,311210,IT,2024-08-12
4d8f508d-a028-402b-8b88-707bd8525623,18,553850,IT,2024-08-12
eb8e0ed0-05a2-4ab4-a36e-18842c886490,19,236390,IT,2024-08-12
7a40e4de-7a76-42cd-94a4-1e7c57126443,20,2778580,IT,2024-08-12
186bb248-9d97-4fff-a41f-3d6eb6d4476d,21,393080,IT,2024-08-12
e90d2bdf-ac00-42f0-b67c-f861419075ee,22,2638370,IT,2024-08-12
9474fc57-e997-459d-98cf-0fe1eb01f85a,23,570,IT,2024-08-12
ff126468-1718-4a1e-a75f-fe39605b9bed,24,381210,IT,2024-08-12
add593f5-ea34-4368-96ac-573175baed2b,25,1665460,IT,2024-08-12
a0eaf429-3dba-4a32-8a0e-3628edf0912f,26,2141910,IT,2024-08-12
dba46daf-a729-4c3c-9eec-beaa3093ae5c,27,2751000,IT,2024-08-12
7d59451c-e1fc-41fd-9f17-b70d9cc26e60,28,20968,IT,2024-08-12
0544e0d2-e870-469f-9a08-1094ce90ccf7,29,782330,IT,2024-08-12
de3f34b1-2a3b-4b51-aadc-a7cf75819069,30,41076,IT,2024-08-12
bb94cb75-d7fe-495f-8c7d-1809df4f941d,31,1085660,IT,2024-08-12
7cbfcd64-0b32-4c72-bda9-bb506c5e3180,32,28405,IT,2024-08-12
f6bfff21-4f38-49d0-a8ee-8716ed33a161,33,306130,IT,2024-08-12
41e9bb8b-26e7-4d39-9e0b-e87749dea29c,34,489830,IT,2024-08-12
e45762ca-592f-4168-9173-e3eea1eafce5,35,38150,IT,2024-08-12
39d88636-b0e1-4bbe-8aff-76cb4fa1369b,36,377160,IT,2024-08-12
0af61009-b1af-4bbf-bba5-c2496a4c7b25,37,2808930,IT,2024-08-12
70393aa4-7e2d-434e-8a69-a6515c346a73,38,359550,IT,2024-08-12
ef381786-e310-4d4f-a640-c641c01bff91,39,1237970,IT,2024-08-12
8a0540c2-23e5-489b-ad12-53c7b414ee07,40,1449850,IT,2024-08-12
1fe45f1e-69d9-4a77-a0c0-60829eb7bb15,41,202970,IT,2024-08-12
f28b80df-52fb-471f-8c0a-420e37079272,42,15435,IT,2024-08-12
07ae7735-3025-4e6e-8421-1c12f8020995,43,49520,IT,2024-08-12
e1c0c6ac-2693-485f-807b-d3f908c189e6,44,1151340,IT,2024-08-12
49aba192-5431-4f89-83e0-7c978b997234,45,227300,IT,2024-08-12
cf303a16-c014-43c3-9aa4-b255ed74aa3f,46,2139460,IT,2024-08-12
202565a0-ebb4-408c-9f1d-832adf5d1f18,47,1790600,IT,2024-08-12
6c610172-7568-4d4b-accc-ed7a8496c9ec,48,2183900,IT,2024-08-12
568daf43-26b1-47f0-91d4-cc40d7fdfc1b,49,1250410,IT,2024-08-12
e52c7e28-de5f-44db-9d10-275f638ba13c,50,578080,IT,2024-08-12
3fca64e1-21cc-423a-9cfa-6329cf474ba0,51,1172620,IT,2024-08-12
e7cae408-bde8-425d-a0ef-6761c3702a1d,52,33761,IT,2024-08-12
4718b734-ce03-4ee9-8a6a-11a56c8d1b2d,53,413150,IT,2024-08-12
183f22c9-781b-4ad6-9a52-1dc2cd826320,54,1286680,IT,2024-08-12
1bc02892-4d7f-45de-9b0f-8a794cc4938c,55,550470,IT,2024-08-12
70c96a6d-6056-4f54-8f37-d7fa9c21478b,56,2567870,IT,2024-08-12
bcfde798-67c7-4caf-af08-478ce2bd3d66,57,39210,IT,2024-08-12
753978ae-6393-4c83-ba90-bb385089c38c,58,1962663,IT,2024-08-12
825830ee-e811-4735-8688-0c844f99907a,59,252490,IT,2024-08-12
f1be3b88-1e6c-4a61-9f5e-24f611b0fe5f,60,2488620,IT,2024-08-12
cec729c1-2cde-49c4-a696-f5a4ce0a5359,61,1997040,IT,2024-08-12
4bd78d20-6754-4401-8dc3-680c76206673,62,1716740,IT,2024-08-12
54a290eb-cd5d-4fca-8b14-75a3da610ed4,63,1934680,IT,2024-08-12
d4aa493f-3b1b-4694-b9a9-a438525013be,64,15366,IT,2024-08-12
e90593aa-9dc0-48ec-bb9b-3a73d068499e,65,1551360,IT,2024-08-12
f90f3599-4fbe-48ff-a878-ed706168ce42,66,1091500,IT,2024-08-12
0425e740-0b8b-451f-a594-703c7935070f,67,2669320,IT,2024-08-12
58414e6b-6068-4584-8761-f1c9b2fa27f2,68,30424,IT,2024-08-12
62e0651c-ee7f-4ec7-8835-2c2b2ee1a060,69,1517290,IT,2024-08-12
7b398f31-21c1-4085-bd35-69e0385efd01,70,250900,IT,2024-08-12
5159fcb0-3618-495d-824a-3fb226e03716,71,739630,IT,2024-08-12
9e37e113-b888-41e4-a72d-ba7dec1cc843,72,1332010,IT,2024-08-12
405200be-69e5-4e30-a630-5b8dbcd7d911,73,261640,IT,2024-08-12
78bf4670-7618-488f-9095-7070d7860d8a,74,1282100,IT,2024-08-12
46116647-ac54-4b56-8fa7-dc74004989cb,75,582660,IT,2024-08-12
7b863f0f-3b72-4cc9-9a8a-2fa8ff34a182,76,1172470,IT,2024-08-12
c172f6a6-4dfc-4b8d-a7dd-5a14d5345c19,77,1169040,IT,2024-08-12
3d99e09f-7cda-4d2f-a5b0-dd3b0df2a7b5,78,767560,IT,2024-08-12
1eeb2f4a-6224-4655-a47a-a4e6139cfef0,79,380600,IT,2024-08-12
b30e3935-e6be-4f1a-aa40-0e3c8cce0305,80,199943,IT,2024-08-12
95d11766-b8c3-4b15-bd34-8f90abf31859,81,440,IT,2024-08-12
23c2f76e-c255-4f52-ab1c-2ca6b027c33e,82,2344520,IT,2024-08-12
5824dc34-3fbe-4a5d-8165-cbe3f52f7b2f,83,9709,IT,2024-08-12
3d5524c7-c9c5-4858-801a-60b320772d0d,84,2366980,IT,2024-08-12
dc30dbaa-f624-433b-8eb9-b3f96e4353e8,85,436150,IT,2024-08-12
2d0ec7e2-9d28-4fd9-8fb8-bada4d422955,86,294100,IT,2024-08-12
802fc949-1296-4256-8cd3-bda9b87c649b,87,2280,IT,2024-08-12
589e537b-2fe8-4f6f-a336-7bf16b567ead,88,2840770,IT,2024-08-12
aca018c5-404d-4f3d-8060-360c81444d70,89,2142790,IT,2024-08-12
11db8213-5f7b-4109-8eca-90d1ebfd703f,90,2305840,IT,2024-08-12
250f04b4-7994-493c-846e-9a6e16e69e3b,91,28407,IT,2024-08-12
51d08be7-4522-4b0a-84cc-9f0ea2a6d224,92,238960,IT,2024-08-12
d7600e4e-73ba-4742-999b-4e585f56dc83,93,546560,IT,2024-08-12
0e9c1e0e-6153-43eb-b06d-fdb66c1968ff,94,1363080,IT,2024-08-12
917b552e-0d2a-40e4-934d-dbfaaeca7355,95,41358,IT,2024-08-12
7dfe0cd2-11db-4404-a665-0b45ece2b98b,96,1623730,IT,2024-08-12
4687740d-2bd1-46af-96c5-9f477011f56b,97,379720,IT,2024-08-12
37bbd49e-42b4-4cf1-a2df-2310ca9089b7,98,1142710,IT,2024-08-12
79e1309f-de50-4282-9784-82b13daaa382,99,731490,IT,2024-08-12
80c80a9c-cf16-45fb-abcb-9aa90a731af7,100,1937780,IT,2024-08-12
71f9df56-282f-4d22-84de-ec5d2e0dae04,1,1593500,BR,2024-08-12
4311d08d-1038-4d84-9c7f-7cdaa977c6de,2,730,BR,2024-08-12
d661406b-e745-4e84-84ed-6551ef0249b2,3,2933620,BR,2024-08-12
edd85f3a-2294-493f-bb13-d49cb9a04b1f,4,33369,BR,2024-08-12
b28e958d-be30-4347-aaa0-167b98f8ff64,5,570,BR,2024-08-12
e30a4350-fc08-44cf-995f-28968d940d5a,6,271590,BR,2024-08-12
1042212f-47e5-4da1-83ec-73b4ad5a86f5,7,1245620,BR,2024-08-12
cf2bccb0-9f17-4dd6-86bd-6ce1ce95abfd,8,2638370,BR,2024-08-12
7a233489-b264-4b3b-b5c9-da16b15bbd77,9,5700,BR,2024-08-12
de021f99-d985-46d2-b6d3-57b450066d4e,10,2358720,BR,2024-08-12
08f148c1-b2e4-442b-98e6-610a278e3248,11,2669320,BR,2024-08-12
4b1c1b07-2b69-468e-bd48-f927c1496dd0,12,489830,BR,2024-08-12
f610c786-f35e-450c-a365-5b9c1294137f,13,578080,BR,2024-08-12
f1d74ba8-ee2e-4964-b75f-6e6e5f644ce5,14,397540,BR,2024-08-12
6fe430d0-5aca-40d6-9ba5-90c105856955,15,1086940,BR,2024-08-12
c963e47a-baac-4c2a-ad1c-9bad33c906af,16,2344520,BR,2024-08-12
cdebfbf0-dd6c-4986-a9f1-99406ed3e0b2,17,381210,BR,2024-08-12
88e32959-361f-448d-9efa-81df0957debb,18,1665460,BR,2024-08-12
321f3a62-c00b-4c2d-b858-b1e00d460496,19,238960,BR,2024-08-12
e03dbc3d-6b4c-4e04-b907-f09bd3580717,20,108600,BR,2024-08-12
93a57f0a-50cd-4570-a765-11353caaa35c,21,413150,BR,2024-08-12
678d7cee-a24c-4e30-96a3-4d2be74ded06,22,2074920,BR,2024-08-12
39677ac3-11d1-4996-a02b-9ed5686c3da9,23,230410,BR,2024-08-12
438e0503-c471-4090-818c-45b456d49326,24,1962663,BR,2024-08-12
b3790017-b510-4dca-80e8-a8462e6d6f03,25,1222700,BR,2024-08-12
74245661-6e12-4b70-84b1-17a3d111286b,26,1237970,BR,2024-08-12
36a1058e-4092-4513-8996-44f05c2e04dc,27,377160,BR,2024-08-12
c048d499-d755-437e-8271-ba0cb5a2a872,28,39210,BR,2024-08-12
37fe8bb3-efca-4fb3-82e2-842f8013e180,29,2780980,BR,2024-08-12
e6f6db1c-301b-4082-bfca-4ebd7ff70db2,30,1517290,BR,2024-08-12
c504ea8d-e6da-42a9-b241-fb002600c4a0,31,1174180,BR,2024-08-12
26571106-7897-4756-8afd-395c7fa9f1b5,32,306130,BR,2024-08-12
b7a71cc1-2bfd-4689-a96d-e68aa40f9b30,33,2778580,BR,2024-08-12
0111fe04-52f4-4c61-9d65-18243db97303,34,2195250,BR,2024-08-12
bcd50c0f-4c6a-4bbf-960a-d6d7a61d8eec,35,782330,BR,2024-08-12
4df02637-5c92-4098-9362-aefcf1966416,36,739630,BR,2024-08-12
0f022fb2-3480-47da-96f7-e3c9bf422082,37,311210,BR,2024-08-12
ea52a760-9b63-446b-b1cb-9c505562348a,38,1222670,BR,2024-08-12
96a05786-d4bc-4559-ba42-9242c2df7a95,39,1938090,BR,2024-08-12
5260e416-4696-4202-b579-2ea4bfd36849,40,1085660,BR,2024-08-12
cf2dd7a5-8dc9-4511-93e3-2bbc59c820f3,41,1222680,BR,2024-08-12
6fe14a83-6dcc-410a-9482-0d125eb609a6,42,199943,BR,2024-08-12
b5cbf259-c282-424c-910d-f43daf8deeb5,43,49520,BR,2024-08-12
03a38d46-da55-40cc-9650-bef027788a90,44,1289670,BR,2024-08-12
ec161ab4-db81-4f72-877d-98a7b65cb283,45,359550,BR,2024-08-12
eb9c72ff-c676-4bc5-a5c7-f1d196f79ca2,46,2567870,BR,2024-08-12
a31752eb-b8a7-4c49-ae2a-72f3663e0c3e,47,38150,BR,2024-08-12
86d2472f-220f-4c18-b91c-c3f9583568aa,48,993090,BR,2024-08-12
28a67e91-d920-4717-af2e-233e90afbd1e,49,431960,BR,2024-08-12
03118ffc-1124-463d-9d64-433f45a91880,50,1091500,BR,2024-08-12
b33d51ce-2ad6-40d0-9384-d79b1c60de99,51,985810,BR,2024-08-12
5479f6ff-ca8e-42f1-8333-8110ef8679b8,52,2142790,BR,2024-08-12
ad4a6534-411e-4817-825a-49bb616a973f,53,2139460,BR,2024-08-12
7272c41c-de4d-4df4-a514-97efdc2681f3,54,582660,BR,2024-08-12
638ff855-63b0-4539-a3da-2640d9fdaee5,55,15435,BR,2024-08-12
a3b31a03-43c8-492e-bc2f-11120f24e8af,56,2215430,BR,2024-08-12
3511bc9c-d6e8-475d-bc4e-59868218427a,57,1149460,BR,2024-08-12
6f4ee681-33a8-4da3-83e6-21abf50b3f91,58,379720,BR,2024-08-12
55b8483b-7906-40e1-bc1f-3eb08e985a2b,59,1250410,BR,2024-08-12
afababc0-ee8d-44bf-9525-b9c718959d84,60,2000950,BR,2024-08-12
835c95ca-4883-4973-bdab-06dcb88dc864,61,236390,BR,2024-08-12
8b6f5838-f9e2-4ceb-99a6-922489cb276b,62,1238810,BR,2024-08-12
1e37307f-2543-415a-bd78-7b0cd0ead03c,63,227300,BR,2024-08-12
d823d12c-9198-48c1-b784-8afc34826258,64,1332010,BR,2024-08-12
8620fb96-4f81-4fc4-9b78-4005977d634f,65,266410,BR,2024-08-12
de082500-2824-4d19-bc6a-52df49296f62,66,1286680,BR,2024-08-12
d1927137-f249-40b3-83a2-9d71cbca1ccb,67,1846380,BR,2024-08-12
e1efd81b-41f4-4f65-9609-d5552491eba7,68,30424,BR,2024-08-12
a1e468c1-95ef-4476-a45f-4b90c8302752,69,2488620,BR,2024-08-12
63cc5d3b-0d45-405b-8e9a-6e14c385f5df,70,761890,BR,2024-08-12
13148ec1-db50-4490-b971-b8aa185f4d99,71,440,BR,2024-08-12
bb375714-0c92-4308-a950-2e89a5b23282,72,2526380,BR,2024-08-12
7dd36456-e0c2-4a7f-85bd-26e31003e68d,73,548430,BR,2024-08-12
802d14ad-0933-456d-a7dd-f620afbefaaa,74,376210,BR,2024-08-12
27a68a6b-383f-44f1-8a1c-9d73a19086d8,75,597820,BR,2024-08-12
7db19a2e-b9be-493f-b351-8941fe1b5122,76,1962660,BR,2024-08-12
29deebfc-14b6-4831-aaf6-38ec899b268e,77,2322010,BR,2024-08-12
0ab7ec5f-5bca-49a5-bd51-e81414c1e025,78,553850,BR,2024-08-12
3df1b6fd-e3fa-4261-8590-990c93ddd48a,79,1151340,BR,2024-08-12
b4127bd0-1123-4afe-ade2-cfa66025b560,80,268910,BR,2024-08-12
4375569a-3944-4933-a355-d8a4638c5930,81,1092790,BR,2024-08-12
9af43067-8e55-44c3-80c8-c2898779d0b3,82,1966720,BR,2024-08-12
9904f5dd-9490-48cc-b243-17c421231c6e,83,221100,BR,2024-08-12
38d9633d-13a4-40bd-9d3c-219ce7df26a9,84,1623730,BR,2024-08-12
931e5587-cec9-4fd4-9650-ee99be1c38b3,85,5699,BR,2024-08-12
d138099d-4b2c-4203-8226-b3a667d34f56,86,1282100,BR,2024-08-12
897923cf-76dc-4c77-a982-46d2318733e2,87,2183900,BR,2024-08-12
8c346ea3-5174-408d-8d23-04602a2249cb,88,1238860,BR,2024-08-12
74286455-c279-44d7-b0ba-f7b3f0f04492,89,2357570,BR,2024-08-12
2794becb-da66-42aa-b1bb-f2c9b6297a3c,90,252490,BR,2024-08-12
cd00b29f-53c8-4525-ba2c-a2639a0340ef,91,1934680,BR,2024-08-12
3845969f-e69d-4181-a4a9-a00b295525ec,92,1238840,BR,2024-08-12
5b8e06ce-bce4-471b-bc43-929157122252,93,1985810,BR,2024-08-12
cd843794-9c30-47a8-a73b-6cdf9aded0de,94,2840770,BR,2024-08-12
691aa5c1-7371-4e7c-bc26-f0e9bba1b7f3,95,1089090,BR,2024-08-12
6a08a6b4-d071-489e-a9bf-9fbf3f03ccde,96,21478,BR,2024-08-12
bfe5edca-8202-4fb6-9c0b-6c519d4183da,97,2878980,BR,2024-08-12
6f06b3a5-1bd0-44c3-89b5-766bac5850c3,98,2395210,BR,2024-08-12
ae22a5e2-2de0-4522-9bb0-f5e41aca08ac,99,1790600,BR,2024-08-12
f2a8ecaa-d8cb-4730-8ff8-7a8155e6b876,100,2519060,BR,2024-08-12
45545842-b8de-49c9-af39-acadb81b32e6,1,730,AU,2024-08-12
3572504a-44c6-4641-91b1-461b5a073726,2,33369,AU,2024-08-12
00670fa0-efa7-481f-bc9f-e0e6d4f3a69d,3,2183900,AU,2024-08-12
fd19bd0d-e447-4ce7-889a-44c54a2fb958,4,397540,AU,2024-08-12
8164fec8-c9bd-44d4-970a-91a59b08bfd4,5,2933620,AU,2024-08-12
aba77bc5-ca2c-47cd-a069-5795e5b85672,6,393080,AU,2024-08-12
eb4bb038-8a86-455c-b2e5-02f7be873157,7,1245620,AU,2024-08-12
695a3997-bf8e-4bac-8bd8-82021e9dff02,8,2074920,AU,2024-08-12
047ef0dc-9149-4ac6-99a7-1faf63355512,9,578080,AU,2024-08-12
d2179166-d23f-40ab-8cd9-1d536f231311,10,2357570,AU,2024-08-12
3badac80-1f37-4c3e-b114-29ff1aa4d77d,11,2358720,AU,2024-08-12
7063bc13-50de-4bfb-82a6-8da27832dbd7,12,1593500,AU,2024-08-12
1812a8b9-04ed-421c-a9c9-b42beb0ae29e,13,238960,AU,2024-08-12
ba752bfb-d43e-4002-b41e-a7b9761afed5,14,236390,AU,2024-08-12
20b2275a-145a-4789-911f-f404d11b6099,15,553850,AU,2024-08-12
6905e6c0-f162-41d3-a2e3-da6c5bf0bf3b,16,570,AU,2024-08-12
7f1434a5-e5b4-4157-a061-4a55045833de,17,306130,AU,2024-08-12
d9c9eb72-d270-4f54-9fea-df985ca7ffe6,18,230410,AU,2024-08-12
2294febe-15f3-448e-96aa-c878013dd4ac,19,359550,AU,2024-08-12
5a375a69-52eb-4c21-87cd-6bfbd8da85ed,20,2139460,AU,2024-08-12
01d84d49-830a-4306-960e-ccc78e61e283,21,1086940,AU,2024-08-12
7e71fd99-d4d5-482d-8308-ce55dfb132d9,22,311210,AU,2024-08-12
31137b5d-e7ce-403f-9bf1-896e5200c99b,23,2638370,AU,2024-08-12
568922af-c91c-4b8f-befa-d81cc69ba2e3,24,1085660,AU,2024-08-12
2057a03d-6b38-4aa7-8ef7-c14f89269ec1,25,1151340,AU,2024-08-12
0fe5daa9-45a9-48e0-88b2-8439b8ac067a,26,1938090,AU,2024-08-12
2ac9f896-1745-49a3-93f3-d9083695d000,27,1985810,AU,2024-08-12
2594a3bf-e882-4658-b52a-78e59e2ef220,28,2778580,AU,2024-08-12
4ba47bfd-e517-4688-9b08-c4392dfdc046,29,49520,AU,2024-08-12
71b419a0-7749-494a-a300-bdffb5f9920b,30,30424,AU,2024-08-12
f0aff858-01ff-44d2-b80b-d62d7f838e79,31,2142790,AU,2024-08-12
37044b93-7ce6-45e7-ac06-02a6cfe06abf,32,381210,AU,2024-08-12
224ae924-4a38-471e-9f08-699e3fcaf717,33,2519060,AU,2024-08-12
c935fcf5-4346-4be4-b0c6-2c2e61ef8f89,34,39210,AU,2024-08-12
aceff45c-7d0f-4a61-9efd-659c2ef29dfd,35,1222670,AU,2024-08-12
ed79fe4f-ea9e-41db-a02b-817fe4647563,36,252490,AU,2024-08-12
19e25200-69fa-4186-b18f-b88fb71ac312,37,782330,AU,2024-08-12
974babb1-8adc-46c4-aab8-17722c9229de,38,489830,AU,2024-08-12
3cc61398-df37-4197-8f6f-5bf3aef68989,39,271590,AU,2024-08-12
5d33eda6-d033-429c-a910-b15c381341a7,40,1172470,AU,2024-08-12
3c6ba594-2bcb-4ae7-9ef7-a757d189047f,41,377160,AU,2024-08-12
c0999670-84a9-417f-b25e-6de80e62aed5,42,2840770,AU,2024-08-12
73999be9-34dd-42fd-b789-6a75e18bbbdd,43,2400510,AU,2024-08-12
f3528902-e66e-42bb-8728-2b1d67920590,44,440,AU,2024-08-12
4a17b71f-b1ec-472f-8f2b-e28758c89ef1,45,15435,AU,2024-08-12
556f0d18-0ff0-40ef-b0f6-118fcb31a98d,46,1237970,AU,2024-08-12
cfce3a69-60e9-4cab-b929-12142a15b853,47,2366980,AU,2024-08-12
432a38c6-4d1f-4712-a40b-3153fab2ed71,48,427410,AU,2024-08-12
223041ab-6e6d-42ca-94b6-52feccf52e84,49,1286680,AU,2024-08-12
6548665d-4dec-44e1-8c40-9c371bacf445,50,2567870,AU,2024-08-12
64f262ca-c0a2-47e5-b8d8-3a75b50db110,51,202970,AU,2024-08-12
aa7a4d25-e8f5-412a-9516-8629f28b5cd9,52,1091500,AU,2024-08-12
152b64f6-1c7d-45ff-90a0-8cf47e53a826,53,2215430,AU,2024-08-12
8eb752d3-9e18-4c3b-973e-ab699ad7d679,54,413150,AU,2024-08-12
7ba56f59-a037-423c-ae84-dd3ff618d140,55,5700,AU,2024-08-12
77523223-9abc-4169-a91c-b3182bb8d7b6,56,2344520,AU,2024-08-12
4a3f76ae-3101-4142-ae4d-0e0a7a742687,57,2141910,AU,2024-08-12
971ab71d-a302-43a9-99e6-e3e0ce3dc7e4,58,1962663,AU,2024-08-12
d46b85e1-966b-42d8-af3b-93de02698704,59,2399830,AU,2024-08-12
689cb918-b6b8-4515-a7d4-4bcce11fff80,60,739630,AU,2024-08-12
094e4b03-17e7-4ea2-8e8f-f085896a6b8e,61,1599340,AU,2024-08-12
b56767a8-ff39-423f-9fa9-b5a086b47ee4,62,199943,AU,2024-08-12
e684a5e8-7524-4adf-a12a-4aef35212f72,63,261640,AU,2024-08-12
e8d80c99-8753-4c2a-951e-d70d3ac49ead,64,1332010,AU,2024-08-12
460b48e1-70d2-47d0-a771-2eb618b2dd6e,65,1716740,AU,2024-08-12
da437a86-4410-4253-a7e6-5281a824c248,66,1149460,AU,2024-08-12
b58b6753-f75e-4538-b184-4fd5c7852399,67,38150,AU,2024-08-12
5f99fc38-8419-4a1d-a85a-1547e0484c0b,68,2195250,AU,2024-08-12
b3e7ce46-910a-44f9-a84e-1debddc13663,69,38285,AU,2024-08-12
2a65c93b-3c4d-4e6c-bec8-b3b2ba3e56b6,70,2790720,AU,2024-08-12
946110fc-fd6d-4a09-bf62-602ae80a4040,71,251570,AU,2024-08-12
e506f937-97d2-4bd5-8cdb-fd56039e780d,72,15366,AU,2024-08-12
67e49753-8654-487e-9092-d0f364e674d0,73,1476970,AU,2024-08-12
139ebfea-690f-4904-beca-255679a486c3,74,1282100,AU,2024-08-12
c5ca6092-68d9-40be-a8d4-93b160632db9,75,548430,AU,2024-08-12
0cdabe0c-500f-4c12-a279-5a1e767f0c24,76,1517290,AU,2024-08-12
0baa44fb-1e4c-4f92-9f8d-69c4d3af047d,77,1659040,AU,2024-08-12
ed870698-962f-4e56-879b-4cfccb678951,78,1142710,AU,2024-08-12
829cef08-fe88-48e1-8223-e5dcdcd82324,79,5554,AU,2024-08-12
623759f5-ac74-450b-b282-61dc3ca5028c,80,281990,AU,2024-08-12
aec790ae-712e-42e5-adea-379acf7a8c5e,81,2670630,AU,2024-08-12
e80392cd-e3c7-4004-bf99-fe4f12381858,82,1250410,AU,2024-08-12
adde597b-dfd5-4503-a11b-a57706fe5124,83,2965660,AU,2024-08-12
f0672e50-2eb7-4d0a-b2e7-283a764acb77,84,294100,AU,2024-08-12
11bb7ee0-e940-4984-81db-0cea216ef770,85,216150,AU,2024-08-12
a3c099ec-0d0f-499a-95ee-427c115668c2,86,960090,AU,2024-08-12
b245870a-6159-4468-a64d-36cfd5eb715f,87,3782,AU,2024-08-12
3d0e6eae-c339-4039-b92c-864cb45b4b16,88,1449850,AU,2024-08-12
d908740a-e0ee-41ec-aeda-30d9a6f7c5a2,89,37745,AU,2024-08-12
9e8c252b-6402-45ae-9d3c-301e6e4c5023,90,1562430,AU,2024-08-12
001e93ff-b765-404c-8b56-0c7e8d02325d,91,1203620,AU,2024-08-12
e337243f-6edf-4071-b8fc-51e48b3ed4e3,92,1326470,AU,2024-08-12
b17e30e4-38cf-4031-a4e5-199419249c8a,93,1144200,AU,2024-08-12
63d4696b-3f78-4eeb-b813-521e360207ea,94,2751000,AU,2024-08-12
d93efdf4-a28d-4e2b-9a40-952b87219a70,95,1169040,AU,2024-08-12
5368f88b-ac5b-4e7e-951e-44c22a2b17f3,96,1158310,AU,2024-08-12
d107b407-9304-498c-b150-9447c23d5b00,97,2526380,AU,2024-08-12
111e9c07-17dd-4cec-a302-c529d35130d8,98,275850,AU,2024-08-12
51935e1e-09f0-4e1d-9d22-ca1564975b3a,99,15587,AU,2024-08-12
9ae74b61-54ea-4105-ac10-2c32141111d1,100,582660,AU,2024-08-12
19167535-c65f-47e6-9116-e7fdc1ee712e,1,730,AT,2024-08-12
b8a34e2e-0da3-4dcc-863c-7921186fb350,2,1675200,AT,2024-08-12
ba44d34c-8e55-4d34-8d7b-4af5ab206179,3,1857090,AT,2024-08-12
b29cb5e2-4da7-4e43-85bf-036c8d411188,4,2074920,AT,2024-08-12
e964451a-286a-4361-91db-1a7fdcff2a22,5,236390,AT,2024-08-12
8aba422b-4285-4b5f-9ec8-f88da48b8c1d,6,1593500,AT,2024-08-12
d85d02d1-4098-4afd-a6e3-235f06e530b7,7,306130,AT,2024-08-12
ab2c29bf-16b6-47c3-8007-c93f14808ad4,8,2933620,AT,2024-08-12
b20faba4-86f6-4a76-b97e-1790ed736872,9,238960,AT,2024-08-12
71c6391b-1e70-4fc3-a84a-306c957bb7c3,10,1245620,AT,2024-08-12
89393da8-cb92-4ab6-bc7c-82f5c14f55e4,11,271590,AT,2024-08-12
470ceb8f-2377-46ad-a07e-4df26a79bcf6,12,381210,AT,2024-08-12
0091bfad-7502-4500-9d06-80ef24df38a7,13,1086940,AT,2024-08-12
76a954a3-ee02-4964-aad5-88e5e4ece237,14,33369,AT,2024-08-12
ed32d070-df61-4b1a-a21f-9c76ec7df5e3,15,578080,AT,2024-08-12
5a535880-5e17-4b00-a3eb-2dbc591d932e,16,35030,AT,2024-08-12
94fc3183-1307-4079-8589-dff42bba30da,17,230410,AT,2024-08-12
6dafcd98-6f30-45c4-83d4-d0b59b1fb196,18,397540,AT,2024-08-12
c9be838e-78b7-43ed-ac27-6e1d7472d145,19,2183900,AT,2024-08-12
1d73649a-821b-4187-8862-57cbbb997fcb,20,1222670,AT,2024-08-12
81617dfd-7506-4cdb-b96b-123319fd62e2,21,10293,AT,2024-08-12
76bb0c5d-d665-4eff-af35-1076ffb557dc,22,359550,AT,2024-08-12
091fa872-6ac5-4756-80cb-6ba6421bca28,23,1449850,AT,2024-08-12
a9dfe750-3f9b-4c33-83b8-d65324450ca0,24,2139460,AT,2024-08-12
d51308fc-d95c-4bfe-a030-3c54248ebd7c,25,2567870,AT,2024-08-12
3f013cc7-c132-42bd-b650-d7f80710a6b1,26,2142790,AT,2024-08-12
532e8394-32f0-4d3a-a629-1887a9e13a6c,27,1172470,AT,2024-08-12
d17c95bc-e649-4f6e-a54f-20db53231e94,28,2195250,AT,2024-08-12
eeea4273-891d-4b4f-97f4-7b8c8da0e7d8,29,1203620,AT,2024-08-12
37358a95-f51b-4912-967c-e94b31504454,30,553850,AT,2024-08-12
3a3a37e3-cfb1-4182-93e7-1d8582ae5dbc,31,15435,AT,2024-08-12
a4ab89a5-c903-4806-aa1c-0acd064171c6,32,570,AT,2024-08-12
2d652295-da19-4dea-9c93-5b31f78b56f4,33,1059530,AT,2024-08-12
c24fcbaa-7d2d-4838-b28d-921db9f1768c,34,311210,AT,2024-08-12
b094cd11-6b59-4770-9c39-fc94c11c1f6c,35,1172620,AT,2024-08-12
788fbed9-830c-4648-a587-1c777e291804,36,2669320,AT,2024-08-12
250a5f2c-f19d-469a-91f6-b6bcf06cdabe,37,354231,AT,2024-08-12
524a7ede-b5f4-4360-b84d-7fc674de7b15,38,2638370,AT,2024-08-12
7dfd244d-c6ab-44a7-9079-1bcb41443342,39,38074,AT,2024-08-12
5f693729-78ce-4e3c-b01c-b50b220a2c01,40,393080,AT,2024-08-12
dc0498ad-7465-4498-b854-d704b030ad3a,41,32180,AT,2024-08-12
3c283749-89f6-48f4-999a-1e80d7224610,42,377160,AT,2024-08-12
904eec44-97fa-4936-aa20-26efbefe350e,43,2840770,AT,2024-08-12
7695d9ff-c402-417d-aad9-a0f9206e954f,44,1151340,AT,2024-08-12
56f66669-9188-4046-b0d2-22609819d4f6,45,41606,AT,2024-08-12
eca1c229-bde4-419f-a6db-a06fdd8329f3,46,227300,AT,2024-08-12
bc595f61-4825-4aa9-b610-373afee0993a,47,34877,AT,2024-08-12
d62faaed-ffce-4c8e-931a-02c13aac1355,48,39210,AT,2024-08-12
e12b81dd-fdfc-48e7-9f19-2963e2ef07b2,49,10287,AT,2024-08-12
8abf9baa-7564-46a3-8283-71c019bfbfc6,50,252490,AT,2024-08-12
b2fe89bf-2f30-43da-a977-c1e585e1c7bb,51,15056,AT,2024-08-12
26b1d3ef-3a5a-4b7c-b7ba-4b5644780cd9,52,1237970,AT,2024-08-12
661a4f31-71f5-423e-89b8-1754ee8503d2,53,2344520,AT,2024-08-12
b3700bd4-1075-40a8-ab7f-4dfef1e55308,54,2778580,AT,2024-08-12
49cb6471-d025-4a6a-a554-f41f01cbb382,55,782330,AT,2024-08-12
15616272-67a5-49fc-861b-49471b3336ec,56,1017180,AT,2024-08-12
0dabf41d-943f-41cc-a55b-b700f51e46eb,57,1085660,AT,2024-08-12
1761d927-e417-4fc0-9c90-a602a34521ad,58,1599340,AT,2024-08-12
57b5b14f-459c-426b-8b86-563494f7d744,59,2808930,AT,2024-08-12
6901c659-7b4c-462a-aee3-3069da9b3fee,60,1286680,AT,2024-08-12
847be674-a099-4fab-ba7d-94ce476d52a8,61,43679,AT,2024-08-12
415ed940-61c4-421b-8a79-65aa6afac9b7,62,2300320,AT,2024-08-12
58a1bb27-173c-4d4a-81af-4541deaf0ef1,63,2488620,AT,2024-08-12
f1926d3b-7201-4349-bc30-671f286a9b85,64,489830,AT,2024-08-12
bb6c227a-6275-4ba7-b2c4-000aaf93f38d,65,12601,AT,2024-08-12
70be33ec-c0cc-4050-bca0-63dfa6b77e07,66,1250410,AT,2024-08-12
a39f42d6-3b63-47b2-9c38-21886a22245d,67,594650,AT,2024-08-12
5c0c002b-880c-4cfd-9ec1-8e4e4da8c2eb,68,49520,AT,2024-08-12
1dd3a974-8790-4014-8783-98e5a0a60607,69,38150,AT,2024-08-12
4f755df5-ef4b-43d5-87a1-ddb584cf3ec9,70,2358720,AT,2024-08-12
f31b8a9d-8a9a-47b8-b576-28e7256d07cd,71,494840,AT,2024-08-12
2c7510ea-0b4a-4754-82e9-10ddf662f69a,72,394360,AT,2024-08-12
427c9a86-74f5-42b0-bc33-47049a31224b,73,1476970,AT,2024-08-12
5f6c8745-7c98-4fcb-9208-0df4fb219f2d,74,1248130,AT,2024-08-12
6e2b71af-c11e-4c00-aff9-6ff029e84e11,75,1174180,AT,2024-08-12
d0d79465-1534-47ca-b2d4-1e516ee84128,76,1232580,AT,2024-08-12
c4277517-d23e-4d6c-a95f-9c475e3164ad,77,43920,AT,2024-08-12
6293baf9-6b26-4b9c-8b81-7c6073d8c7fe,78,40143,AT,2024-08-12
f4ec9995-f479-4140-9af4-58f9bcf1861c,79,1326470,AT,2024-08-12
003845bd-b815-4d5f-857d-9573977ac969,80,1551360,AT,2024-08-12
cdb19fd3-d18a-459b-9b2f-d398c5b5fb70,81,2215430,AT,2024-08-12
21b438ba-b602-48a1-ab0d-8ce4f7ff1b33,82,199943,AT,2024-08-12
12b00b67-4540-4f28-87e7-067e3884b36a,83,1144200,AT,2024-08-12
8b86a17f-21bd-47f2-8893-b3307dd3e5de,84,27917,AT,2024-08-12
d6215cfd-8de1-4757-8a74-d595baa0a904,85,2362300,AT,2024-08-12
55f5c3f3-1b08-4611-b84b-c1782b3a9ae3,86,427410,AT,2024-08-12
b29128c7-2592-4d79-8d9f-02cfcbfcff09,87,1158310,AT,2024-08-12
5004ea5b-9c4d-4e7b-a1c5-241eb5ea46f2,88,39394,AT,2024-08-12
20a88a79-c0e3-4de8-8972-12108104069e,89,281990,AT,2024-08-12
3a0a8a1b-f1b6-46f2-853c-e47b523b25b1,90,5700,AT,2024-08-12
e6efbf2d-dc76-46e5-bc75-d76702e429cf,91,1149460,AT,2024-08-12
6236b07d-9aa0-42a5-8dcf-39f2e44917b0,92,1962663,AT,2024-08-12
e44eab0b-3505-4f43-88ea-96b8f42291f8,93,294100,AT,2024-08-12
6c444b29-b7a6-4b19-9f07-66942fb7b977,94,2141910,AT,2024-08-12
58106600-0dce-473e-b085-45e910b08c65,95,413150,AT,2024-08-12
44c02e3e-ea4d-4a32-b6e8-988bf673e3b8,96,2396240,AT,2024-08-12
d6624d24-2e2d-449f-bd15-06550111e5cd,97,284160,AT,2024-08-12
86d6c0e8-e84a-4617-b155-817b983fe724,98,1517290,AT,2024-08-12
be19df4c-1f6b-40f5-8724-51f9d4910f8c,99,31688,AT,2024-08-12
0c1f50d4-3ffc-4c78-9090-af9f348ea033,100,1465360,AT,2024-08-12
19dd537e-1df4-4da2-9bba-adbee7c8b3fd,1,730,PL,2024-08-12
5b4d70ed-5601-4167-ba9c-f76485cdad75,2,1675200,PL,2024-08-12
56a77420-b50e-4146-a6c7-5eb3dcefc613,3,1593500,PL,2024-08-12
aea3391b-0975-4081-8d53-df488305cd67,4,1326470,PL,2024-08-12
417473ae-9c82-4d17-b5da-616f2242c80d,5,397540,PL,2024-08-12
14fe6738-89fd-4995-8080-aa5298e9beca,6,2669320,PL,2024-08-12
0a6b630a-7abb-4f18-bb31-bac8c0088cad,7,236390,PL,2024-08-12
be06cfdc-00b5-47eb-8f8f-2866a846926b,8,33369,PL,2024-08-12
5e2955b9-67d3-444b-ab5f-fc2baa97acc1,9,570,PL,2024-08-12
311674c8-5cf9-4d8e-ae07-69078888d084,10,238960,PL,2024-08-12
2083a34e-b6c1-44e7-b05f-c54d41dc42f0,11,2638370,PL,2024-08-12
a05d25c3-8b1d-4999-b406-75bb7791c273,12,739630,PL,2024-08-12
f7de4b0a-e860-4e6c-9ddb-086fa2b67edf,13,1222670,PL,2024-08-12
d7b320ce-34c8-41f2-ae87-f09c90f8b1a7,14,1086940,PL,2024-08-12
00f8d3fe-3172-48e6-97fa-540f32d444d9,15,489830,PL,2024-08-12
dbb025c0-a0b7-4ad2-9068-d28376743926,16,227300,PL,2024-08-12
93fc72a5-7e08-4427-aa72-f8c1b243de12,17,2183900,PL,2024-08-12
23da1611-ebd2-4b61-bb13-eb2e8e7a8bd5,18,381210,PL,2024-08-12
9af7f7f1-55f6-4b84-ae3b-5ba6c5f06844,19,271590,PL,2024-08-12
8911d8de-14a8-4b76-8b88-af9182b6aa08,20,1846380,PL,2024-08-12
ade65aa5-13d9-4836-8f52-ad4f601e08ba,21,1245620,PL,2024-08-12
d3b54383-e34c-49df-b19e-0cda2860e233,22,306130,PL,2024-08-12
8df728c8-4894-4726-8399-a386fb78a44e,23,15435,PL,2024-08-12
31f3fa2a-e43f-4eb0-93a7-06b0c8c89a2a,24,377160,PL,2024-08-12
9c8f9af5-5a7e-4a9b-ae39-23c8e5337f3b,25,553850,PL,2024-08-12
5a2d5110-d5f4-4c4f-840c-bab88eb03bdb,26,24081,PL,2024-08-12
9be80659-aa64-4725-9bd7-ecfce0505a55,27,2933620,PL,2024-08-12
d5073592-a204-45a0-8e19-5f0a80735774,28,782330,PL,2024-08-12
16f75d31-c35b-43c2-9f86-70727c1f1aa1,29,5700,PL,2024-08-12
93d793b2-aa0d-412e-8a41-b741b8c3f0d4,30,49520,PL,2024-08-12
0702df73-4bc5-4cc8-9942-5071f6379a6d,31,1237970,PL,2024-08-12
87e70471-ba2c-4c43-bee4-2cacf49d067d,32,380600,PL,2024-08-12
16914d9b-8b04-446e-925d-95f6cce068d1,33,43079,PL,2024-08-12
53b93e69-a59a-44d0-95c8-f1414cb6e167,34,1248130,PL,2024-08-12
f78e92b3-874e-4a6d-86a7-906829db7cf1,35,2567870,PL,2024-08-12
bf1a1f01-0a30-44ea-a62b-d9696f21d374,36,440,PL,2024-08-12
050d25e7-f8fe-4ca1-b722-adc490c96882,37,230410,PL,2024-08-12
ba5639fb-cd36-4351-aad8-7d6ed7e51890,38,2074920,PL,2024-08-12
194f82ef-021a-4034-8bfb-15cb6acd5aa4,39,444200,PL,2024-08-12
4f4b78fd-22ac-4bff-88e2-657ed90f9dd4,40,41922,PL,2024-08-12
cdeb8102-d42e-4a4e-8241-8e2e226de6de,41,1091500,PL,2024-08-12
4ea7ef3b-f5d4-4266-b5c2-48812973bf4e,42,578080,PL,2024-08-12
6c069cea-cd4b-4f1c-875d-9c6c67115c3e,43,2344520,PL,2024-08-12
f65a836f-af3a-4e18-a289-e943cd6a7554,44,359550,PL,2024-08-12
97cd856d-03a6-4441-98ac-7943eb169203,45,1222680,PL,2024-08-12
55989dcb-5a70-460e-802f-b0904946da16,46,2778580,PL,2024-08-12
90ed12bd-a1ec-4cd3-8e59-cc5e2aee2263,47,413150,PL,2024-08-12
12d48844-f90f-4aff-81f4-ca6bcc10721b,48,1151340,PL,2024-08-12
50323d66-e842-474d-b09f-a2ce88458f5c,49,393080,PL,2024-08-12
c747a1e2-a789-4fe0-aa53-6910564878fd,50,252490,PL,2024-08-12
ce5659d2-5330-4872-9d90-4d876f05e042,51,550470,PL,2024-08-12
031930fe-f596-4f51-b8cb-e3ba9c5d1165,52,1517290,PL,2024-08-12
93971c37-746d-4c51-bd8a-7c7e0d28225f,53,2358720,PL,2024-08-12
c358a8e3-3306-48f0-8aab-8816afed7934,54,284160,PL,2024-08-12
9b7db60f-afe4-44e2-addd-16f80ee8100a,55,1144200,PL,2024-08-12
53ae8996-b427-400e-b30d-60b6b2ad43c5,56,1985810,PL,2024-08-12
7ff1aba7-478c-46b7-801b-f7a30099bb19,57,2840770,PL,2024-08-12
e2895be9-9fae-4df3-925f-64098343dfe8,58,199943,PL,2024-08-12
177266b3-18db-431f-8171-e8ffbafee310,59,2000950,PL,2024-08-12
9a42382b-6acc-4dda-9b78-a3c210b702d2,60,1289670,PL,2024-08-12
2d7251eb-5f14-40db-97b0-18ca29bb14df,61,1238810,PL,2024-08-12
1abc8173-1ae2-4d43-b980-e25f0ba0b342,62,2139460,PL,2024-08-12
3ed7c499-6c3b-45b9-b2ad-8d10c80909af,63,548430,PL,2024-08-12
eb493b3b-4a2c-45ad-84f9-c36305eb3c70,64,2300320,PL,2024-08-12
a2f55552-fa11-46c7-9deb-84d21ede545c,65,1332010,PL,2024-08-12
63895928-a7e2-4276-8044-ce43bc5f91d4,66,30424,PL,2024-08-12
40688e04-fe76-448d-87c3-396d861c76fd,67,250900,PL,2024-08-12
0492187f-9dae-41d7-946d-a2b40ff541b7,68,1286680,PL,2024-08-12
59e5ac80-1bac-4800-a8db-0ad7ead90056,69,294100,PL,2024-08-12
486b1515-e594-4bc2-b079-741676d727ca,70,261640,PL,2024-08-12
af4695b3-ef48-46af-9e34-a478bc3650ad,71,36394,PL,2024-08-12
3897d79a-ba74-4c30-b42b-7ce54f867ec7,72,1222700,PL,2024-08-12
572f23e2-2998-44e1-b094-f0da5bc10b91,73,1716740,PL,2024-08-12
c088f38f-e723-4728-8565-f9548efd6f6a,74,582660,PL,2024-08-12
c3e7b3de-1822-44cf-9f3b-48de25c0bb1a,75,394360,PL,2024-08-12
3b123c32-01f4-44e4-8d4f-b86fd869cc23,76,2195250,PL,2024-08-12
4806ddbe-9858-4e6d-8226-a8caec8747be,77,1172620,PL,2024-08-12
c1bd48bb-4a8e-472a-8d46-264286f9ed6d,78,39210,PL,2024-08-12
78fb59c6-e8ab-4aad-b7da-843eba9d36bc,79,1962660,PL,2024-08-12
751a8110-bd35-4766-b328-fe8fb7863bda,80,546560,PL,2024-08-12
92913d4e-c975-4e0c-a57b-d3e6975ee394,81,311210,PL,2024-08-12
88468b53-3d84-4f67-93b8-10cd213ade42,82,1599340,PL,2024-08-12
d756ec79-7bab-4924-a6f9-e785964286a0,83,648800,PL,2024-08-12
88fedd6e-55aa-4139-8946-eacf1384e123,84,38150,PL,2024-08-12
93ab7b5c-0151-493f-9716-495fa25f73b7,85,236850,PL,2024-08-12
4956bb88-00ab-41a2-9a5e-197f064ba729,86,2215430,PL,2024-08-12
66afd851-07f2-4f8f-b7ca-4df958379937,87,1172470,PL,2024-08-12
d048142f-0055-4cdf-8cd0-9aa8ffab36a5,88,2322010,PL,2024-08-12
c9de3cb0-acea-4c14-aef0-a8e8708f5993,89,28881,PL,2024-08-12
f6f0408e-14fd-4b6d-98a3-eb0435b7194b,90,2004210,PL,2024-08-12
edc8c4cd-111f-4df6-92b1-5e9b3edbc908,91,1551360,PL,2024-08-12
e493acb9-fa31-44b5-888e-c5a1edb5c0ec,92,2138330,PL,2024-08-12
32410806-132a-4985-8cf0-c818659bb26d,93,379720,PL,2024-08-12
33575b86-0ded-4b62-a7f1-3b2952ad9388,94,612880,PL,2024-08-12
b25c7b33-1f4c-4fb9-a708-1a241345eaab,95,2016590,PL,2024-08-12
1b3d24d8-2c3a-4bb3-b61d-fa48d0cada86,96,343780,PL,2024-08-12
9c0f5ed5-286b-462e-97f4-7d59bb529f36,97,2142790,PL,2024-08-12
5fd308d1-cee5-4a36-b05b-60ef47133520,98,292030,PL,2024-08-12
015ffe9b-ab2f-426c-9fbd-445e5d2d6a54,99,242760,PL,2024-08-12
0af1e747-26f5-44bf-995b-dd17cecdc4b5,100,201810,PL,2024-08-12
b6067268-df9f-434b-b6b4-d707ec669078,1,2358720,global,2024-08-12
5b56ce00-4362-4961-9635-ff4760284c5f,2,730,global,2024-08-12
45923856-9c3b-4b83-8071-2b0ef77ef4a7,3,578080,global,2024-08-12
ff27bdd0-5df6-4b3d-a647-83d60ea36e47,4,1675200,global,2024-08-12
2823cad5-0547-469e-8c64-593a830a7578,5,2074920,global,2024-08-12
f3d4fba3-964b-4bcb-b811-6fb3d111c5e6,6,570,global,2024-08-12
b0ff074b-85f5-4607-a0b5-344d2e900e8c,7,1593500,global,2024-08-12
25898a31-8d7b-4418-94c2-a86f8d0f31b9,8,2183900,global,2024-08-12
24b6396c-28a9-47dc-b6fd-d5e768d18bdc,9,1245620,global,2024-08-12
6e8ff6b4-65b7-4da6-a6e0-6404aac338b8,10,33369,global,2024-08-12
981afc69-863d-4653-8d4a-32cc72c95583,11,393080,global,2024-08-12
37f5d854-7975-459c-85c2-3c1d6331296a,12,397540,global,2024-08-12
ea000d97-ce58-4a99-bf20-f2cc997462db,13,2933620,global,2024-08-12
fbe26e6c-7197-453c-9a3a-d8aa22c6be0e,14,1086940,global,2024-08-12
284b1135-8883-4752-b0c6-5935a9a17d21,15,236390,global,2024-08-12
e8b69d23-884c-4c53-8e8b-df5832658326,16,306130,global,2024-08-12
0e373a72-1f41-47bc-acb8-54cc59dab63d,17,2139460,global,2024-08-12
f0598e87-09ba-40b5-b087-a0f0d0f14417,18,1203220,global,2024-08-12
e0335c4e-2478-443f-a557-a502de617f9b,19,553850,global,2024-08-12
ea41fe86-e6fd-4d82-9480-9caddc86057f,20,230410,global,2024-08-12
ac893288-94a2-4d48-a4ed-279def6d5ecc,21,271590,global,2024-08-12
7a6f603c-aa01-4697-a129-71b18d2bafb4,22,311210,global,2024-08-12
af5a7601-2e22-4bfc-8791-f4c60abe5a47,23,381210,global,2024-08-12
c08c21d3-89c3-46f7-bb77-37d63bf92201,24,359550,global,2024-08-12
d68a9a56-1f19-4719-8d37-172c9f3f5e07,25,1222670,global,2024-08-12
a83a5893-e251-43b7-9de5-8202ffc98631,26,1172470,global,2024-08-12
951d72a5-754b-46ee-8ac9-f376b077b940,27,1085660,global,2024-08-12
98a15c46-a8ff-4224-bb35-576d17fad144,28,5700,global,2024-08-12
a491e0af-7048-489b-b8a5-9642646c135a,29,1237970,global,2024-08-12
4bddd2cc-fe05-496e-9c95-a2e48be9d68f,30,2142790,global,2024-08-12
4cfa2ed0-0925-480a-a584-9e0e19a3bc04,31,2638370,global,2024-08-12
ff86149e-5e25-4869-8f84-7296a06fdebe,32,2344520,global,2024-08-12
c8bb8c7e-5f7f-489c-a9b5-e72bfa692660,33,1449850,global,2024-08-12
c421deb4-3616-497d-ada8-8b7f3d6760d8,34,2778580,global,2024-08-12
dc1ae541-27ff-40e6-8306-f0cdfb75bbcd,35,1151340,global,2024-08-12
62e349fe-f95d-4a0a-a3e2-0b460dbb1dc4,36,413150,global,2024-08-12
35b46d7d-ed7e-4cb2-b18b-a9fe2e14943b,37,377160,global,2024-08-12
6992fd67-e880-4551-af1e-67c5940f7f77,38,489830,global,2024-08-12
9a8b26dc-e985-4f0c-85bb-6bf01a8efdc8,39,49520,global,2024-08-12
48bd643a-58e8-4394-9e8f-9539f06b4592,40,2567870,global,2024-08-12
a97b7745-8856-43a9-bda8-ff5d5034d538,41,440,global,2024-08-12
591b7a2b-88dc-486c-a067-f8422f38dcb3,42,782330,global,2024-08-12
f5a3c55a-df4a-4002-978a-cca61f5f6fbe,43,252490,global,2024-08-12
31760706-757d-4ed8-ab66-3c699f809811,44,739630,global,2024-08-12
79e59f4f-c1ad-4f44-8b0c-fe09073a1f8e,45,1962663,global,2024-08-12
0fe5d896-1c42-44fd-9caf-9f712fd9544e,46,2669320,global,2024-08-12
b35b7487-bea3-4e53-95a3-554b87bf3b32,47,1286680,global,2024-08-12
078f34e1-ae1a-48fa-9967-55191f31847b,48,1091500,global,2024-08-12
d06e27b5-3ba0-4ecc-8790-88ab269364c2,49,2215430,global,2024-08-12
7e390469-a542-45fb-b2c1-dbc6f8491e73,50,202970,global,2024-08-12
86c5a94a-b170-4cc7-b876-a4a6009be0b8,51,38150,global,2024-08-12
ab63567a-2301-4f2d-b033-5558f62414f4,52,427410,global,2024-08-12
c79d09c8-549a-42cd-9217-db9f09da0ebb,53,431960,global,2024-08-12
61d37146-769c-488d-b352-47f437696cfd,54,1144200,global,2024-08-12
c9b68087-bd56-491d-95f3-9c098083647a,55,1517290,global,2024-08-12
f7c2022d-3481-4ab2-8abd-3c332dee985f,56,2400510,global,2024-08-12
29d05441-6575-4fac-96dd-6612ae79601d,57,30424,global,2024-08-12
3a136c99-3e48-4fe7-a915-57dc359da388,58,1282100,global,2024-08-12
8ea8d179-2e34-43b8-bc0f-159f4e3bb133,59,1938090,global,2024-08-12
bbd51767-b5ed-44e6-9095-5e897289cab0,60,548430,global,2024-08-12
bd3c0c0e-6c4b-43c0-8235-e832a1236110,61,582660,global,2024-08-12
cf227bce-4850-4953-a4ea-4993d4f9bf72,62,2840770,global,2024-08-12
4a7e5e90-b95f-4152-b7b0-3e4d2d356437,63,15435,global,2024-08-12
309e5f6c-fb44-4434-b3ee-27424cd442c8,64,2582560,global,2024-08-12
76b2ec8e-fdd5-473d-9238-bfc8973e7a21,65,199943,global,2024-08-12
16ed0b17-1236-407a-8230-141c3f1e230b,66,1716740,global,2024-08-12
8dbfd6d5-bef6-4980-b3bc-7b2261c8522e,67,251570,global,2024-08-12
aa4c3997-5077-443c-a61a-8fafaf263bb3,68,2751000,global,2024-08-12
6f05dc28-4871-4b77-bdaa-bb970e19d2ab,69,1172620,global,2024-08-12
c239e689-dc3b-4da2-8afb-0f288b420204,70,261640,global,2024-08-12
f62026ac-b7a8-4dbf-a217-83dcd82961c7,71,1659040,global,2024-08-12
d43e3eb7-a140-41b1-a769-30ed29145f3f,72,1238810,global,2024-08-12
0ebacff4-9cbb-4328-993f-3e0299408433,73,814380,global,2024-08-12
eae64995-f83f-43a8-a7e1-d1f5c2fbe042,74,2195250,global,2024-08-12
342fa77b-4f0b-4dea-a7e1-4487e02bff07,75,552990,global,2024-08-12
50679061-3da7-4b58-a233-eac4d51c2e7d,76,2357570,global,2024-08-12
bac72bfe-a249-47a3-81bb-d64fedb38221,77,1985810,global,2024-08-12
5c21fb7a-f9bd-4ec1-885f-6d91f54fa2f9,78,1326470,global,2024-08-12
da7dee2c-02f2-4f38-abda-690f3ff476a6,79,1149460,global,2024-08-12
350c8feb-11d9-489a-88de-fdce5eb32934,80,2016590,global,2024-08-12
8f113ec0-b5b3-40e9-b8a9-9ad168541780,81,294100,global,2024-08-12
f32b4ce5-0c29-4631-9238-8a384a3586b6,82,1623730,global,2024-08-12
e010b4ba-8f0c-479e-8033-05eaa55661f0,83,1551360,global,2024-08-12
96854ea8-abe2-4469-b666-5fddb7e69fea,84,2519060,global,2024-08-12
ad569e0a-758c-479d-9d6f-7e8d9ce5b451,85,1174180,global,2024-08-12
d0690909-6d3a-4dd7-84cb-defbfb855664,86,2366980,global,2024-08-12
08156b75-3fde-4d8e-afb4-b9a0912b897a,87,227300,global,2024-08-12
28dd4c18-5867-47c0-a764-8df5d1349fe8,88,1966720,global,2024-08-12
46b40f92-2147-4ba2-897a-37eb278fcc86,89,1665460,global,2024-08-12
60e7eb79-0f3b-41d8-8b82-67d41d1d125e,90,2881650,global,2024-08-12
c96bec73-69bb-4ae2-adef-1d55af5220b6,91,2670630,global,2024-08-12
27af8ed7-bc2d-48a4-b825-b783289b8675,92,1332010,global,2024-08-12
dd950c0a-43c1-479a-9c9d-f2f837df0858,93,1316680,global,2024-08-12
3030c46d-84b7-4e87-a91f-53ebcd436dcd,94,2526380,global,2024-08-12
c3eba185-950c-46d7-bc8c-7cad5be09a75,95,108600,global,2024-08-12
092f6364-e96b-47d7-af36-f063b2ecad40,96,1250410,global,2024-08-12
e7e3d8f7-be64-4499-8ef3-44cbc0a26e97,97,1158310,global,2024-08-12
849882f9-1fb1-4673-86c4-eae3c356d0db,98,1203620,global,2024-08-12
ec256430-e437-4434-90b4-07c9ad5e084b,99,1289670,global,2024-08-12
664fef0e-b3fa-45ad-92e4-e9636a6bdf43,100,281990,global,2024-08-12
2137172f-7c3b-462f-9087-4a2d89f0e7e4,1,1675200,IT,2024-08-13
b7b1241d-e6e7-45ac-9c96-cd89f09f5c06,2,1091500,IT,2024-08-13
81e7e2cb-a3b1-4b74-9f46-71301292c5fa,3,730,IT,2024-08-13
c3a62f5e-4146-4c75-8df9-3063f3fbad11,4,2358720,IT,2024-08-13
33485319-e8e3-4f95-aaba-02e8f2af0243,5,1086940,IT,2024-08-13
39b713bf-fa22-40d4-80a4-ac402f26e23d,6,2074920,IT,2024-08-13
a285f2ee-3673-40f7-bb8c-872facb2a4cc,7,32470,IT,2024-08-13
24cf7688-987a-48d8-a693-10eed04f42f5,8,1245620,IT,2024-08-13
30450bd2-7b70-4cf4-855b-cc6fa0d3f165,9,33369,IT,2024-08-13
12264396-7a0b-4720-bb69-8d8c9a854086,10,397540,IT,2024-08-13
6bae76ad-963d-4305-a225-6dae8b8019e4,11,2933620,IT,2024-08-13
dc121edd-9890-40e7-b5fe-f3b8a63211cc,12,311210,IT,2024-08-13
568ad27d-7403-4e04-906b-9a07dc6cd49d,13,1313140,IT,2024-08-13
256be1b7-1e80-48b0-843f-756a93bb7bd7,14,38848,IT,2024-08-13
bdcaf965-0ef6-4f85-81bb-371632909437,15,1593500,IT,2024-08-13
de5ac566-0f35-40d0-aadf-dc795122f9f8,16,5700,IT,2024-08-13
90cdeb77-2a91-4e35-8fd8-7c8b501d70a7,17,236390,IT,2024-08-13
cdc0865f-698a-4a90-b0dc-63680fe5cac1,18,393080,IT,2024-08-13
fe1fc30e-c63b-43b2-a7df-dc2823bfc242,19,271590,IT,2024-08-13
dfb66f19-adb6-43dc-ba7b-4940b1775050,20,2141910,IT,2024-08-13
88990504-ec47-4efb-bbde-33ebec1617c6,21,2183900,IT,2024-08-13
85ebbb6b-cc63-4916-acbe-bbb52d0452f6,22,2638370,IT,2024-08-13
0294e795-9402-4bb0-a80e-c196f5042ab4,23,199943,IT,2024-08-13
b9728e4e-d6bc-4db3-8590-25d74cf0f897,24,2808930,IT,2024-08-13
05b36db9-8661-4f02-8d0b-fc51600b400d,25,1665460,IT,2024-08-13
27e779b6-1301-48f5-ad06-cd42622e7954,26,2778580,IT,2024-08-13
84b792eb-8c94-41a1-8e83-9ec96d0bedd9,27,1687950,IT,2024-08-13
1720bcb2-6993-498f-8993-02db185100f2,28,2139460,IT,2024-08-13
de8a9ebd-10b4-4b03-b466-48c31d5722a6,29,230410,IT,2024-08-13
ae3106e7-f45b-43a0-9615-444b3b1f1e55,30,2138330,IT,2024-08-13
cb492fc8-a740-4030-8409-e131b3238f64,31,2669320,IT,2024-08-13
d4021d62-3f59-4337-b640-b7317a9859c6,32,489830,IT,2024-08-13
42b3fb42-fa40-418e-a2f1-0f7f81577ff1,33,570,IT,2024-08-13
38cfe682-657c-4bd4-bf7d-3fc674372e97,34,381210,IT,2024-08-13
4be97907-ac04-430f-b897-9f70eb215513,35,30424,IT,2024-08-13
4f22320a-703f-44ee-92ba-15799c76d089,36,2161700,IT,2024-08-13
b0ef4b30-863a-4612-ac24-148905dbdb7c,37,377160,IT,2024-08-13
9f27afcf-6a14-4ecf-980a-d58bee88523a,38,39210,IT,2024-08-13
ee9c0e62-70c3-4ea6-8ef1-d591dcd47d2a,39,306130,IT,2024-08-13
896deb01-7d10-4f82-8fb0-9fe68d88a7f4,40,227300,IT,2024-08-13
92051788-36d2-4f50-ba8f-e6d2bbc0b574,41,2461850,IT,2024-08-13
d9c60aa4-2ad1-47d0-9c86-954cb94362c7,42,553850,IT,2024-08-13
717df780-7ffb-4e97-9d31-1a23fbc9652d,43,6998,IT,2024-08-13
22217dae-41ea-4e1f-a510-890eafc329cc,44,782330,IT,2024-08-13
65ae8d2f-40a4-486e-8531-49f2b6b3ab3a,45,1962663,IT,2024-08-13
670ea41c-9c57-47c8-8c44-23f9126900d2,46,202970,IT,2024-08-13
ed36857f-f49b-475a-a6b6-76b6fe3264bd,47,1085660,IT,2024-08-13
80aeaec5-53ad-4038-a0aa-34c41600ddb5,48,42023,IT,2024-08-13
d1151336-bce9-4a4b-a3e0-924f6ddb0fb5,49,1151340,IT,2024-08-13
9d204b7b-b7b9-43b3-904b-9f4e4b6bf555,50,2840770,IT,2024-08-13
0bf4192b-a2e1-4e6b-930f-783c5bdae755,51,1599340,IT,2024-08-13
51dba328-10f7-4878-852b-cfcb97556eb2,52,15435,IT,2024-08-13
8160ecaa-3f4d-4aea-8c37-bb4ded75a19d,53,2567870,IT,2024-08-13
d541d968-c86d-435c-beb5-ebd9149ad8bb,54,739630,IT,2024-08-13
5e698953-fb7c-4626-b6e4-026682f1cb12,55,1449850,IT,2024-08-13
c20c4c78-71a3-4696-a9e7-b2093673ee67,56,2488620,IT,2024-08-13
dbf04066-6c87-40d0-8765-aa9f3435fc58,57,1237970,IT,2024-08-13
e88e3f28-febf-4dc3-a393-ad55fe0fbc94,58,578080,IT,2024-08-13
e8985363-2d19-44d9-9824-a3f143e924b5,59,2751000,IT,2024-08-13
8f472977-5f10-481e-8791-16f0352b0173,60,1790600,IT,2024-08-13
aafa8d22-79b2-467d-b3c8-7462ae86d9c0,61,359550,IT,2024-08-13
95b391fe-5515-4ba5-b0d2-d6707506338c,62,2344520,IT,2024-08-13
ab62495a-190e-4dea-8629-bfce6f8cd1fd,63,49520,IT,2024-08-13
867e12b1-63ac-486c-83ac-0e9ae6e0d22d,64,1222670,IT,2024-08-13
70a855f7-9b63-4cb3-903b-4b549d7b704e,65,1172470,IT,2024-08-13
f8c2f61c-b50b-42bc-b815-00186d4f82e6,66,1172620,IT,2024-08-13
ea95fe5f-c5c4-4ada-9f20-d0d033f44956,67,552990,IT,2024-08-13
75c87816-e2d4-4a0b-bbe0-32e92baded52,68,1169040,IT,2024-08-13
a91c2b30-8336-41db-9ad3-2d6830165606,69,413150,IT,2024-08-13
8544974f-4e17-4679-85db-a69c5d30457d,70,252490,IT,2024-08-13
80324072-94e3-4c26-97bb-2452751a7b97,71,1934680,IT,2024-08-13
5a036d8f-aeda-4981-96f4-8f891ba4958d,72,124923,IT,2024-08-13
8d2340d8-0aba-4f35-9aec-034156337e55,73,238960,IT,2024-08-13
bd8f8a22-2760-4cdc-a846-1f485f37b4f4,74,582010,IT,2024-08-13
d11cd089-c58a-4208-baf2-28761f102aac,75,1997040,IT,2024-08-13
a3952738-d6f0-4ab4-974d-eeb294705c06,76,2890190,IT,2024-08-13
5e80dbe2-4b35-4524-9d42-1608478a5243,77,250900,IT,2024-08-13
58237806-00e9-4ae0-8dd2-7e65c77ab9e8,78,546560,IT,2024-08-13
bc0ef623-6a36-4db4-94c4-0652a8120e73,79,692569,IT,2024-08-13
223c6774-9538-46d7-aaac-3851c31ac1c4,80,805550,IT,2024-08-13
dd990f7d-65cf-4fdf-afcf-993f1976ba0d,81,2000950,IT,2024-08-13
1e5f887b-1ad3-4a33-b41b-9141552669a7,82,1203220,IT,2024-08-13
e0f099ef-96eb-43a3-879b-e5717759317e,83,1517290,IT,2024-08-13
5697e4b0-e3fb-4a17-9bee-4c8f5e846f78,84,1446780,IT,2024-08-13
081518e6-744e-429b-ab68-55ed81733247,85,2142790,IT,2024-08-13
8870590f-a1d0-4f0a-a6dc-648c9925407d,86,1938090,IT,2024-08-13
4dc026b0-beac-4add-90b7-27ef2a7c7172,87,244210,IT,2024-08-13
12be6a76-318a-4dd1-850d-d2ff009dfd6b,88,582660,IT,2024-08-13
1cd6eefc-8481-4d6c-9fd8-b0fe5ec18602,89,36119,IT,2024-08-13
da4456ec-ee2b-4bbb-93af-0a4d38250939,90,1286680,IT,2024-08-13
940bc0eb-b41a-4307-ae53-65ead933c896,91,1985810,IT,2024-08-13
3ddc0f46-2b85-40a6-bb29-f33b168ac53e,92,1622910,IT,2024-08-13
db312099-bb5e-4d6a-8f57-a799e423854c,93,1551360,IT,2024-08-13
112e5d05-bbd8-4f83-8ed1-c64b8bcd95fa,94,1282100,IT,2024-08-13
d39efc1a-517f-4b8e-a4eb-6d4027655c5b,95,436150,IT,2024-08-13
235a588f-214f-45b0-8176-c5dd31cfd912,96,33357,IT,2024-08-13
c6fe29f9-6743-4245-aae7-4eb346b842a0,97,1378990,IT,2024-08-13
11a15cb7-cfaa-4210-83c7-f939fb7ab66e,98,33215,IT,2024-08-13
9563e326-c24a-4ec1-b26e-7155ff7d6a66,99,440,IT,2024-08-13
9229de9d-7d1c-4950-be7f-e3396be73077,100,1142710,IT,2024-08-13
20b24fd7-e56b-4c35-b1f6-ba2cd940f367,1,730,BR,2024-08-13
105b3229-8585-42ea-a534-d2159272f917,2,1091500,BR,2024-08-13
bc3c2ec9-0092-449c-9c50-164a72c44356,3,32470,BR,2024-08-13
b6c0e66e-65ff-4c2b-8b77-947cf1f5ea15,4,1313140,BR,2024-08-13
9c3bd7a6-2f9d-40b5-9a01-26c744d702e5,5,2161700,BR,2024-08-13
8c9cff88-5b5d-47b2-91ad-bf38f91d324e,6,2358720,BR,2024-08-13
a642d820-0458-4562-bc9c-f8ada309b498,7,1687950,BR,2024-08-13
f43203a5-cdfd-438d-b4ad-f8da0d9b662c,8,2933620,BR,2024-08-13
8246472a-3738-4c6c-aa54-f4886e2da596,9,2669320,BR,2024-08-13
9b6da7fc-26cc-41be-bc9d-92d20e722975,10,271590,BR,2024-08-13
8a98525e-964f-4b35-9650-5ab36cd11409,11,5700,BR,2024-08-13
57c47151-7fbd-4bb1-8c96-d99f0d1b7305,12,570,BR,2024-08-13
a37eb20f-da66-4ce8-a03d-e56df16182e5,13,578080,BR,2024-08-13
c31c476a-c2b7-40c8-bd7f-6d6539d325ef,14,1593500,BR,2024-08-13
540a0242-50ec-4000-bac6-49265a85a118,15,2138330,BR,2024-08-13
9cc49ca6-69b1-4eb1-80d8-e7e64f78151f,16,489830,BR,2024-08-13
a8dee851-c6d4-4e52-b840-cfdf184adba2,17,1086940,BR,2024-08-13
3327fb4f-60b7-48bf-82c8-1870fc790f23,18,33369,BR,2024-08-13
3ab00279-08bd-4aea-9caf-02e991b8cede,19,2638370,BR,2024-08-13
baee6800-ec80-46f3-b414-a312270ef785,20,1245620,BR,2024-08-13
e3693cf4-0165-4175-9c90-d1466cd4ba88,21,397540,BR,2024-08-13
c590072e-bfa0-4982-9621-38f5543641dc,22,32110,BR,2024-08-13
8cae7110-647e-4592-b7d5-c0d4953673b2,23,582010,BR,2024-08-13
68f32b28-e842-4648-9a6c-cc4c3ff2ffb3,24,238960,BR,2024-08-13
9b573bc4-b6a4-4056-a3ef-f10ac0362089,25,2074920,BR,2024-08-13
1b8982f6-3be1-45c2-aa88-b9e4b38742f9,26,124923,BR,2024-08-13
d0411783-483d-495f-9d5f-4a7d0bcb5b8a,27,440,BR,2024-08-13
3184607c-0168-4b87-b36b-2ab727285c17,28,292030,BR,2024-08-13
fc1c2f89-4a3a-4ebb-be70-67a64252a6f9,29,2780980,BR,2024-08-13
c0c920cc-ed72-410b-bb50-29a01808431c,30,1665460,BR,2024-08-13
8e5538ce-9ac7-40a9-98da-6588337819b4,31,381210,BR,2024-08-13
b824e489-6297-4724-b68e-7da1cd3db098,32,39210,BR,2024-08-13
cbc6e3e2-53a5-491a-9bce-ac480cda936b,33,108600,BR,2024-08-13
a0023761-084a-4ba9-95ab-b3ee8cf6f7f7,34,230410,BR,2024-08-13
c74b7c28-1a2b-49de-b6e3-3418718fc61c,35,582660,BR,2024-08-13
3ddce593-99c9-416c-96a8-90385fecc0a0,36,2344520,BR,2024-08-13
ada7b8da-55ce-44f2-99de-78d432a87ffc,37,1962663,BR,2024-08-13
73cc949d-e8fb-4b26-b876-83a95df68f0a,38,805550,BR,2024-08-13
dffec6b2-7331-4326-a7b2-0e0b33862a42,39,413150,BR,2024-08-13
e1764a7d-ceb3-4176-8bd6-a070122e6129,40,985810,BR,2024-08-13
ad2997d2-e060-46a7-b6bb-611101fbdfd7,41,1938090,BR,2024-08-13
6ec317ea-dda8-484f-a229-766cca23edec,42,1118010,BR,2024-08-13
3632eb27-3606-4fbb-a8fa-8bdd23e8cfce,43,1446780,BR,2024-08-13
b267543e-95f8-493f-8d72-f4c9659672f8,44,311210,BR,2024-08-13
57161891-e11b-4aa7-98f0-a13697b71a99,45,1517290,BR,2024-08-13
e045dbc6-e13c-4c2e-b112-bf784136c32d,46,2890190,BR,2024-08-13
6c6f733e-5ee1-4331-bd82-1af625d46a76,47,13013,BR,2024-08-13
61dca903-7ba0-425c-af5e-2c9077dba93b,48,2139460,BR,2024-08-13
fb1374fe-3092-4396-8dc7-11d198b3ef47,49,1113000,BR,2024-08-13
5c8e09a2-ba9b-4428-b6e7-0ab138700c16,50,266410,BR,2024-08-13
9220d8bc-abdd-4e6e-bda1-9de199f0d7c5,51,376210,BR,2024-08-13
8f011cfd-c7c6-478e-8879-5947fe1729ae,52,2778580,BR,2024-08-13
0ce72f77-fb7c-4fa4-ba98-7d48f85d7ab6,53,1174180,BR,2024-08-13
fc7638d3-8d5a-430e-9bba-896b9ba167ed,54,244210,BR,2024-08-13
6da51489-cf02-430e-b8bb-415bd76949b1,55,1237970,BR,2024-08-13
6ff303ae-af88-4f0f-9726-6de6757c29c2,56,2195250,BR,2024-08-13
6d3d1cec-6ebe-41ce-8fb2-5fe59b982560,57,692569,BR,2024-08-13
bbf9523d-8ab1-47d4-bbb7-3da941b0c336,58,739630,BR,2024-08-13
98fc9d9b-1068-4a42-96e1-be5a1352a256,59,431960,BR,2024-08-13
b50beb94-0d66-4dba-81d8-040b32937812,60,377160,BR,2024-08-13
f8852474-16fc-4eb5-abf6-cadc4c1e9873,61,993090,BR,2024-08-13
50e97fcd-ca51-4479-ab3d-04dee7254b4f,62,678960,BR,2024-08-13
81ded743-a8fb-4901-b4b1-fb3e82750524,63,88801,BR,2024-08-13
0f0521ee-8469-4b79-bab6-f1fc953b6c55,64,306130,BR,2024-08-13
81b7c454-8aec-4da5-9453-cfae4870d344,65,782330,BR,2024-08-13
c737f972-167e-4e03-b865-190ffa5f31c0,66,2183900,BR,2024-08-13
c601526d-56d5-4656-be2c-33032a68d052,67,728880,BR,2024-08-13
d35a3f48-2cef-4216-8eae-b283db09fdc2,68,2142790,BR,2024-08-13
58f61a85-9bf4-4b37-b041-88e6a3be7981,69,1846380,BR,2024-08-13
9fb29efa-4482-4f08-b767-c53dd9fc7187,70,1085660,BR,2024-08-13
8001cb71-6d29-4699-94ed-63c7dc04e950,71,1289670,BR,2024-08-13
5726b4aa-e524-4166-9dde-e340444b2aca,72,1222680,BR,2024-08-13
d25c31ea-f1b6-45a0-b9f5-3496e8370405,73,1222670,BR,2024-08-13
c5d10505-a95b-498a-84f8-791c30f179ed,74,13014,BR,2024-08-13
6b33c732-529e-429e-a825-99e4ffb2fbc5,75,2141910,BR,2024-08-13
113fcc27-1102-40bb-8a68-4d50597c7d75,76,1222700,BR,2024-08-13
dc1c6652-8aa6-4f9d-a4a6-7d6013f60e26,77,2567870,BR,2024-08-13
299d970f-9382-4ca5-a2b1-f675d935ee85,78,49520,BR,2024-08-13
b7d84dcb-9bf8-4457-bf82-62fd66459389,79,2790720,BR,2024-08-13
866fb557-f847-4f3e-8105-a01982228d43,80,2878980,BR,2024-08-13
66f0d02f-db2b-44d0-9992-02c1d42b470d,81,2526380,BR,2024-08-13
660d347e-7ef5-4e46-8c51-1f4e5c2f293c,82,42950,BR,2024-08-13
09683516-1aa8-43d5-9743-7ee5f518d65b,83,1997040,BR,2024-08-13
bacc7a75-e8aa-4786-84ca-83adbd24091a,84,1649080,BR,2024-08-13
b657a301-6f76-48f3-8d90-6c1a5f475dd5,85,359550,BR,2024-08-13
46f8e443-909f-4a0c-8fc0-c0bc8233ea11,86,379720,BR,2024-08-13
3a1d810c-e6df-4257-b0a9-14ef27e78547,87,1985810,BR,2024-08-13
ccb8057c-ac3b-4225-a35d-9c0edfceb693,88,214490,BR,2024-08-13
3af08561-4bd1-485c-87b9-aa3cae3093f2,89,548430,BR,2024-08-13
ba541be9-6741-4b2c-ac02-76449522353d,90,1250410,BR,2024-08-13
c2699a10-b2e9-403c-ba3b-f7a618b044a9,91,1778820,BR,2024-08-13
ef90a156-54d6-40c7-a5fa-03e3d6d85b90,92,6998,BR,2024-08-13
cad8cedd-9035-4d35-83e9-c96d4f64c945,93,236390,BR,2024-08-13
44a73aac-636d-48b0-a909-dd6c4451b1f6,94,1238810,BR,2024-08-13
9bb0c441-2316-46cf-b9df-6b128bf6abd3,95,1962660,BR,2024-08-13
7e8286a3-918a-46a1-8da4-ad749de5d00a,96,239140,BR,2024-08-13
746b83cb-aba6-4f75-ae6a-4a22fff254b0,97,1382330,BR,2024-08-13
233426b9-1098-4bbf-800e-63ae4be4bfa2,98,28628,BR,2024-08-13
dca66b24-6942-466d-85ab-374eac69b104,99,553850,BR,2024-08-13
c4a4e00e-b160-49bb-8f19-ca8a4be1e49e,100,1966720,BR,2024-08-13
37dfa8e3-c07b-4c7c-b0bd-7f16e7d6525e,1,1449850,JP,2024-08-13
3f3a3fe1-4002-49d3-af20-5cfd0dda97b6,2,2074920,JP,2024-08-13
6519ca9e-6d42-490b-a038-bcd2f527cdf0,3,2161700,JP,2024-08-13
1d5b32ea-4b10-4eb4-9bfd-9d7b4936e699,4,1672500,JP,2024-08-13
bd1b794d-1d50-45f5-b551-364ee437327e,5,1172470,JP,2024-08-13
97be75ea-46cc-4390-8991-dd91a2a0fcd6,6,582010,JP,2024-08-13
b7dfba0c-d8cf-4fb1-8346-fcd643b917dc,7,13013,JP,2024-08-13
ef9b8622-2ed9-40af-8cd3-be4e1529c4d0,8,1091500,JP,2024-08-13
eb6780fe-bfd7-44e8-ab4a-911d4ff4e45b,9,32470,JP,2024-08-13
2a9d653f-6ab4-4b99-a234-b45ccb2db402,10,1245620,JP,2024-08-13
8ff62f54-c063-4602-8e11-7bd4834b03ab,11,1364780,JP,2024-08-13
c90e8f70-7db3-4efe-b4eb-47e9bf45b866,12,2586520,JP,2024-08-13
446e13d7-4113-42e2-8b54-37ec0fea4a00,13,692569,JP,2024-08-13
9f94b5cd-009f-490b-a2f4-a3a5f79df020,14,1687950,JP,2024-08-13
a270fd7c-bfc6-47b1-af4a-b937a7a4e328,15,2291060,JP,2024-08-13
e0dca850-d2f5-474b-abc0-e43afd65ccb6,16,1118010,JP,2024-08-13
94a1b57f-304d-4cd1-a7cb-8a635b898399,17,2344520,JP,2024-08-13
db7f4021-9252-436b-a364-d3702ff59906,18,1336980,JP,2024-08-13
895bfbd0-03b0-456a-98f5-cb165222c169,19,1973710,JP,2024-08-13
181698fc-cea6-4eaf-9885-6b8fff71f32e,20,1446780,JP,2024-08-13
78ceaff6-d409-410b-8a14-406dd1853944,21,1477070,JP,2024-08-13
f992b46b-6dc9-4ee9-a876-c9187398de17,22,1948280,JP,2024-08-13
7922a061-31fd-48ac-82ff-80338cfcb345,23,2526380,JP,2024-08-13
ff3c51de-837a-4a6c-8558-4d5e2ff5be77,24,2668080,JP,2024-08-13
a990294c-fc7c-43e2-8ba2-672681c67f75,25,1875830,JP,2024-08-13
f9fe044c-1df9-4e96-9a49-fad049152920,26,2358720,JP,2024-08-13
c2a0735b-add2-4901-aa04-65bb2f6137e7,27,2972990,JP,2024-08-13
0daebec2-f6e7-47e3-a292-e52414cd502d,28,381210,JP,2024-08-13
b522b739-63e7-4fa1-a667-72ecdbd7fb29,29,251570,JP,2024-08-13
13b31bf4-0d97-4b3c-9b3f-3f7253770fab,30,2215430,JP,2024-08-13
ebb9c2e5-469c-4351-81ba-241d0aaed111,31,1313140,JP,2024-08-13
e765ab23-9fd6-4c34-b3d2-16a283dd3f40,32,271590,JP,2024-08-13
07dad8dd-5e38-47ae-923d-9fda903c5217,33,2764370,JP,2024-08-13
0dbf755a-f5ce-46ec-bef2-ddc9e69ee2fa,34,13014,JP,2024-08-13
4bcdd223-1676-4375-a0f4-edabc4c2567f,35,2139460,JP,2024-08-13
abb2f912-4e42-4a38-a4ac-0df12d8a3cf7,36,2396980,JP,2024-08-13
308cd8f0-2feb-460e-8ce4-59660ee01f28,37,1295510,JP,2024-08-13
47b90c18-7515-437a-bf96-0529842f042a,38,397540,JP,2024-08-13
856ac1a2-90eb-4f93-a687-353908621ed8,39,730,JP,2024-08-13
c2e4cd6b-27d3-4b6c-86ba-9eca9fdca25a,40,21478,JP,2024-08-13
230c977d-e559-4c08-a6ef-a2cd3f095272,41,2138330,JP,2024-08-13
f24ca9fc-9fc8-40a9-a947-53dde27e496d,42,502500,JP,2024-08-13
81fc193c-e0fb-4b69-86df-e68668e9d422,43,858210,JP,2024-08-13
a3b0b464-5939-4fad-a540-711851d85c07,44,2739590,JP,2024-08-13
91874330-e599-4cf6-bd43-b869b2cf916c,45,898750,JP,2024-08-13
6d76d28e-6222-41ba-90fa-98adcbdcc762,46,2399830,JP,2024-08-13
9ca6a134-f0e5-4072-9fd5-cfd9e3915cc0,47,2051010,JP,2024-08-13
a2cc9b01-4018-48d0-adf9-0b20f5219ba7,48,2778580,JP,2024-08-13
d9e2c435-9507-4660-bb9d-c76ea72f6d9c,49,2567870,JP,2024-08-13
54eb581d-1161-4319-8494-82c7ec8cdca2,50,1665460,JP,2024-08-13
c8b98077-4aa2-4c16-a0d8-a71a3c448be4,51,578080,JP,2024-08-13
252b603d-1e0f-4b89-af5e-56499b4a6b1b,52,39210,JP,2024-08-13
4796f4d9-6a06-4bbc-9056-4f64847e3770,53,5700,JP,2024-08-13
b95d6b20-92ac-4cff-961d-44307a593e4b,54,1623730,JP,2024-08-13
7382acb0-95f9-466d-979a-541f3e920204,55,1422440,JP,2024-08-13
8e85dcf2-5da0-4a0d-98eb-87de8c72202b,56,1151340,JP,2024-08-13
5e778abe-eeff-4677-be46-c7e0c7cce20e,57,33822,JP,2024-08-13
adfaa005-da8f-49e8-8910-7c63264e0920,58,413150,JP,2024-08-13
fac1f478-fbc4-4c5a-bf82-1f24776cf529,59,1222670,JP,2024-08-13
3dc88598-9135-4067-a2ee-3bdd1a6840bc,60,1086940,JP,2024-08-13
a972550a-ac5f-440c-8f8a-3fc58c3afddb,61,1730700,JP,2024-08-13
11f794ef-fa6e-4055-84bf-64719a7ac2aa,62,32110,JP,2024-08-13
7e91a831-e357-4566-85b1-698d49965c2f,63,2016590,JP,2024-08-13
11b7877c-dc6e-42aa-bba6-97365c3dbac6,64,1593500,JP,2024-08-13
5704ae3d-7311-40fa-bf8d-3d82ba1a4f5b,65,230410,JP,2024-08-13
b303a135-e6d8-44e1-8f98-37bed3683ffd,66,2989950,JP,2024-08-13
ee8a439e-8f02-401f-a5ed-ed56d2472471,67,227300,JP,2024-08-13
90b7462e-4680-492a-bee2-32b1f63d9b19,68,692850,JP,2024-08-13
9badfeae-fd53-4037-924f-e631d61a6f16,69,427410,JP,2024-08-13
8f634ef1-92e6-4731-8483-de468bd7eb81,70,1085660,JP,2024-08-13
77f105c9-7ecc-4dcb-8224-a18aaf255f4f,71,2490990,JP,2024-08-13
e3f7d079-0232-46a9-b15e-125835b31ee0,72,238960,JP,2024-08-13
34da43df-bc84-45a7-9a7d-f147dda5ee77,73,30424,JP,2024-08-13
7e319cd3-2ffb-44fb-8659-fdd138c3adad,74,949230,JP,2024-08-13
346bf29f-3cdb-4ab5-8d02-e3d97fa34004,75,678960,JP,2024-08-13
33d80643-5d0b-4ee7-bd6f-8c02c88fdec7,76,2357570,JP,2024-08-13
830e4b0c-fcb2-4720-9519-2cd5b5201e01,77,1127500,JP,2024-08-13
82e5cef4-1af8-4b43-a112-198f96b47e3a,78,377160,JP,2024-08-13
222c58b6-619e-45a5-8c91-7426a1a3edaa,79,252490,JP,2024-08-13
aad20ed5-47c3-47d5-aa8f-a96baec56007,80,1173820,JP,2024-08-13
7a7d7ce7-66dd-4006-8b13-9f93d88346e2,81,1384160,JP,2024-08-13
1df68796-4d03-4fdf-ac60-5801f1e5c9ae,82,2510710,JP,2024-08-13
973ec3a8-dc8e-4ba8-ae58-63cac11ccc60,83,739630,JP,2024-08-13
8a4c23fd-eb3d-4f27-878b-a1d909a9076a,84,294100,JP,2024-08-13
dfbd633f-be75-46cd-b645-43517eae9644,85,1382330,JP,2024-08-13
6e55cb90-7359-489d-a6cd-156530b8b13e,86,359550,JP,2024-08-13
a8b41883-9c71-427f-95f8-03efe65f490d,87,124923,JP,2024-08-13
47cc2402-6e8d-41db-983b-b288bdbcb436,88,346110,JP,2024-08-13
3a5a1254-d702-4afa-a213-72c4de29cc40,89,1031500,JP,2024-08-13
54d4ac76-789b-40e8-98f2-610bb6465eba,90,1173810,JP,2024-08-13
17e1e525-58c6-483f-bed7-eb893c5e1740,91,199943,JP,2024-08-13
f1b58e12-09a3-4862-8902-09f902dee98b,92,2701660,JP,2024-08-13
e9db934d-0ead-481e-9118-5c8bdd96ac76,93,2322010,JP,2024-08-13
364a55a4-ed5a-42ab-9ab0-48ddafe4b1dd,94,33369,JP,2024-08-13
34d53320-a6a3-45a9-9211-b7a6060bad98,95,648800,JP,2024-08-13
592a293c-8da9-49c5-8229-d0fe3471b4ab,96,489830,JP,2024-08-13
263424fa-70be-4b6b-8bd4-8f4eda567694,97,1888160,JP,2024-08-13
c92b1113-c124-41be-af60-c334d407a384,98,1113000,JP,2024-08-13
04660d6d-483f-435e-8356-c837f07e16bd,99,23168,JP,2024-08-13
acf0e1c0-5318-44c3-ad01-0c1f750bc6fb,100,1149460,JP,2024-08-13
cb021cd6-eff2-42a5-a1c2-2492fd675aca,1,730,NZ,2024-08-13
d740e6ac-c717-45d8-ae6a-497018d71f8a,2,1313140,NZ,2024-08-13
a19e13ea-87b9-4f97-98fc-e1a58ef65c43,3,236390,NZ,2024-08-13
aac88610-0407-4f9c-86b0-2e49721157fd,4,1091500,NZ,2024-08-13
1e3d370f-ce96-4cc5-9a04-660dbed110a6,5,2358720,NZ,2024-08-13
bc184127-e79a-4311-a31a-e019ac50f857,6,32470,NZ,2024-08-13
4a3c1761-72f0-4853-af50-7d6330489a2b,7,393080,NZ,2024-08-13
25f5a84a-1d3e-43ba-a36a-eceb2b0614e1,8,32110,NZ,2024-08-13
d722c6ee-2d9b-444a-83ea-535837fc6827,9,2183900,NZ,2024-08-13
737da463-8f79-445b-a71e-aa453f024524,10,397540,NZ,2024-08-13
5f4988e6-9dff-4941-9595-46a850fdadfe,11,2074920,NZ,2024-08-13
e06096c6-f91c-48e7-9c99-12f4f7ad9c3d,12,230410,NZ,2024-08-13
1c2cdd56-e8d4-489e-913c-e5dbec4afa3e,13,2933620,NZ,2024-08-13
94d6cb4e-34aa-4cfa-a05c-fcece0183ad0,14,36586,NZ,2024-08-13
2b8c7b7c-40ea-455b-82a2-51152a3d4638,15,1593500,NZ,2024-08-13
797dff7b-0440-4709-ab46-7be1b207d6c0,16,238960,NZ,2024-08-13
49b1cf9b-e76d-4d81-9e24-5602bc9b417b,17,1245620,NZ,2024-08-13
79360829-a2c2-4b94-9bea-fabc04c75915,18,578080,NZ,2024-08-13
29b0e853-ec65-4afd-8b80-baff920bab51,19,570,NZ,2024-08-13
a499f275-e6e8-4904-9353-4002de958dee,20,5700,NZ,2024-08-13
cabb1b30-07aa-467b-841c-d6957c6d7521,21,271590,NZ,2024-08-13
1ae69ff0-7ad2-4c43-b561-a7ff8454a139,22,2142790,NZ,2024-08-13
c7cd0002-eb8a-4dbe-96b2-03189ff1f682,23,1599340,NZ,2024-08-13
acb5de7f-d808-4d70-b1e6-689503aabfc9,24,427410,NZ,2024-08-13
c713f68a-1df2-41e2-8de0-36542d3fe72d,25,1158310,NZ,2024-08-13
d4d5c818-fe9a-48ad-bd49-4d6ff7d9eb31,26,553850,NZ,2024-08-13
7baba916-90a4-4b29-a53b-ce26a245f9b7,27,33369,NZ,2024-08-13
5e921a3f-6e01-42dd-8f49-e90328713a9f,28,2778580,NZ,2024-08-13
00b04781-c2eb-41d5-a181-b935dd884e36,29,311210,NZ,2024-08-13
4e6bf3b8-1c08-4571-8e9d-0aa15ce292f5,30,30424,NZ,2024-08-13
f40e8695-5e67-4b90-9e9f-12b4a294e36e,31,1449850,NZ,2024-08-13
4f2cb7bc-b479-4010-8bbb-b6224a600188,32,39210,NZ,2024-08-13
3af0ceef-1779-4730-a907-93d90a924a93,33,252490,NZ,2024-08-13
d82e96c1-76cb-4ebd-8e20-77ed3c12827d,34,2139460,NZ,2024-08-13
26671f74-ccb3-4bb2-ac4b-cab87a8b18aa,35,1687950,NZ,2024-08-13
c0fc9a5d-b126-4d7a-9fe6-83319bc5bd62,36,2138330,NZ,2024-08-13
f6a9cf21-9d7c-4dd7-b978-720d887ed537,37,2890190,NZ,2024-08-13
afcfbd9a-e81e-4fbf-ae0c-4f0f32b65498,38,377160,NZ,2024-08-13
92b85d11-ac5f-4058-847c-3c57317356a9,39,489830,NZ,2024-08-13
b314b546-5057-4163-afd3-e454b2af251d,40,41922,NZ,2024-08-13
a5fdb4b0-98da-4475-9d82-7855aff6d989,41,1962663,NZ,2024-08-13
923eff5b-e356-428e-b618-aa6ae2636bc8,42,306130,NZ,2024-08-13
4898ab47-09d1-482f-acf1-aad8c6433f33,43,1222670,NZ,2024-08-13
d11d5bb8-9b18-4b51-a54f-cd1c2cb47da1,44,1172470,NZ,2024-08-13
bd8c97a4-931c-4b2f-b007-5ca7d2e1182b,45,2161700,NZ,2024-08-13
bc52a221-83a4-494a-ab73-4265ff8a3ba0,46,381210,NZ,2024-08-13
bddfdf3a-275c-4bd4-9716-0579a3c8b45f,47,1790600,NZ,2024-08-13
dfe8a753-b88e-4f09-b68e-989f302ea6a8,48,1985810,NZ,2024-08-13
577e71fb-0f39-4502-b046-8c9248ec169e,49,1086940,NZ,2024-08-13
6d2ea9e4-8ab4-4880-9137-c0087f351da1,50,1085660,NZ,2024-08-13
64bff6e4-4196-4e75-b157-2e393bfb120a,51,582010,NZ,2024-08-13
c57ddf55-a4d6-439f-85e0-0140b857ced5,52,440,NZ,2024-08-13
ff9af660-4610-4529-b11f-c2ddee256a81,53,692569,NZ,2024-08-13
81a353c2-1a5f-484d-ac94-868091c03eb9,54,244210,NZ,2024-08-13
d3bca07d-6977-49df-9446-a722ecb6a127,55,1286830,NZ,2024-08-13
979cb9b4-2327-4209-b97c-a63a43c371a4,56,2215430,NZ,2024-08-13
d69b88bd-9f75-4e11-aee6-364eb0ba9127,57,1151340,NZ,2024-08-13
7db283c4-649f-4c67-9407-1a2101ce4540,58,1174180,NZ,2024-08-13
642475a4-be5b-4730-a974-3a43a16a91a2,59,2344520,NZ,2024-08-13
e8414d54-3fcf-4710-ba01-66ab1c5f451d,60,3344,NZ,2024-08-13
74a703b3-9a69-4f44-b12c-8c08fc5f0681,61,413150,NZ,2024-08-13
207a1f03-d48a-43ad-b2d8-98095808ef64,62,289070,NZ,2024-08-13
5bccb229-d42a-46da-bd19-d8295fbb784a,63,2461850,NZ,2024-08-13
b8da7697-8e2f-41d3-9bfd-f253aaaabd6e,64,292030,NZ,2024-08-13
25d8b4d8-69a9-4cf1-87da-e399ad7eef02,65,1250410,NZ,2024-08-13
c11a5663-be14-4b8d-bc7e-97fd00ebd2ef,66,124923,NZ,2024-08-13
c504b397-c9f6-475c-b376-cbef4e244d39,67,1622910,NZ,2024-08-13
11fd0c48-0aeb-4727-9b56-9f57c4255b7a,68,266410,NZ,2024-08-13
c607739a-22f9-41da-a8d8-4b9962cd7d4d,69,2400510,NZ,2024-08-13
61bc4146-08e6-422d-9910-d8d14335f6c4,70,251570,NZ,2024-08-13
fce6db4c-24bb-4747-8871-694476e24117,71,1145350,NZ,2024-08-13
731e952b-ecb9-4eda-af48-ea5ff003ebd4,72,1446780,NZ,2024-08-13
d0762e45-9cf4-4e2a-90b8-5b36e46df41a,73,1237970,NZ,2024-08-13
2b0c34ff-d587-421b-80e2-69391de43529,74,1938090,NZ,2024-08-13
53bfed62-de22-42e3-a7ee-686926a48133,75,2357570,NZ,2024-08-13
97954987-0db4-468c-88b8-d034c1b54fea,76,49520,NZ,2024-08-13
7840f6d1-23cd-4784-bd2e-7b7a2b71972d,77,678960,NZ,2024-08-13
d5522f7e-b355-40dd-ae62-88ae40775a8d,78,782330,NZ,2024-08-13
cafab68a-b9d6-49bf-a3ed-d51ac25e5614,79,214490,NZ,2024-08-13
12939b7f-e907-4bde-9213-ba6ebe98e7de,80,1778820,NZ,2024-08-13
7688e3b4-f245-4463-b29d-fceed37d16c5,81,199943,NZ,2024-08-13
0a8419d9-c990-49d0-9139-9134a376278e,82,2840770,NZ,2024-08-13
2a2283b9-2aba-4c28-aea0-bf03a632a0f3,83,359550,NZ,2024-08-13
73f5784a-0258-4842-816f-6955d0a6a931,84,38036,NZ,2024-08-13
cb599fda-9e2e-4711-911a-5808510a7f43,85,476600,NZ,2024-08-13
735002ab-be69-421d-bba5-bc6a6bb479e3,86,1875830,NZ,2024-08-13
c5222ded-7949-4e5c-9f3c-f6fc49ec9119,87,15587,NZ,2024-08-13
5d16b2d4-988a-4c75-badc-7753f52532fc,88,1476970,NZ,2024-08-13
69be207e-2eb7-496d-9204-bdfe65505cf8,89,1113000,NZ,2024-08-13
03424f8d-c964-42f9-8306-671e4e1e0c4e,90,1716740,NZ,2024-08-13
e1a86e18-9739-4b88-8994-74b99f9f78aa,91,6998,NZ,2024-08-13
aa9ffae5-4ba0-4bc8-9dcc-53b900139aed,92,1604030,NZ,2024-08-13
cc7cfe53-b64d-4f79-8dd0-d9d71cee0290,93,1286680,NZ,2024-08-13
74d307d9-67dc-4b19-8924-1fff07c43eb0,94,2513280,NZ,2024-08-13
4cc39515-6575-4ab4-8f50-445a92006548,95,1629520,NZ,2024-08-13
b219a7ae-9937-4b08-b3a6-9fe33b4e000b,96,936720,NZ,2024-08-13
bd239e50-ba85-4fa8-8288-2ffa3159c958,97,2638370,NZ,2024-08-13
ea509453-3c89-4f6f-a730-0a0b8399fcb3,98,739630,NZ,2024-08-13
b2d17ffc-2664-4bf8-940e-2cd6b71ebcb2,99,2567870,NZ,2024-08-13
ccbecabb-0247-45ef-8f51-88fca3da17cc,100,28628,NZ,2024-08-13
79fdee37-5926-41ef-8d9b-3b3fa263ca47,1,730,CZ,2024-08-13
97e0e40d-5a61-4172-91e6-553152d09558,2,1675200,CZ,2024-08-13
2a6910eb-d4fb-4e0f-949f-704a13dfcf62,3,236390,CZ,2024-08-13
5272bd82-2380-43f8-a7eb-27512f40695a,4,306130,CZ,2024-08-13
147f274f-ff0b-4d51-b78f-5b9ef8ed909b,5,1091500,CZ,2024-08-13
ecd3f728-9fd3-4678-bf76-366939e418cc,6,1593500,CZ,2024-08-13
5c37c7c0-9658-439c-953f-4f879530847d,7,570,CZ,2024-08-13
d0031320-0e91-49a4-a7a4-e628f3599013,8,578080,CZ,2024-08-13
9ead2160-4131-474d-9b77-8463c3270795,9,397540,CZ,2024-08-13
7696feb2-7fda-4047-ade1-0d35cc062737,10,32470,CZ,2024-08-13
6e79c836-41b6-45f1-96e6-29a8dd295c86,11,2183900,CZ,2024-08-13
1c0dd1dd-3c5a-477f-ba3b-7df327c3eb63,12,1222670,CZ,2024-08-13
f23f811d-b8e8-4717-b817-2b40ff2c8aac,13,33369,CZ,2024-08-13
327e71af-fb35-4e8a-b4d4-fc335a75fae8,14,1245620,CZ,2024-08-13
372df159-1c1e-4230-a50c-cedf256b5a1c,15,227300,CZ,2024-08-13
a2a3584e-dd36-44b1-b73f-94ff1530411c,16,1313140,CZ,2024-08-13
3f4bfc10-c641-44ce-8222-5fb59e29afeb,17,553850,CZ,2024-08-13
5d52a46c-202a-4941-a0e8-b1f54b78bb40,18,271590,CZ,2024-08-13
0bbea738-4121-4e47-b1a6-e524ee597015,19,1086940,CZ,2024-08-13
fe7bf002-53b6-4436-bd86-db2a4a8f467e,20,252490,CZ,2024-08-13
e1b6c0a2-2ed2-4c5c-af19-a832f48e6efc,21,782330,CZ,2024-08-13
fcba97aa-08a3-4ddf-8a1e-9db4564e5d89,22,238960,CZ,2024-08-13
8cb470d6-8a1f-4adc-b317-57323a116a99,23,739630,CZ,2024-08-13
bc5a27d6-6bea-494e-9fed-5cfbfc2d1220,24,2840770,CZ,2024-08-13
1f457bcb-e3fa-43ad-881e-2ba241a7402a,25,489830,CZ,2024-08-13
ab8d50be-87c8-4dcb-9c91-c1002cda5216,26,2669320,CZ,2024-08-13
f0173f1d-a85a-470f-9bb7-0a1fa8bb4423,27,377160,CZ,2024-08-13
76ba1411-2f1b-47e2-bb10-a7632bcf60be,28,2358720,CZ,2024-08-13
3bbe5d77-c5bf-4e20-9e53-63dfdccfa7e7,29,230410,CZ,2024-08-13
9a894e7a-15a0-48bb-afe8-a09633ae5917,30,444200,CZ,2024-08-13
e76e1ea8-985b-47fd-bfc1-7f9276b860b6,31,2138330,CZ,2024-08-13
1f0bf4ce-4f6e-4f7e-9c26-2170c259f982,32,359550,CZ,2024-08-13
3271e578-a568-490e-b08a-e958deab8547,33,1059530,CZ,2024-08-13
4f7f6190-4725-430b-816d-5fcafd5e6387,34,381210,CZ,2024-08-13
609f97d7-66b1-47c7-b341-3784de3bb57a,35,124923,CZ,2024-08-13
cb286ee6-55eb-43e9-9ded-59ad970e6a92,36,2074920,CZ,2024-08-13
0d0a01ba-ce6a-45d6-a8ea-7a5dcc22d90f,37,354231,CZ,2024-08-13
599ebb13-296c-4b49-9088-d79aa1e685cf,38,35840,CZ,2024-08-13
14c23e9e-4d05-44b8-adef-c15e5e33ae8e,39,2139460,CZ,2024-08-13
ef6afff1-10df-40d1-ab15-ecae2f32a8b7,40,2778580,CZ,2024-08-13
3a7114cd-9643-4d88-8e65-5a659ad525cc,41,2638370,CZ,2024-08-13
9aec181f-c718-4711-bd09-3be648d8f4bf,42,440,CZ,2024-08-13
a20ddf10-2696-4fa2-86b8-3ed1a4f150a5,43,292030,CZ,2024-08-13
7f9924ed-d7bf-4389-9838-63baccd8640c,44,1469610,CZ,2024-08-13
1b7d4b5d-f831-4f19-bbd3-c37992772bd5,45,2933620,CZ,2024-08-13
949e62b4-3da9-4a04-af67-dec5e8797665,46,1237970,CZ,2024-08-13
74f01b60-780f-4114-88bf-be66bf52ce02,47,1172470,CZ,2024-08-13
74424564-e504-44a7-93d8-71e565288428,48,2215430,CZ,2024-08-13
e54ad9a3-ae0f-4106-aec8-5262f7910836,49,1151340,CZ,2024-08-13
09afb72c-8693-48ef-9f97-8e0924968512,50,594650,CZ,2024-08-13
43f1b9e9-41c5-4007-9918-cd9749fd4d1d,51,49520,CZ,2024-08-13
6e8c3f61-90db-4e7d-9b86-4e67064c9a66,52,1599340,CZ,2024-08-13
4d75793a-a875-4037-83eb-a3ae0fe01c21,53,546560,CZ,2024-08-13
e8fd0ea6-7f99-4e1c-9c4b-6af98064a680,54,2567870,CZ,2024-08-13
0b37340a-93fe-4f17-b902-7f578db9b379,55,15435,CZ,2024-08-13
2dd4d997-daf6-4381-be4d-5893955ce9a3,56,2461850,CZ,2024-08-13
a3179a5d-00fd-4345-9851-071bbb4666ec,57,2195250,CZ,2024-08-13
effcb794-eb27-43ac-895e-8f92062d89cf,58,1551360,CZ,2024-08-13
9c655297-5a7b-4c9a-89f6-25f1dd7530ee,59,431240,CZ,2024-08-13
0ab6b0ad-d250-4223-9c2e-95427e000bd8,60,1172620,CZ,2024-08-13
bd3e9b0e-de78-4061-81d8-2b95f40d6a4d,61,2890190,CZ,2024-08-13
a14bbe84-ae4c-49d4-a530-6315a3b26539,62,2698780,CZ,2024-08-13
6ad65a03-469c-4a5a-a4e6-3a34480fc3c8,63,394360,CZ,2024-08-13
8a2073e4-0637-4470-a07f-39098f8331f8,64,13538,CZ,2024-08-13
55fb5021-c734-4017-b3b0-383ee8403732,65,805550,CZ,2024-08-13
7633edc2-5171-4cae-9ef2-ea1d9d176f7c,66,43785,CZ,2024-08-13
37ed58a8-0976-43ef-8952-8c699e61c336,67,548430,CZ,2024-08-13
d6e5bf7b-8b7a-42eb-bff1-47e37bb9b156,68,13014,CZ,2024-08-13
00b893b7-54e8-473a-9632-8c965083a6fc,69,2161700,CZ,2024-08-13
7aa9853a-e8f8-46bb-9065-8249c6c2cec5,70,10287,CZ,2024-08-13
791d90b3-86c7-46f4-9c53-958cacba383a,71,1818450,CZ,2024-08-13
f0898bee-6801-4384-b6fc-11528a7d66ff,72,2488620,CZ,2024-08-13
5ad453d3-dcc1-47fa-91e4-2a3b99659589,73,199943,CZ,2024-08-13
818e990f-b4ce-4d9d-8d35-784f7ecb1b4e,74,1517290,CZ,2024-08-13
f83d527e-b1b7-4f0d-a992-a32a150d1ab8,75,2344520,CZ,2024-08-13
a3724e63-bbc4-4c6b-8152-994057f66cda,76,494840,CZ,2024-08-13
024ae7cc-16e8-4c7c-9636-b35871e95bd1,77,1142710,CZ,2024-08-13
3a273acb-9fcf-4c92-8252-8044ab3ca95e,78,43117,CZ,2024-08-13
aa1d8bda-e8de-4254-8660-eed960360410,79,1174180,CZ,2024-08-13
8e36833e-4d86-479d-96f6-bfc0183eb99a,80,2000950,CZ,2024-08-13
6cda6826-4550-4a7d-b8e2-c5bcd89e0299,81,476600,CZ,2024-08-13
4176557f-1fc4-4ff4-992c-9f011554d3b0,82,427520,CZ,2024-08-13
da3136d1-a5b2-4c49-930e-11637f53858e,83,2670630,CZ,2024-08-13
cca09c57-61f7-4190-a1db-8166aa9cd6b5,84,5700,CZ,2024-08-13
c7cc772a-7c3c-4cae-bda8-ee45a43da018,85,1687950,CZ,2024-08-13
9b725d8e-2788-477b-acb5-b765a5dcd7f1,86,2300320,CZ,2024-08-13
0cf48899-1634-4cc7-8220-9b5734943576,87,1144200,CZ,2024-08-13
a4455df6-ed65-4b9c-bf90-92722e00bf46,88,413150,CZ,2024-08-13
5c6ab498-5cc9-4348-9d48-5f7512703f82,89,1716740,CZ,2024-08-13
c30524de-38e8-45d5-905a-a61e787d8ff2,90,13013,CZ,2024-08-13
5a5aa39e-56d4-4965-9823-ca53f18af2f4,91,1332010,CZ,2024-08-13
255c3946-a35e-4dc5-b6ca-850e59dff208,92,281990,CZ,2024-08-13
2a14ee6b-2f31-47e9-b007-ca485a589cf5,93,552990,CZ,2024-08-13
ffb8f16a-52fa-4055-a6a1-eb8f041654a7,94,612880,CZ,2024-08-13
5c0f1e01-77e5-4e84-b543-2abf85bfd621,95,2437170,CZ,2024-08-13
2549038b-4d77-42bd-9837-f88b6d50d410,96,393080,CZ,2024-08-13
52356a40-e53e-476a-8079-4a1ff1ec8666,97,39210,CZ,2024-08-13
f149a0bd-3e40-4bd6-93f8-94d0f1b1f0d1,98,1248130,CZ,2024-08-13
afde03be-3c5f-4990-b834-df45af6b2813,99,1289670,CZ,2024-08-13
160faf87-b5a5-4b09-aa4e-3afce2536e4b,100,1286680,CZ,2024-08-13
50229617-0245-4959-b3a4-e6aff372eca1,1,730,US,2024-08-13
e71c60a6-4650-4caa-b5e6-e0f8a4bdc8aa,2,1675200,US,2024-08-13
aa0855d7-fa45-4aef-86f8-5c4b9b4d1917,3,1313140,US,2024-08-13
311ad120-7a07-4a77-ae1b-b317d43ba2f2,4,393080,US,2024-08-13
748d21cd-2226-4b75-8101-b2d5124e7b52,5,1091500,US,2024-08-13
82008418-0668-4171-9772-85be9a051667,6,2582560,US,2024-08-13
d6781eae-225d-4931-8878-de7cb5bdcfd6,7,2183900,US,2024-08-13
676107aa-792f-4b44-8450-7e0b42daf45d,8,2161700,US,2024-08-13
c7e14869-9f66-4fc6-9bc7-67dd4a6f0381,9,2074920,US,2024-08-13
e8bee3e6-e93c-468f-8552-bf8a52747104,10,1245620,US,2024-08-13
824cce27-370e-48b9-9dcb-3419840dc6d4,11,2933620,US,2024-08-13
2e3e3796-57d1-4858-af2c-e75c79a413dd,12,1687950,US,2024-08-13
0c8df973-7213-463b-88a2-d6ba414a550c,13,397540,US,2024-08-13
0584d71b-7eeb-4100-a1da-783b639bb08d,14,33369,US,2024-08-13
fd8aba7e-7755-4c8f-901c-bcd8e08b6bd6,15,230410,US,2024-08-13
b3fa95b4-0a9b-4dbc-99d1-f6d63daeddc0,16,32470,US,2024-08-13
664b4974-2a93-4442-b75e-47a20730ff92,17,311210,US,2024-08-13
68f351b0-a5f5-4944-be8b-a2c48886c9f5,18,32110,US,2024-08-13
26665d69-5c9b-45e0-a271-f0070399dc1b,19,236390,US,2024-08-13
d1ddeeb2-ccd2-4a96-b718-9f3c3cf51be3,20,553850,US,2024-08-13
f09670cb-7132-4425-ad48-580d05d0ef02,21,1086940,US,2024-08-13
a7d4bde3-b343-4bdc-bb43-8cd95539ec1a,22,2358720,US,2024-08-13
d378c95e-097c-469b-88ad-43933b7088f3,23,306130,US,2024-08-13
07ca056d-5dcb-4919-b03e-c7d3097e8de8,24,2142790,US,2024-08-13
734e6d3b-cd76-4525-876d-3565b5f161e8,25,1085660,US,2024-08-13
e7dc923d-8a4a-4a34-8052-eb47a2384af2,26,381210,US,2024-08-13
07273fe6-97d3-4587-ba8f-db1718df8194,27,2139460,US,2024-08-13
e3be9c33-bf4d-47c4-a914-1504d5b4f22c,28,2890190,US,2024-08-13
8987c754-a845-46eb-9e14-8cdfaec3662a,29,2638370,US,2024-08-13
2e85df5b-654c-48fc-accb-4ee8c9ae93f4,30,1222670,US,2024-08-13
19e5eee4-103a-4395-830f-0fada7380892,31,2138330,US,2024-08-13
8e4f8c1c-0f7c-4302-819e-9c824eb7df93,32,359550,US,2024-08-13
8a0e1499-0e1a-44e8-9749-b1bff92edd16,33,1151340,US,2024-08-13
72be3981-973f-4419-96dc-44b3a372a7f6,34,427410,US,2024-08-13
fa28aa53-9adf-4191-8676-123e360620a5,35,271590,US,2024-08-13
dc2f601d-69b5-473d-ad35-88f1cc3ef16f,36,2778580,US,2024-08-13
ff2c046e-9ec6-4f41-9cae-ebc37c06d1fb,37,238960,US,2024-08-13
d1fb0012-0351-435a-acf9-b8b662a04d57,38,39210,US,2024-08-13
d5d1da29-768e-4d24-9206-8c6446b2568e,39,440,US,2024-08-13
d67f0417-a105-4aae-ac56-1a0cf348e4ca,40,1172470,US,2024-08-13
9a226df7-6c94-40e1-9bfe-adf646d403fe,41,582010,US,2024-08-13
b9ba3838-641f-4f0e-b717-816b58f5aeef,42,49520,US,2024-08-13
9e58d896-26f9-4efb-944f-f370c75b0e1c,43,1962663,US,2024-08-13
f00f580b-6a97-4c63-a7a1-e87fbb3a74db,44,489830,US,2024-08-13
f674452f-3576-421b-ae9c-aa626e263524,45,252490,US,2024-08-13
8880f864-7899-433d-bf32-3661bf1a215b,46,202970,US,2024-08-13
5e48f7f9-30a6-4316-ae7f-1fd433f81875,47,1599340,US,2024-08-13
940117f5-83ac-4da9-aa97-07b7619b8bbe,48,2400510,US,2024-08-13
79cc4eed-cc1e-4962-8934-d3f4f3e12f59,49,377160,US,2024-08-13
8ecf4d10-55e0-46b0-bcbd-d76908cb32ab,50,578080,US,2024-08-13
fdc4383f-84c8-416b-8cac-87fd52128174,51,413150,US,2024-08-13
542ba1ad-b71f-4f35-953c-5918472e26bc,52,1622910,US,2024-08-13
2a56eb7e-526e-4d34-ba7c-d7654b3b0698,53,2567870,US,2024-08-13
ef71fff5-d0a8-4aaa-9f2f-6c21c011c56c,54,5700,US,2024-08-13
aa2c806a-0691-46b9-8af8-9ee183c7414b,55,1144200,US,2024-08-13
07d04c0e-6c3d-40b8-8d93-b6c5d3b386e7,56,354231,US,2024-08-13
aba0a2c0-82f6-4d28-8ce0-fa6966588be6,57,2141910,US,2024-08-13
2b7ded16-abd2-4c84-85b6-bdf2d226b255,58,1449850,US,2024-08-13
e1fe7469-f9cb-41cc-8c99-328f356be6f5,59,2461850,US,2024-08-13
c35524e3-a02d-42eb-b808-0692435736d0,60,739630,US,2024-08-13
f7de73c9-363c-4b38-ba96-5f5dfbf6ff00,61,1059530,US,2024-08-13
ce7b5c4f-0c01-4dfc-a3d5-eed2f947de69,62,1446780,US,2024-08-13
01ab9195-96b9-41d4-bda5-be73d7824781,63,2215430,US,2024-08-13
09cdab05-c067-4e5f-bb53-4d12d004b400,64,570,US,2024-08-13
9c332af6-d6a4-4347-919c-073a67c6b969,65,858210,US,2024-08-13
129b72ee-15ba-4fe5-9f8e-9290c113e642,66,2344520,US,2024-08-13
254223bd-3591-410f-819f-f6d1f7fa95eb,67,782330,US,2024-08-13
3235e116-afa2-42dd-9523-d28b47ba71f6,68,251570,US,2024-08-13
36a88eb0-ecbc-4c85-b630-f437544bcd87,69,1118010,US,2024-08-13
2d3d4ffa-5d1f-43b1-9767-7f0a8c97af36,70,1286680,US,2024-08-13
3f62190d-6aba-473c-bf2a-4fef7b6f308a,71,30424,US,2024-08-13
2a4798d0-a71d-4532-b97f-44160c11b480,72,1113000,US,2024-08-13
d27ce1e0-914b-4b23-894d-1fa97074eb65,73,1593500,US,2024-08-13
6149aeae-8e88-4881-8673-8ec3fe6dd034,74,1938090,US,2024-08-13
8bcc5f70-e175-4fe1-867f-7b75a0810fd0,75,1172620,US,2024-08-13
2d64f420-0c96-4fc0-aaa1-9d03787d7496,76,2366980,US,2024-08-13
3a8d6bd6-21c5-4bae-8357-08e3b3918f24,77,548430,US,2024-08-13
0d297666-75c3-4ad9-9dc2-4f2fcec16331,78,1237970,US,2024-08-13
621160eb-32b9-404f-b81a-b134d45ef0fc,79,38150,US,2024-08-13
227dc273-3d37-4730-b264-05b9e0234d03,80,2840770,US,2024-08-13
dc85ad6a-a3dc-49e0-abb0-dbc9fc20f134,81,261640,US,2024-08-13
e6ecadea-05a6-4b23-8089-8b6e31da3d95,82,2016590,US,2024-08-13
dd642a22-5ba7-4e9d-b8e8-126e4f7775db,83,199943,US,2024-08-13
4583e452-97f4-486e-b5cf-7564a898878c,84,292030,US,2024-08-13
420e1c2a-fea7-469c-aa16-3b83fb657c7a,85,35030,US,2024-08-13
19ee3488-ad9a-441c-910d-9fa802bf016b,86,2670630,US,2024-08-13
bf2b2a71-eee0-4cd7-9d89-7b4e82d629ee,87,582660,US,2024-08-13
80e43b42-9009-435d-9d0b-30d38b2db88d,88,2519060,US,2024-08-13
b011d385-54fd-4778-bde5-1e20ec33a082,89,1174180,US,2024-08-13
e52ab2c4-db94-464b-abf6-13c22609a646,90,2336880,US,2024-08-13
a28d4287-c868-445e-8ea0-1bedc5c18d97,91,1517290,US,2024-08-13
b0aef9a7-c399-4708-a35c-45fad14d32eb,92,1966720,US,2024-08-13
c47aed58-b50e-409a-ae6a-855db7d8fb70,93,2357570,US,2024-08-13
93ae3ebf-1339-4866-aa13-af7caf9f8ff4,94,13013,US,2024-08-13
2107eb1a-764b-40c0-b88e-35aaa9976dcc,95,294100,US,2024-08-13
3ccc0482-e5f0-40a8-9986-b14ece369b89,96,284160,US,2024-08-13
601f754d-8155-4582-be3d-9f87dae7a6b3,97,2015890,US,2024-08-13
efafd149-596b-4ddb-bd3c-d8fc93a42b3c,98,2881650,US,2024-08-13
76a3e315-854c-4ccc-b11b-aeb7f279f893,99,2073850,US,2024-08-13
db24cef6-36d6-48d6-b50f-ebc1496780dd,100,292730,US,2024-08-13
c92ba6a2-c96a-4316-bc93-9267d88a6106,1,1675200,CA,2024-08-13
47f9cea3-4569-4906-bd6e-c5a4f8ea2655,2,730,CA,2024-08-13
c276c43b-0ee0-4db3-86d9-66054c4842dc,3,1313140,CA,2024-08-13
fb136e2f-5a3f-48c5-9efe-e8022b8e91ef,4,1091500,CA,2024-08-13
d6819df4-7e8a-49f6-bb3a-352e9e609375,5,393080,CA,2024-08-13
2fcd9ae6-ead0-40ea-b046-dac62e387bb7,6,2161700,CA,2024-08-13
90f11319-0349-47a2-a64e-82897d422bd1,7,2183900,CA,2024-08-13
49879bdc-a12e-4759-8f6e-ade222ec3165,8,2358720,CA,2024-08-13
7af00eab-d4df-429c-bb97-54d487d01164,9,1687950,CA,2024-08-13
78c2c8c9-3ec9-4ded-9c38-9576f6da3639,10,1245620,CA,2024-08-13
4ee87a1c-9723-4698-b5a8-3d42f4021533,11,397540,CA,2024-08-13
8f5ed2ce-ccf9-4493-9ec5-d3b717174f94,12,2074920,CA,2024-08-13
78d148ce-ffc3-46ae-bb67-32fac70a9406,13,32470,CA,2024-08-13
d90ef1e8-5eeb-485c-83c0-22c0631ac14b,14,2142790,CA,2024-08-13
cc5af4f2-cf02-4ba9-87a9-d39756356317,15,33369,CA,2024-08-13
48cb33ee-8b80-4220-9750-9a271cfd5494,16,311210,CA,2024-08-13
5adafed4-497d-4847-b091-d74e595fc9e2,17,553850,CA,2024-08-13
f4df0760-406f-43cf-a321-f40d27ae19da,18,1086940,CA,2024-08-13
35090928-0b92-48d3-a53c-31108e9e1d1a,19,32110,CA,2024-08-13
1455e446-7253-4031-b404-34a5ca8585f8,20,2138330,CA,2024-08-13
5edba1fa-5099-4704-af9f-3693869e175b,21,238960,CA,2024-08-13
1516b33b-70e9-4be2-afd7-61ebf7099f0d,22,306130,CA,2024-08-13
22bfcdff-c32e-439b-b671-024cb20dc260,23,2933620,CA,2024-08-13
21351f63-4a88-48fe-ad16-88af910b35bf,24,7694,CA,2024-08-13
5d453d15-68bf-4753-896e-192d1e9866a2,25,427410,CA,2024-08-13
4c1c56bd-20e3-4923-8ce1-ea57d78c250b,26,230410,CA,2024-08-13
e4e1890b-4827-4212-a408-6dea57167199,27,39210,CA,2024-08-13
872469c3-777e-4603-9189-16e5a212c31a,28,1085660,CA,2024-08-13
ba983f64-9a46-435a-af9d-caf8fa6ddc41,29,1222670,CA,2024-08-13
7ae96b4e-773b-4b18-94e9-6b42addebb84,30,2890190,CA,2024-08-13
80957437-fb51-4057-a790-7dea2d3efe39,31,359550,CA,2024-08-13
bba73390-5446-4684-b1fa-d4fcc2aa5acf,32,570,CA,2024-08-13
1a0f2fbf-a13b-4f77-9c16-898b5fdd889d,33,236390,CA,2024-08-13
d4d6cf61-7b94-46a0-a6a9-067f8070fc56,34,1599340,CA,2024-08-13
275678cf-37f0-4143-8b36-6095f24b792a,35,2778580,CA,2024-08-13
39996c49-54b1-40be-9f10-64c370ee5870,36,582010,CA,2024-08-13
62df7d05-2493-4627-b0f4-dc27cab28f12,37,2139460,CA,2024-08-13
95e64859-e8bd-4a64-9ef6-640a0ffa92dc,38,2638370,CA,2024-08-13
2fe0a5eb-d318-45b2-bf47-508397508b9b,39,381210,CA,2024-08-13
729a7670-c9d8-4088-8405-4d42f64314da,40,2567870,CA,2024-08-13
bcbf90fb-7a37-449f-b185-312a72584e03,41,271590,CA,2024-08-13
ec746a55-2c46-43ec-916b-e26fb37d8a18,42,489830,CA,2024-08-13
f533397a-9877-4ec3-93d4-6b39a077b30e,43,1151340,CA,2024-08-13
18b7c489-39d2-4977-ae53-6cc20461be7e,44,2141910,CA,2024-08-13
f3339bfa-5778-478c-9a50-157aa1cd4873,45,2582560,CA,2024-08-13
a0f20156-2d27-466c-8717-1cf062c31c65,46,377160,CA,2024-08-13
7979a533-368e-4a4a-b06b-3a152f2262f0,47,1446780,CA,2024-08-13
ee79ea37-8931-44cc-abe2-b54377c9852c,48,1172470,CA,2024-08-13
30002f88-4b8b-4889-9caa-8d156f4cfdae,49,2400510,CA,2024-08-13
aee6a737-5e6b-490c-8d8e-b58a0c9ff166,50,49520,CA,2024-08-13
55c369e7-991c-4f3c-909b-7f60e0a5e374,51,30424,CA,2024-08-13
eed563df-c686-4ba1-ab62-33b878b5ed20,52,413150,CA,2024-08-13
5674c5e0-108a-4a22-8590-bb593363f565,53,578080,CA,2024-08-13
b834c0d2-0777-4340-8710-21c56082a355,54,13013,CA,2024-08-13
6b989fc8-ec08-41a7-8a21-7fac8c3a9072,55,1059530,CA,2024-08-13
0d15b0a5-4635-4df6-ac2e-34588233ee9e,56,1622910,CA,2024-08-13
39269205-645c-4e8f-aab7-ce02c9953e73,57,2808930,CA,2024-08-13
09d57651-2043-4074-81ea-a3f8dca60721,58,2215430,CA,2024-08-13
e20e207a-0f5b-44e9-8766-21fae218bbda,59,5700,CA,2024-08-13
df1b5c1f-b145-46e0-b553-4f31f575b889,60,782330,CA,2024-08-13
7b3287cb-522a-4982-b5a4-ab0139198462,61,1593500,CA,2024-08-13
6fa3748d-78c4-46b0-a111-f71078f53a8e,62,1118010,CA,2024-08-13
f556f7de-9c82-401f-8bf9-7460dd3eba24,63,2840770,CA,2024-08-13
572d9e9f-965a-4b18-97f8-1129b3b18620,64,739630,CA,2024-08-13
e8d57ced-292c-4359-8ad7-db4896741d12,65,202970,CA,2024-08-13
77c1e30f-694c-4916-82b6-47e613624fcb,66,1649080,CA,2024-08-13
e2253d8c-bade-440c-9022-a314d2f9455d,67,292030,CA,2024-08-13
891ad087-9ffc-4a14-8503-f6aaebd75bb6,68,1449850,CA,2024-08-13
7ae3d6f7-7a87-4857-964d-5d123f4a1d9e,69,252490,CA,2024-08-13
99493a69-c29c-428f-b436-bdfecb81c0c3,70,440,CA,2024-08-13
a2f05124-07bd-42ad-a60a-1da942b2e862,71,1962663,CA,2024-08-13
b491ea0d-e3fe-43f1-8f01-1b81308bb8bc,72,1113000,CA,2024-08-13
09e2deb5-407d-487d-a885-5b400c4ab8f9,73,582660,CA,2024-08-13
18bc3ba6-d880-44eb-a15e-df75cbcf4165,74,2016590,CA,2024-08-13
6aeca8b1-940d-4adc-97dc-6221ab27a0a6,75,124923,CA,2024-08-13
11976e30-5e3e-476b-9121-c85ebb4c2855,76,1144200,CA,2024-08-13
3b3da702-e6d4-4c1e-866e-4658774e3141,77,548430,CA,2024-08-13
e4928fc4-b83f-4f4a-8f3f-47e06d1472c1,78,2344520,CA,2024-08-13
d79410b7-6f64-4d79-a0ca-4ec794ef4a76,79,546560,CA,2024-08-13
d372eb04-0330-4206-8391-ce9f31df8282,80,858210,CA,2024-08-13
f590bcbd-c1b2-4fff-afae-3ee84f82c947,81,2379780,CA,2024-08-13
2420ff9c-66e4-425e-a5b5-4e0f14b93f5c,82,1237970,CA,2024-08-13
9f800ae4-6f74-433c-8181-bbfe3cea3313,83,1172620,CA,2024-08-13
2a2c778a-6dfd-4880-86ed-dd36d247f535,84,692569,CA,2024-08-13
278c0e51-a452-474e-a917-6a7bb0fc662d,85,294100,CA,2024-08-13
824451d4-c948-4be6-b814-91320e5b2a4d,86,2336880,CA,2024-08-13
43e98fe2-e9e7-4708-a8e6-7bdd30373da7,87,1174180,CA,2024-08-13
18edf846-8c1c-4c03-90f5-b638aa11dfdf,88,2195250,CA,2024-08-13
779fa685-b102-45bd-a5d8-95eb0683f188,89,1286680,CA,2024-08-13
0e7dc300-7b30-4e57-8586-3ce63ee23fe9,90,2461850,CA,2024-08-13
b6fa8ecc-e80b-4f0d-88e5-ffbfeb38a4f5,91,502500,CA,2024-08-13
14a5370e-7dae-4717-a8e7-93d4dfd55a31,92,1966720,CA,2024-08-13
3416cf09-bef8-45ac-8b8f-0b149342dafe,93,2881650,CA,2024-08-13
5816267b-0ed2-4132-8aff-554cd518a8a3,94,244210,CA,2024-08-13
3f5e57dc-3f2b-44a9-8f70-9c5a4425ee8e,95,1158310,CA,2024-08-13
c790fe12-be3b-4d65-b280-9776f5f1ac05,96,199943,CA,2024-08-13
b97381f1-640a-4437-a0ee-17a117655e8e,97,2670630,CA,2024-08-13
45ce837b-1558-444c-bd84-c1561c63bff4,98,2669320,CA,2024-08-13
5c9c18e6-2df6-4c6a-83a5-9bffb9697670,99,270880,CA,2024-08-13
5a1e6da8-1279-47ef-a703-0f21d0a954fc,100,33357,CA,2024-08-13
e3332d57-ce2d-455c-a5d2-4affb75b2971,1,730,DK,2024-08-13
1449ff1a-cd4c-4308-8479-2f74715e51fd,2,238960,DK,2024-08-13
9445f10c-1971-47ea-91a8-3eaa9b360bd3,3,1675200,DK,2024-08-13
c82eb312-46c4-4fa3-a588-bbc4fc9a00df,4,2669320,DK,2024-08-13
d35b798b-1d4e-4f07-b89b-d9a1d42634fc,5,32110,DK,2024-08-13
6a8c23cd-a230-4fc2-96d2-64eaa651e95b,6,1091500,DK,2024-08-13
f9a8f523-dd7e-47e0-8924-180a48962f9d,7,1313140,DK,2024-08-13
5ef2fbe2-dc04-4ad6-a262-796096e70b95,8,236390,DK,2024-08-13
e9ffacc3-991d-4a4c-8ebc-73f33939dc7d,9,578080,DK,2024-08-13
20b4648e-317c-45f2-b946-17173ced50ed,10,2183900,DK,2024-08-13
b641b7a1-6adf-4d24-ab45-f1571e14a80f,11,2074920,DK,2024-08-13
e514f5ea-eaeb-4f36-9987-d603650c159b,12,39210,DK,2024-08-13
fab37c69-2bf2-406b-a7b2-6c0715d11d12,13,1086940,DK,2024-08-13
33649ef7-c058-4e44-bce1-34388c700369,14,570,DK,2024-08-13
0d9e7c83-3a6e-40ff-a0c8-12c500282a5a,15,1245620,DK,2024-08-13
e6041426-d158-42f1-8e87-01e711092621,16,32470,DK,2024-08-13
141cbaac-2523-44f7-943a-e5fa8b7f6d1a,17,983380,DK,2024-08-13
81a62ced-6445-4cdf-a3d6-1e4813076023,18,252490,DK,2024-08-13
53c931a8-916a-4ab7-98de-5390770401fd,19,33369,DK,2024-08-13
9284b3d8-87b7-4413-9727-0f791e0e4597,20,1593500,DK,2024-08-13
2dc6dd79-0df5-4585-b34c-d0db08d4065c,21,553850,DK,2024-08-13
3423d186-c8c4-48c3-a4c6-c877bc2dd292,22,271590,DK,2024-08-13
044439d1-7c93-4e97-855b-0c25e8d5c612,23,1222670,DK,2024-08-13
37e04e4c-7f34-4f90-a611-ae1d9f74205d,24,230410,DK,2024-08-13
6887582d-6499-4b65-9fb1-ca2252bb91eb,25,1172470,DK,2024-08-13
d54a9ec6-7c7c-4a71-9a5a-3f6e1a7474fc,26,359550,DK,2024-08-13
dbcb86c0-adb0-422b-8aee-631939ba2b79,27,1232580,DK,2024-08-13
5b2d3d22-ec7b-4c96-9a43-fee7e52b5dd2,28,2933620,DK,2024-08-13
9b01d8ce-1af9-4660-9ff4-c764fbe00904,29,1286830,DK,2024-08-13
cc739a6e-234d-4ed2-afa9-1a3512751856,30,2567870,DK,2024-08-13
193be906-44b7-4114-8737-60d81ca18179,31,5700,DK,2024-08-13
e611c8fd-47e9-49fd-9efe-ed40e5c27793,32,1172620,DK,2024-08-13
7fba83b2-a73b-420d-9b1c-c7719faca220,33,440,DK,2024-08-13
95d40b63-df48-49c9-8732-27e9fa7d100f,34,397540,DK,2024-08-13
f756ecd6-9cf4-45a6-93c4-fa5e4665dd34,35,393080,DK,2024-08-13
634ee200-544e-4fe8-9fc7-aa06045c4986,36,227300,DK,2024-08-13
eda10ad5-c779-4bff-b122-f7b700aa5963,37,33357,DK,2024-08-13
b98023e4-9562-4fb1-bc1a-a930ebd95804,38,212160,DK,2024-08-13
b8b4311d-9ec3-405c-a5b2-c0e91e098396,39,692569,DK,2024-08-13
7702e205-a0b9-4db3-8dca-8caf989b8190,40,2638370,DK,2024-08-13
ccb9fa87-8f9e-407d-a4dd-1631e89fdb78,41,377160,DK,2024-08-13
7a9f368e-6b6f-439c-b13a-efd311de6c07,42,2890190,DK,2024-08-13
558f57a8-ae82-427b-8228-644545b0d50e,43,381210,DK,2024-08-13
18e3d281-a624-4164-869c-93eb49f8f802,44,2778580,DK,2024-08-13
473b524e-67c4-4157-8961-d2df78185e32,45,2138330,DK,2024-08-13
ed11616a-a616-47ed-920e-2c52036f34b2,46,2840770,DK,2024-08-13
c7dcab77-daf6-499b-843c-46c2707ef0f7,47,1599340,DK,2024-08-13
657d3d05-bdac-48a7-8f6f-bbcf852684d4,48,39525,DK,2024-08-13
55c54620-ceb2-43af-bdcc-69c8b5bbb3c2,49,2142790,DK,2024-08-13
ebe26709-60f3-4b3c-a8da-498e004a43f3,50,2300320,DK,2024-08-13
73911eda-0004-463a-b5bc-fc75e7ebc0bd,51,306130,DK,2024-08-13
b78bf752-2403-4fff-aae7-1c48fa0a6982,52,2195250,DK,2024-08-13
e15b4e92-00f4-4e89-a1a5-42608b7171a8,53,2139460,DK,2024-08-13
d2eab299-4cc3-4dd6-89c7-56f125ef14c0,54,2215430,DK,2024-08-13
5ec074e5-1d3f-4066-ba66-c908d6923cd1,55,2461850,DK,2024-08-13
c8506918-a7bc-4fcf-87c4-1cef8f8e1792,56,199943,DK,2024-08-13
39fe668b-c9e8-4b5c-9b71-947de1f4703b,57,1151340,DK,2024-08-13
2160be9e-2287-43d7-8d0a-b9a26b234e82,58,2358720,DK,2024-08-13
21113e6b-387a-4c72-8ba9-e7ef6a613a2a,59,2252570,DK,2024-08-13
bc991ff0-5fe8-48c9-b456-e763e05f7489,60,311210,DK,2024-08-13
d30ec4d9-9143-4cc1-a41f-be0ac90f70b3,61,1059550,DK,2024-08-13
35a9f6b9-9c54-4720-9fc9-c4e848a8f6c9,62,489830,DK,2024-08-13
4093eeff-eb2d-40ef-b296-6e523eabd549,63,2161700,DK,2024-08-13
624996ed-6a2f-455d-b369-9b78330b2b41,64,1622910,DK,2024-08-13
d7d2aa68-2460-4c42-8f48-bf14ca4699dd,65,739630,DK,2024-08-13
4f565e58-f1b3-4db4-b53a-51dc4d3fb46b,66,1551360,DK,2024-08-13
fb400658-8d3a-4b7a-ab8e-3c827160dad6,67,2670630,DK,2024-08-13
48c455e5-8267-40e4-b47c-00afae67962d,68,42824,DK,2024-08-13
e0301046-54fa-4c63-b4bf-b2693006d758,69,1687950,DK,2024-08-13
05ead770-d849-4eff-896a-1ce913fdcbfe,70,284160,DK,2024-08-13
29e67858-fd86-4f7b-9204-c537749d70e5,71,413150,DK,2024-08-13
b6afc678-f871-4581-baa3-a0a4df92ff9e,72,236850,DK,2024-08-13
17981273-2cf5-4d12-8e97-0f6347e21742,73,1149460,DK,2024-08-13
18f2afb9-683d-43e2-b0ef-cc6763276679,74,1248130,DK,2024-08-13
2eabcb38-f019-45d2-8ec4-d6359ebb57a7,75,43543,DK,2024-08-13
f1ee311e-3fc4-46d6-a1f1-34d57f6a561a,76,1203620,DK,2024-08-13
14297f0f-f5c7-4bac-a2de-a3fc4f930683,77,24346,DK,2024-08-13
a6a5d5bf-a79c-427c-923b-30f793ec70aa,78,1643310,DK,2024-08-13
f396c284-6fb5-489b-87bf-689989ca5a0e,79,1237970,DK,2024-08-13
0ee60ad7-e735-40b5-991c-4d2e83693cb4,80,1158310,DK,2024-08-13
d84f9b93-3077-4b16-940b-d97994b25c86,81,244210,DK,2024-08-13
3e853c53-6fe2-440b-abba-a43170e43d55,82,2344520,DK,2024-08-13
ed88f73a-7193-4cd2-97a2-1a219bad90aa,83,1934680,DK,2024-08-13
6d04b190-28ce-43f8-aebc-ae478926896e,84,1517290,DK,2024-08-13
4fb42c59-8bbc-4d14-ac51-ddb37b288fd1,85,2400510,DK,2024-08-13
e01852bf-458d-4252-9f2d-b89029dec339,86,546560,DK,2024-08-13
f5c99193-ed6f-4166-937b-50f899e905e5,87,1938090,DK,2024-08-13
9cc27062-1be5-45ee-920c-70bac01168f6,88,2366980,DK,2024-08-13
6e68d2c9-72c9-4f4f-8a45-8b16b9e1fa18,89,1368130,DK,2024-08-13
1aac8d67-d6fb-4d44-b214-e11d9a7d8529,90,782330,DK,2024-08-13
7a6a0a5e-1318-4f2b-805d-51fabd7b9977,91,28628,DK,2024-08-13
acce81e2-81a4-4362-95d6-858593824a95,92,35843,DK,2024-08-13
5e576a88-0f39-4cbf-b508-9e7425a022db,93,1250410,DK,2024-08-13
42e59e7d-620a-4c95-851d-e5032408ad9b,94,814380,DK,2024-08-13
d417ce3f-ff26-411e-b1af-321b722cc19d,95,394360,DK,2024-08-13
03e80e35-a305-45ba-b070-4e990f61e2c5,96,1326470,DK,2024-08-13
0d0eea24-53e9-438d-a941-556c91130f7a,97,686810,DK,2024-08-13
c20cf69b-6dfd-4fc8-adcc-f33efa84a7d2,98,1716740,DK,2024-08-13
cfa04c49-1ea1-4748-8d77-98b4839ea37c,99,1643320,DK,2024-08-13
bce4878a-b9b7-415c-9490-a06d7baf05f3,100,648800,DK,2024-08-13
4d98b146-0327-4e41-b8c3-f665edf34685,1,730,PL,2024-08-13
0156aa03-bcc6-4cad-b841-302656b44720,2,1675200,PL,2024-08-13
499f2034-1b63-406a-a863-1c8059b21a67,3,1091500,PL,2024-08-13
f0066920-5a28-4a88-a18a-003c045637b3,4,1326470,PL,2024-08-13
dd9cdf5e-77a4-427c-bddf-f990d9072812,5,1593500,PL,2024-08-13
d58d4f3b-9b6a-4b2d-b0a2-3ef40f8bc1d1,6,1313140,PL,2024-08-13
0bc97c60-db1c-4dee-97d6-170dbce30e6f,7,32470,PL,2024-08-13
eab8747f-908d-41de-a756-6fe79b7e94ca,8,2638370,PL,2024-08-13
a67eb5da-596b-4e87-be86-526b81bc59e7,9,2669320,PL,2024-08-13
a96cd662-c949-43b1-97bd-bde9bd70b405,10,570,PL,2024-08-13
2f08f2ef-71dd-4ff8-ba89-0095631b4725,11,236390,PL,2024-08-13
73653754-99e3-4070-beb1-567de7e71042,12,33369,PL,2024-08-13
7b5ae0af-10c9-411c-bbc3-13a9896b6de5,13,739630,PL,2024-08-13
e0b618eb-de46-4455-8866-146d897983c6,14,238960,PL,2024-08-13
95e4b25f-d395-4966-b012-0695fd5fbfbb,15,397540,PL,2024-08-13
240186b3-f50d-4a5d-973a-0c5424f8c7ae,16,381210,PL,2024-08-13
e5e2375d-608c-40bf-b2e6-41aa7b7b6016,17,2183900,PL,2024-08-13
e9563c9e-77f8-496a-aac5-c003999c061c,18,1222670,PL,2024-08-13
835615a0-a183-4907-9140-ef55b006c968,19,227300,PL,2024-08-13
11abe8a0-3f9b-4d32-b189-91af71920a6f,20,124923,PL,2024-08-13
099483d4-a4f2-4689-92f2-85c60ee3f749,21,271590,PL,2024-08-13
aabfdcf0-ce76-4fb0-913e-ae16ce6b48f5,22,2138330,PL,2024-08-13
c92fe52e-bc01-4b56-8448-03eff62530a7,23,5700,PL,2024-08-13
c25b9919-2288-4b59-914b-135f4f3c4a17,24,292030,PL,2024-08-13
b683004e-28d8-470d-ab02-92ef92b9b492,25,578080,PL,2024-08-13
75956c3b-84fd-4658-87a7-c87e649a5370,26,1086940,PL,2024-08-13
f43ffd0f-9bd4-4cba-9f93-069e840135d1,27,2422210,PL,2024-08-13
55f4cc6a-7e77-4289-b7f1-a1a7308e8510,28,380600,PL,2024-08-13
fb30ff28-0f9c-4ef6-a533-ffd4eb1091bd,29,1245620,PL,2024-08-13
2be4f209-64be-402b-8403-3e7e4784ff93,30,489830,PL,2024-08-13
d725a894-6b1e-4516-856f-613e41ce7ddc,31,1846380,PL,2024-08-13
67129262-83ea-4e3c-8008-9bb0ee63cef9,32,444200,PL,2024-08-13
2c406a10-4ea9-40db-abc2-275928e7c170,33,2567870,PL,2024-08-13
c129b853-c67e-47c3-a694-5fd1734ffacd,34,553850,PL,2024-08-13
b4d0f4f2-5f18-4bb5-8564-19ace48630b8,35,2890190,PL,2024-08-13
f23cbf0f-44ba-4c47-9e5b-c4a275be0acf,36,32110,PL,2024-08-13
cd40e3b6-0e23-4c0a-b798-94132343e052,37,377160,PL,2024-08-13
ac374b86-b3c9-4e00-851c-1c2d70889014,38,2840770,PL,2024-08-13
58e02c58-21ec-467c-9585-c61e5e566920,39,15435,PL,2024-08-13
3398d427-7a27-4d75-8eb6-0302890223e6,40,306130,PL,2024-08-13
f20892b4-9840-43a4-ae44-3d1bb8d16eb3,41,782330,PL,2024-08-13
32d8f963-7a34-4d38-aac4-a4bd20901186,42,284160,PL,2024-08-13
c8fd3942-f904-4a8c-9548-1c03951d9cbc,43,2161700,PL,2024-08-13
0fd7499a-515a-46d4-8d76-0fa84376a9e5,44,354231,PL,2024-08-13
99cf182e-e5bd-4838-bcfa-82cbc3c8aa5e,45,230410,PL,2024-08-13
1627d134-f7a3-4004-b797-fec180bd9594,46,2074920,PL,2024-08-13
449827fb-f3f0-4622-b979-2f82f2c6bfaa,47,199943,PL,2024-08-13
278108e7-a536-4d49-bb60-58d31762aefa,48,1059530,PL,2024-08-13
452921db-5c9a-4d4a-b4f1-859a6b99d44c,49,1222680,PL,2024-08-13
d2ac2434-aba5-4001-876c-dcf02e095cfe,50,22085,PL,2024-08-13
573595cd-4412-4fed-9585-3afb8f1b4255,51,2215430,PL,2024-08-13
9235813b-4363-469b-ad45-4d269f1e35db,52,2358720,PL,2024-08-13
01a0e2b2-8195-40a9-b31e-ee026b2b1c76,53,1248130,PL,2024-08-13
9b3ff1a8-2cb4-4ff4-a567-169156c1d8f4,54,252490,PL,2024-08-13
314be9e1-e73c-4d8b-83b8-aab6463a2ba5,55,440,PL,2024-08-13
c8cb6c87-1ac9-4883-aae3-b6175cc4024e,56,49520,PL,2024-08-13
436eaec6-5aac-4e7c-8a27-918481c4bd6b,57,1599340,PL,2024-08-13
98a51a76-3906-4470-ad20-641868a81913,58,393080,PL,2024-08-13
e13998c6-6243-4f01-8916-d0718f4c8460,59,1237970,PL,2024-08-13
90a57f8d-2ce4-40c3-beb8-f5f6296aa574,60,359550,PL,2024-08-13
4529d61a-2a5f-4891-8a54-7cf701c958f5,61,2195250,PL,2024-08-13
4a888696-6699-48c1-b789-020f5d8a324c,62,1687950,PL,2024-08-13
adf9390c-9b24-4c5b-b722-aac26d254267,63,294100,PL,2024-08-13
77dcdd05-56f5-4e37-a1ee-c37d96a5570e,64,1818450,PL,2024-08-13
cfaa2ea5-97a8-4081-ad6f-d182f83c9b31,65,3782,PL,2024-08-13
284936fa-1473-462b-8aa9-f6e770cdf81f,66,1172620,PL,2024-08-13
e73eae80-0646-4dc0-bd09-2e8885f7c5f0,67,1222700,PL,2024-08-13
5af5ae23-814c-4d60-b5b0-9048c5c190de,68,413150,PL,2024-08-13
225d1965-266b-43b6-b901-367b09ae0a6d,69,2778580,PL,2024-08-13
b5d6a6f6-0414-4299-a394-711b14e594c4,70,905370,PL,2024-08-13
fc638ca9-f7d9-4c39-957f-8e554fc4bdca,71,1151340,PL,2024-08-13
574caa64-081d-49ea-9e52-b4100742b3a2,72,2000950,PL,2024-08-13
43ad5d35-fb8b-4f3f-9549-37e038ea6d38,73,35840,PL,2024-08-13
c188bc61-c381-404e-9f88-5883c61c8210,74,1551360,PL,2024-08-13
9decfcb6-0401-4d1a-96d1-73e912918e0f,75,236850,PL,2024-08-13
f0d8ff4c-daab-489f-8312-67cb5e829e25,76,548430,PL,2024-08-13
1037ccdd-21d4-490c-949c-a7da9de5297f,77,1289670,PL,2024-08-13
bc91042f-24cd-496b-a556-e053769cb2e9,78,12695,PL,2024-08-13
cec1e6ec-006b-4447-ae15-f1c53b4a2e31,79,1172470,PL,2024-08-13
9599bf7d-1dce-4504-b32c-e3d8b3f939c0,80,242760,PL,2024-08-13
a23ff5d2-5706-4166-bee2-a8e9d27819e3,81,343780,PL,2024-08-13
6183077c-e323-4015-baa6-a1ec1298c1f8,82,2139460,PL,2024-08-13
b981ba92-8272-4137-817c-bd948fd65987,83,2933620,PL,2024-08-13
e64f6e7c-ac28-40d9-9014-7c121fe4fb11,84,244210,PL,2024-08-13
ca2f9b71-b8a0-497e-a14c-a370c5c60e92,85,39210,PL,2024-08-13
17747ef1-eb02-45c2-a094-c6086e7a26ed,86,1517290,PL,2024-08-13
ce5435ec-a580-4612-a186-0a0b9f2774d9,87,546560,PL,2024-08-13
9b03be87-04f5-4a88-b150-8959bf31d41b,88,394360,PL,2024-08-13
a6472128-4d85-427e-8220-00239edfdda4,89,2300320,PL,2024-08-13
abfe3c63-a504-4295-9ad9-bb9523f7b6ab,90,1238810,PL,2024-08-13
c80e46eb-c33e-4c6d-98e5-597eaaf1484e,91,2344520,PL,2024-08-13
3cd2c3f3-005c-4207-a972-efa58952b614,92,30424,PL,2024-08-13
12034780-68cc-47f7-ba34-599c70bccee9,93,2142790,PL,2024-08-13
a2cec2d4-4a68-445f-b96e-86763315ba6d,94,2322010,PL,2024-08-13
4ceb78fc-b5f4-4fbb-aa14-3cbb91379180,95,1144200,PL,2024-08-13
005480f7-2046-4d8f-9829-31814398a87e,96,2016590,PL,2024-08-13
a12dd1a0-7c5d-40e9-a7e3-c826b2e4dce4,97,1962660,PL,2024-08-13
321144a0-b8a3-4f70-b798-d639b1347a11,98,250900,PL,2024-08-13
9761a84a-e330-4703-afe4-31639c9a222b,99,1085660,PL,2024-08-13
2f634c08-927d-4e8b-a5f4-63a84d305ae9,100,1407200,PL,2024-08-13
e8e35054-5a47-4611-8745-10082dab31a5,1,2358720,global,2024-08-13
705e5dab-8b67-44e7-91f7-6140d82e3d92,2,730,global,2024-08-13
36f18f40-2e5a-45c2-a762-38b415155e59,3,578080,global,2024-08-13
ee32fd00-2fe9-44f6-a120-81bd2dd7b686,4,1675200,global,2024-08-13
2a53f610-0ddc-442f-a76f-2ac45e44d70b,5,1091500,global,2024-08-13
5eb2e8e1-ae67-4ad2-b141-3adc039a6789,6,1313140,global,2024-08-13
4cbd6708-4e1a-48ad-86c8-9e78e8713f50,7,570,global,2024-08-13
e4598946-461b-4a1a-ac75-e563446db26b,8,393080,global,2024-08-13
72f7951c-6c18-4946-9ab1-68aa74b1f552,9,2074920,global,2024-08-13
e8cb30e9-0f3c-4050-b93f-e57abedf2c55,10,2183900,global,2024-08-13
be1ba51e-9eb4-4599-9861-6f708a46c6b4,11,2161700,global,2024-08-13
88dc70d9-cfe4-4fe2-85eb-8bc5e0b29b0b,12,1245620,global,2024-08-13
86774d39-5776-4c46-a4c3-855eaa6930ec,13,1687950,global,2024-08-13
62a120f1-1dde-4abe-85f8-30b314074c7b,14,2933620,global,2024-08-13
a1c2220d-63b3-4161-8bc2-0ad46f7290b5,15,32470,global,2024-08-13
822f072d-4a22-4133-bf94-6e84895edf84,16,397540,global,2024-08-13
21816bb3-447f-4197-980c-841a227defb3,17,230410,global,2024-08-13
9e6a9c17-36b1-4609-80b9-cbe2838bfb65,18,1203220,global,2024-08-13
39e0a381-3e01-4a25-afbf-e492bcb236c5,19,1086940,global,2024-08-13
453bbc5a-8ae7-4287-85be-2ffac6c1330f,20,236390,global,2024-08-13
52670f19-b13e-4afb-a44e-e18c9d13038c,21,33369,global,2024-08-13
39b23525-d0d8-4921-8bbd-afae0e3bc5e2,22,2582560,global,2024-08-13
1860714e-4454-4c2f-82ca-3a6875fd008c,23,2139460,global,2024-08-13
6f9bf51b-bc7c-4df7-af2e-d0e147a9c075,24,32110,global,2024-08-13
0fb2872f-eb7a-4ba6-a235-e8aa996e4edf,25,306130,global,2024-08-13
affcc551-fc50-43ba-ad6f-8bb91ed150b4,26,2138330,global,2024-08-13
b52460ce-bc0c-4c6a-bd2d-942511326ee0,27,271590,global,2024-08-13
e7e5c064-b6e9-485c-84a4-f1a54681824b,28,311210,global,2024-08-13
19fd8029-fcfa-4a68-aea2-409efcd27d99,29,553850,global,2024-08-13
051b30a7-5ed8-432a-8a81-1d906f93bb6e,30,1593500,global,2024-08-13
e84122a5-60e4-4a42-86cf-d66a54d3ad3e,31,381210,global,2024-08-13
ade4a57b-c70e-4e12-a6ad-f6cb1369b22b,32,1172470,global,2024-08-13
fd1ef42a-172a-48b3-8c04-b0fa7eb4143b,33,2142790,global,2024-08-13
a2d1558e-0695-4f47-83a9-f189f1de9474,34,1222670,global,2024-08-13
f47c62b3-c3f9-436e-b8ef-1b9948df0c45,35,582010,global,2024-08-13
64f1a277-dafc-4df8-b588-c377bb6aec20,36,1085660,global,2024-08-13
72cbc9bd-b372-4b4d-bca3-d323777bc9aa,37,2890190,global,2024-08-13
3dc51c52-cd80-4d1f-8e9c-f9587dbe1e66,38,1449850,global,2024-08-13
e36b1acf-c152-419a-b08c-ee9a1645b583,39,413150,global,2024-08-13
7efa1379-d0b8-470e-9883-1e8fe52498a3,40,2638370,global,2024-08-13
b9647f0a-0969-4e5c-a64f-77ffd7330402,41,2778580,global,2024-08-13
429c7384-17b7-48cb-8816-7004c5bf5b37,42,5700,global,2024-08-13
916dfb5f-d380-4663-8553-d68da828a571,43,440,global,2024-08-13
3c5b604f-1a75-49e3-b835-c8ed5011e3b1,44,359550,global,2024-08-13
09648191-7c1a-4ccc-80c9-98b999416d50,45,2344520,global,2024-08-13
b087ee52-4c0c-4122-bbac-263d6a4baa81,46,2669320,global,2024-08-13
3db25ee5-2839-486a-8fef-4620d3455425,47,2567870,global,2024-08-13
030c0210-febe-463c-8c23-63f7f43e93a5,48,1237970,global,2024-08-13
28f1c04c-0610-4f5c-9131-99bdd1300b6e,49,1151340,global,2024-08-13
9a67b583-08d4-44be-adf7-aed082eb7738,50,489830,global,2024-08-13
7cfaa4fb-0988-4e8d-b369-362112510655,51,252490,global,2024-08-13
5939a8c6-13dc-49e0-b513-62d1b6b8412f,52,427410,global,2024-08-13
4ee8895d-3508-4194-a42e-3ac4f4cc0b90,53,377160,global,2024-08-13
feee8b94-0429-48f9-9a0f-fb61fd73b322,54,1962663,global,2024-08-13
fbdd8811-eba2-4560-aafe-f4f0db86df26,55,739630,global,2024-08-13
c71a8475-2b7a-452a-a817-f5a29478ebed,56,49520,global,2024-08-13
2f5825f1-2c4d-4efd-9d73-70917453141c,57,1446780,global,2024-08-13
a790f7fb-938a-4f83-a49a-ed87ecefd213,58,292030,global,2024-08-13
e1226236-d163-49de-a9be-f9cd842cc472,59,1118010,global,2024-08-13
e9549843-a4aa-437b-b195-44ffd3fc5865,60,431960,global,2024-08-13
cc94701e-6d50-4c58-944c-5afe0420a5dd,61,782330,global,2024-08-13
8088af9a-5ada-4c09-8b25-a4e2b04c585e,62,202970,global,2024-08-13
0e8578cf-1d88-4f18-8b29-be525c218c57,63,124923,global,2024-08-13
4649d03e-5ab5-459c-a6f5-a27fd3902735,64,2840770,global,2024-08-13
a3304f73-1f4c-462b-bdf0-bb7ceb9b9b90,65,2215430,global,2024-08-13
dfb61236-df39-434f-9bd2-d80301e5730f,66,2400510,global,2024-08-13
d6d57a9a-5720-437c-9e45-c4f3e0dbb3ac,67,13013,global,2024-08-13
5c86c7e7-becd-4bbc-b466-298096b225da,68,2461850,global,2024-08-13
a057971e-be34-40bb-90e6-06c730f0abbe,69,1622910,global,2024-08-13
f3b1fbe1-60ee-4f00-8807-ec348db25f81,70,1938090,global,2024-08-13
143775de-d69c-40b8-bac1-7971fd892e18,71,1144200,global,2024-08-13
0a74536f-fac3-4c0b-932b-6dfe88b1af31,72,1517290,global,2024-08-13
e39a4b9c-24a4-46ac-a504-3203ecd92800,73,814380,global,2024-08-13
83161764-edfe-466c-aab2-50258a282a29,74,548430,global,2024-08-13
324c7964-10ca-4ccb-8691-5f0a71116fc4,75,858210,global,2024-08-13
569fe6b4-c1b5-411a-8c88-bc29f7313cf4,76,1985810,global,2024-08-13
99c4618b-7a18-4c4b-a565-01bed01dbdc2,77,1113000,global,2024-08-13
aa350b6a-21e7-4332-ba5f-f00a247e074a,78,692569,global,2024-08-13
0c7b792e-6796-4b7b-a8f6-5f4686e7b338,79,1172620,global,2024-08-13
3fcd5edf-8e3b-4da3-abe5-c074179673d0,80,1286680,global,2024-08-13
7a94bb63-9443-435e-b1b5-fc02b679965b,81,1238810,global,2024-08-13
1c18a220-0cfb-4dbe-a0d8-18f4aeb6d00f,82,2195250,global,2024-08-13
37537518-251f-4e88-b936-318f044d9fe5,83,251570,global,2024-08-13
909b9550-6d7a-412b-b68e-812a21e950d4,84,1326470,global,2024-08-13
88d00b64-22e3-491a-bff2-1c9db4e47a94,85,552990,global,2024-08-13
48c57481-b3a0-43fd-98ec-2b903a18fd60,86,2357570,global,2024-08-13
03678452-13c0-4e4b-b812-5fe29dd1c3e2,87,1174180,global,2024-08-13
508ae80f-6463-4db2-9184-d52cd51cbe4a,88,2881650,global,2024-08-13
0dfd5e8b-76e1-4132-a7c4-1b800aae0445,89,582660,global,2024-08-13
3239c161-e522-4449-8675-eacb99b40555,90,2016590,global,2024-08-13
5e0a0529-840a-4b35-9d78-161922bdf975,91,30424,global,2024-08-13
10a62fbe-77a6-4a97-a936-b69522d2a613,92,2366980,global,2024-08-13
f29bd120-fe70-4e03-9594-5d5ca1800733,93,2519060,global,2024-08-13
d5447633-e391-4557-88fe-267e94ac5af6,94,1649080,global,2024-08-13
42c78895-d4e3-4bae-8f41-cde1a87b0911,95,1551360,global,2024-08-13
4059f7c3-0854-41df-96ff-5ee161996b65,96,1623730,global,2024-08-13
aea6389d-8933-4225-a9a6-0a7d19b63549,97,294100,global,2024-08-13
b4ef44ee-720e-4895-aeb5-64a6bbbae46a,98,244210,global,2024-08-13
ff29f788-cf9d-493c-a824-d719a28ca72d,99,1966720,global,2024-08-13
2998831f-94f0-42ec-883d-ba8cdaa5ea3c,100,546560,global,2024-08-13
38915de3-a2ae-4dd0-9e73-d906dfd2d120,1,730,AT,2024-08-13
5dde4286-8954-4b56-b2e1-e687f24ca541,2,1675200,AT,2024-08-13
370b76bd-474c-481e-9d2d-ff4fedf85165,3,2933620,AT,2024-08-13
f2aecc90-d358-4417-8835-61afe6e9d125,4,2074920,AT,2024-08-13
d2cc8220-f57a-4c21-9568-399ffcedddc9,5,1091500,AT,2024-08-13
bee1a4bb-5f68-435b-b59a-666e6b554f26,6,393080,AT,2024-08-13
7d956675-009a-41e6-bec0-d8f6d91ab6dc,7,1857090,AT,2024-08-13
81af687c-e2d6-42c7-8580-338358adee74,8,32470,AT,2024-08-13
5efabb8d-3cab-453f-bda8-5808de57c6f8,9,236390,AT,2024-08-13
dab537a9-bc8a-4a51-ac69-714a11dda68f,10,306130,AT,2024-08-13
965cc727-a736-4c5a-b57a-040ea4da89d9,11,271590,AT,2024-08-13
215ff0a1-18d0-467f-95cd-dc83f3e79325,12,1313140,AT,2024-08-13
08c92701-3ce9-463d-9ecb-e7d4266a6ab2,13,230410,AT,2024-08-13
a9b94b41-9593-4793-820d-d92a30cf49c1,14,2183900,AT,2024-08-13
f45d8d33-b6de-4a84-9681-d7ddc4bdda2c,15,1245620,AT,2024-08-13
270464d1-30d7-408f-9bc5-e1fab172f70f,16,381210,AT,2024-08-13
d7c0eb85-3dc7-4fa1-b3d7-e10178167c51,17,238960,AT,2024-08-13
ee57e69e-4377-4420-a195-3448a95eee42,18,2840770,AT,2024-08-13
6afecc9f-9a73-44a2-9eb9-ba58b51a0968,19,1593500,AT,2024-08-13
75b7ed12-7556-4470-bbef-95ca530670a9,20,1222670,AT,2024-08-13
cabf8969-8b5a-4584-8eab-2d64ebd39d84,21,2139460,AT,2024-08-13
5df4f8a0-25f4-4dc8-9db3-96aebad5e0e2,22,578080,AT,2024-08-13
003020a0-6750-4561-8087-0f72cf8ac297,23,33369,AT,2024-08-13
4af5652b-b042-4384-bfd8-c9552290b3c7,24,2461850,AT,2024-08-13
241e9361-b685-4294-9918-64f5968093b2,25,39210,AT,2024-08-13
e4758f07-a5f3-437a-85ec-b0a15e9a1c7f,26,397540,AT,2024-08-13
c9f18f6f-6c94-46e8-82cc-cc5afd86a034,27,1086940,AT,2024-08-13
304de19d-9b98-4140-bcfa-5b282d860d06,28,32110,AT,2024-08-13
67d86d04-e0bf-4759-9e7a-2590e4131fbb,29,2358720,AT,2024-08-13
61be3572-e734-4700-968d-717e2f14d08e,30,2567870,AT,2024-08-13
b2bf6c80-6e85-4de8-abf1-be39a82d3277,31,1687950,AT,2024-08-13
532f1e54-c1b7-4907-a5db-6c8f02a13b05,32,2808930,AT,2024-08-13
56077468-e387-466b-82b7-06d84ae57f61,33,359550,AT,2024-08-13
cffdb30f-403e-4742-acf3-95fde925810b,34,553850,AT,2024-08-13
7060ce23-fe54-4b3c-a863-12fe64e679bd,35,582660,AT,2024-08-13
3f331208-6179-472a-b7cd-aa0ee5489905,36,2344520,AT,2024-08-13
1f7977a2-e6cb-402e-8737-344cb4bbbf6b,37,570,AT,2024-08-13
80faea57-2cfa-4714-b915-2f6501a3c31e,38,2161700,AT,2024-08-13
da68d8ca-2f38-4114-993d-1a1567011d72,39,2669320,AT,2024-08-13
5f219585-8ea5-4edc-8af0-4540c1e35b9f,40,5700,AT,2024-08-13
87b818a7-dc6b-42ad-8b9b-3505781d20c7,41,2138330,AT,2024-08-13
a63c8600-7480-4fd9-b363-c459aa39d00f,42,227300,AT,2024-08-13
5780b0db-89fa-4b5a-b8da-2462c11f604f,43,199943,AT,2024-08-13
fb3e7e38-b815-4784-bcaa-0fe5f21309ed,44,2142790,AT,2024-08-13
e63469ce-2fea-4768-b32a-9223552fa2fb,45,2300320,AT,2024-08-13
0c7badc0-64fc-42b3-a156-2b149f234c7b,46,2778580,AT,2024-08-13
ce2a5a60-2af4-4980-9726-c276d58e030c,47,1085660,AT,2024-08-13
1ea81c46-86fc-4303-8b98-65184a361e47,48,1818450,AT,2024-08-13
d412654f-32e4-477b-a46f-4eb97bb566b0,49,311210,AT,2024-08-13
f57dc7ae-5f30-4293-a375-fc4e4ddb586e,50,1172470,AT,2024-08-13
f042cd1e-6780-4d4c-ba07-baa7fd3e3ec9,51,2195250,AT,2024-08-13
f1111979-0e9d-40a4-ad79-f95cdc3209c3,52,41031,AT,2024-08-13
ae3a93dd-3c09-44cb-ae74-36478438046d,53,2638370,AT,2024-08-13
527c9de6-fec9-47c6-84c6-edce90424644,54,43597,AT,2024-08-13
ddcca934-7c92-4609-8c11-716c546dc58d,55,377160,AT,2024-08-13
c2856d0a-f542-4f1d-b743-70aeec466873,56,1449850,AT,2024-08-13
b414e3f7-c96c-41cb-afbe-81ee0b59b31c,57,38867,AT,2024-08-13
7e4c6329-aa7d-490e-9d9e-02820335280a,58,212500,AT,2024-08-13
aaac2042-d6b0-432b-bf19-85299b20284d,59,43779,AT,2024-08-13
a1f15312-b4b7-4543-a2fc-605844efdb58,60,1017180,AT,2024-08-13
bdc90ced-013d-440c-832f-baa2328283ac,61,2890190,AT,2024-08-13
00762a4f-6a6a-408a-91a3-de2cc69fad98,62,692569,AT,2024-08-13
dd2b2b56-d5da-4bab-a9e6-333460825253,63,1599340,AT,2024-08-13
d9201846-7468-4fd2-b811-a3534618f9a3,64,1203620,AT,2024-08-13
e4ed3ddb-a060-4f73-a6e2-83822412f2ba,65,494840,AT,2024-08-13
48fad1ed-96cb-44c3-819c-cfb869bd689b,66,1551360,AT,2024-08-13
17b17fc1-4dda-43b3-a2d1-c860f87db809,67,212160,AT,2024-08-13
f3705561-6278-4d55-8410-b64fab232cea,68,739630,AT,2024-08-13
658c2781-3ba8-4d5b-a043-78249be21761,69,1172620,AT,2024-08-13
f2c53d5e-d6c1-45f4-b685-5ec356d8ee43,70,40001,AT,2024-08-13
9a057403-6d3f-4355-b552-1b5a2acd8b59,71,1149460,AT,2024-08-13
ed35b00f-2f24-4126-8aab-d98b6bd3a14f,72,1237970,AT,2024-08-13
484c41d7-7b0d-46ef-8cfa-5085c18e5756,73,1250410,AT,2024-08-13
1dd76c6d-f508-4654-b124-d4442075ba56,74,1248130,AT,2024-08-13
c62e2dd2-d2a1-4235-9052-935018d8e707,75,782330,AT,2024-08-13
f5b369da-0ed8-4bd5-9750-c9c63c67b438,76,444200,AT,2024-08-13
0fe9677d-a922-423f-9812-2a8d2f4dc32a,77,1985810,AT,2024-08-13
9278ff12-1dbf-4548-8a06-2d117970a991,78,252490,AT,2024-08-13
9fd6edb6-6cf4-482f-9e14-64f2eafbb34c,79,394360,AT,2024-08-13
f093bffc-872b-4561-8f14-99498d2041a8,80,1326470,AT,2024-08-13
9d22613b-7a13-4df5-b82b-10358391d10e,81,489830,AT,2024-08-13
745db5c5-ddb7-4f46-bf6e-505641aa5dc3,82,26642,AT,2024-08-13
956d9369-db1c-42ed-b6dc-aa34c43d1e47,83,1151340,AT,2024-08-13
0ba5db99-121d-4d0e-ac57-87c1934b64a7,84,2519060,AT,2024-08-13
6ddd8e60-92c4-4aa5-9903-9e0b203f3ae1,85,1962663,AT,2024-08-13
642770b2-453c-4b15-83dc-73046ad61ba0,86,18351,AT,2024-08-13
f73891b8-9f0e-4d0c-b194-a2b95d030fc2,87,2357570,AT,2024-08-13
99917e82-9cd3-46ba-8a7d-0d3435163d6c,88,1938090,AT,2024-08-13
58667551-d43c-4e36-8ab3-776aad9d9703,89,648800,AT,2024-08-13
d8d581e8-b110-46ec-aea6-711131d25ff5,90,1284210,AT,2024-08-13
02b2392e-305f-474d-922a-31a87aaab5ff,91,1144200,AT,2024-08-13
f735c1a5-0975-4631-b415-6d120138fb18,92,284160,AT,2024-08-13
c261d450-ed4e-4f7c-8e9d-2a75ce7ef2f3,93,2141910,AT,2024-08-13
2274d78a-9666-4134-ae69-fd875db5a7c5,94,1476970,AT,2024-08-13
f6f9482a-abcb-499b-a501-b6f6032a7666,95,552990,AT,2024-08-13
bdbf599e-0be4-415a-b5a0-5dba692b6d63,96,526870,AT,2024-08-13
af2fda2c-bd72-4ac3-838a-feb3e9b0ad87,97,15435,AT,2024-08-13
80ac1bd7-3f6c-4617-96a0-f259659257fb,98,2449710,AT,2024-08-13
772f75ce-03c0-4618-9982-17c27f4619a5,99,2215430,AT,2024-08-13
d7f7588b-2ee4-4fec-83e5-554e5f3a831f,100,294100,AT,2024-08-13
ef021d6c-8ce0-42ec-a4f8-853321072e55,1,730,AU,2024-08-13
aba81847-54c5-4118-ad0b-3d8168851f67,2,2183900,AU,2024-08-13
a2bab5fb-cbe8-4ce5-8c55-55e25a1b8f8b,3,1313140,AU,2024-08-13
fda64581-5b68-448f-93a8-490b4c533903,4,1091500,AU,2024-08-13
2990f0b4-0572-44d3-bb8c-59025b916e0a,5,32470,AU,2024-08-13
16ea7251-e42d-4408-9c8c-048e42f25a6b,6,393080,AU,2024-08-13
6ac3cb26-e0df-4677-94b6-eb050d37d196,7,2933620,AU,2024-08-13
cb94a048-19fa-4a18-8a93-20d65fc2a387,8,2074920,AU,2024-08-13
572ef87b-64ca-4b60-a83f-b8803de7413a,9,32110,AU,2024-08-13
ae7c1927-4f17-4600-89b3-1677a4224f0e,10,397540,AU,2024-08-13
91fa026b-d243-4746-b4e8-12163b9b4898,11,33369,AU,2024-08-13
61cbef63-32cd-4dc1-a9c6-6077fb5cbf83,12,2358720,AU,2024-08-13
839a4c86-2b60-431e-a60d-81209f6ec671,13,1245620,AU,2024-08-13
451bfd05-077b-4cfc-802a-b90bac2569f0,14,2161700,AU,2024-08-13
7676b8ea-e5db-49e6-94c5-85a6b312bc43,15,2357570,AU,2024-08-13
f406c06d-5789-4382-a478-56b6d8a513e6,16,230410,AU,2024-08-13
dacd213d-cadd-41ac-9798-7ac3b31765cd,17,578080,AU,2024-08-13
c5d2aec2-9b9a-417a-9b63-b02325be2906,18,1687950,AU,2024-08-13
cac5e311-eb1c-4b27-9734-83bc0e5a108b,19,2139460,AU,2024-08-13
7f43880a-e966-4bd8-b865-50aad3706e84,20,238960,AU,2024-08-13
0cd442fe-2128-4dbf-a130-7d3577605b35,21,236390,AU,2024-08-13
24806d81-2bff-4b12-b7a3-652b9e7f6f88,22,306130,AU,2024-08-13
cfdd9566-ad92-472a-8b25-061079105464,23,553850,AU,2024-08-13
fdd2ac1a-340d-45fb-85f3-a78b0c0f9704,24,570,AU,2024-08-13
f34b89ec-4b55-460e-a1b2-2a99dfc6f0a0,25,311210,AU,2024-08-13
4b8e12b8-d091-4d40-b9ea-82e4bb281f31,26,39210,AU,2024-08-13
5401fe65-6e57-4063-ac9c-02231c3d6ccc,27,1086940,AU,2024-08-13
10b02a1b-a336-4779-97d9-e745173f39f9,28,1985810,AU,2024-08-13
9916766b-d0be-4e56-a732-909b759e3b1f,29,2138330,AU,2024-08-13
8de1eb2c-c884-405a-b410-4a6ef821855e,30,1593500,AU,2024-08-13
99c80095-ac14-499d-b36a-897fcab484f5,31,359550,AU,2024-08-13
30757e27-71a0-47bf-9919-0d68c285d113,32,2638370,AU,2024-08-13
d0be6da5-1e1b-4a7a-98da-b959888f13cb,33,2778580,AU,2024-08-13
c91853b9-36a8-4a87-8256-594146728008,34,2890190,AU,2024-08-13
067da196-217d-4f9a-af78-ff035cba6d2b,35,2142790,AU,2024-08-13
7f231d00-f4da-4213-84bf-eb15863acfb2,36,1222670,AU,2024-08-13
0dccb8be-420f-4375-aeb9-9d885640013e,37,1085660,AU,2024-08-13
a2fefd5c-6220-46ec-a35c-c689072753e8,38,427410,AU,2024-08-13
d75ceec6-5280-4e52-b870-0ee96c12984e,39,381210,AU,2024-08-13
3d20e5f1-2562-4bec-9d2b-f7d90130413b,40,440,AU,2024-08-13
5d963698-ef13-4a4d-8a8f-b1a3c9ecab75,41,30424,AU,2024-08-13
51ce0a8d-3df7-488f-bccd-00b8cb74d15c,42,252490,AU,2024-08-13
417e29fb-56a1-4ad9-acc1-9e9f0fced2c3,43,489830,AU,2024-08-13
6f40acf5-30b1-4363-a341-ec29eceeb2ea,44,2840770,AU,2024-08-13
e607e47c-e92f-4848-b47b-e3de681edd73,45,1938090,AU,2024-08-13
2690dd0e-8bd5-4996-bf1e-d9459af6d9a3,46,49520,AU,2024-08-13
a23760b5-497e-47cc-9609-713638524eca,47,1985820,AU,2024-08-13
a7070274-0cbd-44e6-a227-38462e2f36d6,48,1449850,AU,2024-08-13
a8d0efda-7b7f-4997-ad63-7ffae92127f5,49,1151340,AU,2024-08-13
ffd4bfd0-3114-4349-9dbe-17ab319bcccb,50,271590,AU,2024-08-13
822e00e6-32c1-4ce6-83b9-b9bf528f767b,51,124923,AU,2024-08-13
9f9fba94-005d-409a-9e68-9ffaabe89073,52,1622910,AU,2024-08-13
d3e256da-33bd-4cd6-a624-b0add5b9b81d,53,5700,AU,2024-08-13
7d867704-c851-48c7-bba7-a034207dbc9d,54,2669320,AU,2024-08-13
1beb36ab-3340-4c42-950b-1785c4308a5f,55,377160,AU,2024-08-13
779ede35-eaea-4590-9cbe-1995a5645bd3,56,2519060,AU,2024-08-13
180a282d-518d-4346-a94b-b749ff549463,57,202970,AU,2024-08-13
80661305-0936-403c-9586-f6395fa34e2d,58,38150,AU,2024-08-13
5b9dd65c-173c-4fbc-86e8-6c8f16bc6948,59,2400510,AU,2024-08-13
07c5eb44-36d7-47d0-a302-ce8028933b75,60,1172470,AU,2024-08-13
c9d5d7bc-64c5-4327-bbd4-6753dea28156,61,782330,AU,2024-08-13
9da58c50-a7ad-4c95-9ad2-d38bf232da6f,62,1203220,AU,2024-08-13
80768fc8-0193-4801-a7cb-8bb677ae04cc,63,1286680,AU,2024-08-13
8630f35c-339d-4cf7-8c7d-48da643bc2c4,64,1144200,AU,2024-08-13
ef826e96-62cc-40bd-b251-6181ee8fbd62,65,2215430,AU,2024-08-13
ce0ba8a7-0b00-42af-8cc8-ce3ff07fd51c,66,1237970,AU,2024-08-13
84fc9363-05ff-42dd-b07a-d1857ebe345b,67,2195250,AU,2024-08-13
b34327c7-b0d8-4acb-9455-eadc67f525df,68,199943,AU,2024-08-13
c1ce9098-94b9-41cc-815f-9c7717898fa4,69,2366980,AU,2024-08-13
361970e3-4be3-483e-9366-7d1bc80cf5d4,70,2567870,AU,2024-08-13
05cd8737-fcfc-4ac7-b748-78deacc56327,71,582010,AU,2024-08-13
81f43096-c53e-402a-bd3a-d449b5c16a8a,72,294100,AU,2024-08-13
153385e8-aed6-490f-9f1b-a3cc655d66f3,73,413150,AU,2024-08-13
43f73fb7-55af-4a0b-a6bb-726efe5a1669,74,1599340,AU,2024-08-13
338ee672-64a7-478c-98bd-44a75bb65553,75,266410,AU,2024-08-13
b8870a5d-ba2a-464d-a7b8-3d0e71c06edc,76,1962660,AU,2024-08-13
0b35a7b6-5eb2-4274-9cdf-76b45a6fc909,77,2461850,AU,2024-08-13
924fcf1f-7812-4460-8de0-c830265cd4ee,78,739630,AU,2024-08-13
45e3a75d-769a-435e-adf6-bb08b4442e7b,79,2141910,AU,2024-08-13
db43b4b9-8741-490e-a33d-334c455da8e0,80,1962663,AU,2024-08-13
e5651055-608a-4f11-b89d-d32fe00676d7,81,546560,AU,2024-08-13
708a6127-620f-45da-970e-43d507fb5b2b,82,292030,AU,2024-08-13
ad6b0e5a-f796-48ef-848f-2f17054abafb,83,9164,AU,2024-08-13
b2300725-1411-48dc-8cf3-375360a4d195,84,1649080,AU,2024-08-13
5b6819f3-4f97-4fb4-bbc8-cb728dec8979,85,2790720,AU,2024-08-13
72389efc-e53b-495b-a359-ada897a64b4a,86,1716740,AU,2024-08-13
a923c14e-81c4-4421-ad35-b5791a8d1306,87,1446780,AU,2024-08-13
7b272314-ab21-4335-ac67-147cb8b54bb9,88,1562430,AU,2024-08-13
82bcc743-f655-42cd-993d-2781cd54cce1,89,1934680,AU,2024-08-13
373359aa-cec2-4041-8cba-5c6cd2284819,90,1551360,AU,2024-08-13
b6d9d915-9216-427c-baa9-e37eeabc9c5e,91,805550,AU,2024-08-13
e7356af6-63ac-472c-9683-f390dcfcfc05,92,858210,AU,2024-08-13
a570058f-9355-4d2d-969c-4660388aec46,93,261640,AU,2024-08-13
fd5b8f16-a2c1-4664-a282-c67e4fb729f5,94,686810,AU,2024-08-13
d44b55f4-e5fa-42a6-be30-563bc3d932f0,95,1316680,AU,2024-08-13
d1f5e643-0feb-476d-a069-665dd7e59bde,96,1282100,AU,2024-08-13
d5d018ac-f757-40fb-907d-df41f7741818,97,2670630,AU,2024-08-13
84f8763c-1c84-4564-a02e-e629a53cb65a,98,244210,AU,2024-08-13
7c778ff7-26a8-4235-8105-023fc2137841,99,2073850,AU,2024-08-13
8ee23b14-9ac0-4ecb-bb0c-d32cdd22ceba,100,1629520,AU,2024-08-13
b034adf7-759f-46d5-adfa-1186e0669627,1,730,NO,2024-08-13
42c604a8-f2aa-4d42-b6f2-cf6740a5ec22,2,236390,NO,2024-08-13
cc033dd3-41b6-4e24-a5bc-343acaf26e87,3,2183900,NO,2024-08-13
fae3315d-ad22-4528-9bf7-77aef997f73a,4,578080,NO,2024-08-13
ce5bd96f-9068-404e-93aa-b71f1e35cae8,5,32470,NO,2024-08-13
66fb453e-3e99-40b1-8d00-85e51da4f800,6,393080,NO,2024-08-13
ca9e25ed-71b8-46b8-9c92-c30b671b6280,7,39210,NO,2024-08-13
8212368a-acca-4c7b-a20f-37f32370fea6,8,1245620,NO,2024-08-13
3c954980-973e-4410-a6b7-237a2c3803e0,9,238960,NO,2024-08-13
50a3e2c0-4f14-4c0e-a954-be463bf70319,10,2933620,NO,2024-08-13
150c7913-c16d-4f03-b913-bde5e6a5dc11,11,2139460,NO,2024-08-13
08c6b413-4e06-443b-bf7e-aea9f9f16a21,12,1091500,NO,2024-08-13
37e9d81c-323c-4daa-b475-d3488812f52a,13,271590,NO,2024-08-13
ce981f92-cd03-4b04-8df8-835b4c10b8ad,14,1599340,NO,2024-08-13
ebd250af-9811-4d79-8220-fec2e21dff72,15,33369,NO,2024-08-13
d34bc241-0d00-4ec3-9d92-8a9a33af4ff6,16,1172470,NO,2024-08-13
8eb57743-9789-401d-8c87-21119c0968c8,17,2669320,NO,2024-08-13
731e7799-409d-4229-b831-a7b840493d88,18,306130,NO,2024-08-13
029ff36c-b212-4c9e-98a6-9e7e459e4b16,19,2161700,NO,2024-08-13
39c29719-bd20-447c-93e6-04042a780a0d,20,2074920,NO,2024-08-13
4d9ced0c-11e6-444a-9d2d-f3b157892930,21,29543,NO,2024-08-13
d1153d69-ce2a-4da6-becf-fc1f3a198c73,22,2778580,NO,2024-08-13
e3b19630-e996-47e8-96d0-4ce487f57b79,23,230410,NO,2024-08-13
58cfea06-a52f-478e-8223-a6db36d45758,24,570,NO,2024-08-13
30f93fb3-7ae0-4848-a026-49c38f462b80,25,1313140,NO,2024-08-13
6f2a83d1-1747-4e7b-ba77-b0e68340751d,26,1086940,NO,2024-08-13
7982545a-9f0a-490d-b382-41d61fc8daf1,27,1593500,NO,2024-08-13
b0262a66-0abc-4ccf-9624-d834fb7838b9,28,397540,NO,2024-08-13
37790cb1-a5ee-40e9-8af1-7e103e06ee43,29,553850,NO,2024-08-13
1a985502-0bc7-4378-b3f0-383f9bca2038,30,252490,NO,2024-08-13
03e39517-aeb6-4e1a-a906-fa2a847af48b,31,40983,NO,2024-08-13
acb9076a-9420-420c-8a5d-482a3825faed,32,440,NO,2024-08-13
5e785f4e-f31e-4a8c-8b33-3f9ba48591b0,33,359550,NO,2024-08-13
cdd373f0-ad0c-413e-86c5-cc0bf54c0618,34,13014,NO,2024-08-13
d8011b47-6596-4fb0-810a-c1f9c52972da,35,2358720,NO,2024-08-13
57f4037f-6f7b-46f3-9294-39b4da38550c,36,5700,NO,2024-08-13
c343f471-4e3f-41f8-9b4d-cbfe9f725cac,37,1222670,NO,2024-08-13
db7d5020-34a1-4324-bb2c-8306f4747dea,38,1085660,NO,2024-08-13
9b4499e7-ac3a-4528-b695-e21ee671a36b,39,1172620,NO,2024-08-13
d16c19e2-ade6-45e1-b796-c44fc4837bca,40,1687950,NO,2024-08-13
63486c23-29fa-4ca9-b000-2f741056daf1,41,381210,NO,2024-08-13
80974554-1319-4953-8c63-c0f906efc669,42,2142790,NO,2024-08-13
40e47c4a-f8ab-47c6-aa22-58c3cf232dea,43,582660,NO,2024-08-13
4c824d21-5343-4372-96af-0f5f2191feda,44,1250410,NO,2024-08-13
2d7c43de-46a6-49d6-a710-848dc9d034e4,45,227300,NO,2024-08-13
1f20863d-226d-4af6-a1fe-9edfac103390,46,1151340,NO,2024-08-13
80131a54-ebe1-40e9-84f9-1b35a37d595a,47,2840770,NO,2024-08-13
87278496-85da-4ae1-b8a9-4cb37d513f43,48,2138330,NO,2024-08-13
29c0f54d-a402-4ab6-b2c8-67c4ef76cbfe,49,1326470,NO,2024-08-13
228cb7ab-ea31-4577-8a7f-3b21fc90b772,50,2195250,NO,2024-08-13
aa96b49f-5ba7-42e1-91c5-6bdf6697e83d,51,38074,NO,2024-08-13
01733345-0daa-4c80-80b8-e580156eed63,52,311210,NO,2024-08-13
236e73b7-2edf-4363-b62f-0d88ec094990,53,2567870,NO,2024-08-13
f633c801-7313-4139-846b-b0c2bcb48649,54,37844,NO,2024-08-13
d5cfc57b-ef2a-4a2e-a3ac-8c8f22164754,55,1158310,NO,2024-08-13
b1c456e8-0702-4f5b-9f9a-5a4e02ed2a86,56,394360,NO,2024-08-13
fb113b07-4d6d-41c7-87bd-4eb718c1556a,57,552990,NO,2024-08-13
c2652ce6-9a59-4546-bf34-d83fe40d156a,58,427410,NO,2024-08-13
0008116d-a10c-4263-9fa2-76e13917bd40,59,33608,NO,2024-08-13
36db521f-470f-490f-b9d3-0eb48bc8dc56,60,2215430,NO,2024-08-13
16fcfc57-4833-43a9-8c67-d94276c16421,61,1808680,NO,2024-08-13
39799c2b-5a7a-4824-bb2a-a31385fdc8e1,62,28590,NO,2024-08-13
2c4b30a8-1560-4909-83f0-56d03caa0237,63,582010,NO,2024-08-13
5aff3d8b-e703-4cd1-8842-357c90d262cc,64,2638370,NO,2024-08-13
bfee52e9-e8d0-4eab-aa41-a076ee1a95a3,65,782330,NO,2024-08-13
c627b62a-24ae-4354-8189-b528ba7a5432,66,518790,NO,2024-08-13
6f4e9b83-de54-4025-bb67-41e68ea7a344,67,2890190,NO,2024-08-13
e4e06023-8fc0-490a-b1db-6fb0aae72e56,68,1476970,NO,2024-08-13
afd7ffc3-b501-4e50-9354-d5c5b0f661c2,69,739630,NO,2024-08-13
49d16b45-caea-4f79-b652-e17b322d3acd,70,1659040,NO,2024-08-13
32406f42-e018-4702-beda-ff2631bd9696,71,377160,NO,2024-08-13
731ae3fe-f0d9-4edd-b7ae-0b8cded9ab59,72,1289670,NO,2024-08-13
e2e10da2-6d7b-47ca-95c2-0e4ee57e28ef,73,489830,NO,2024-08-13
98aa4083-067a-4fdc-a3f7-84c0370bc881,74,1622910,NO,2024-08-13
a5e24792-7382-404d-a097-edc2a4c1e754,75,1174180,NO,2024-08-13
9d1bc992-11cf-4184-b6ab-bea4d0a4d22e,76,1517290,NO,2024-08-13
f27b7dfd-2460-4e90-8e0d-3e525238cf24,77,2336880,NO,2024-08-13
ab489404-a431-4d2c-a33f-2295f891897b,78,1272080,NO,2024-08-13
c8eded6b-88b1-45ac-a898-5e6e9084f0e0,79,2400510,NO,2024-08-13
440be51c-3d8c-44d9-a667-1620dc9c64d0,80,2357570,NO,2024-08-13
8e2f0f7e-07d3-48ed-9225-eae8eb1153c6,81,2961880,NO,2024-08-13
6e5501e1-155a-4037-a34e-077c78586cf6,82,1282100,NO,2024-08-13
b5bf6bc3-4de7-48e1-a9f5-4b3552e6c432,83,13931,NO,2024-08-13
aae7741d-22a9-43e0-bb50-b33cc8269af4,84,380600,NO,2024-08-13
eb3f4471-f485-4c80-98ee-162240cc0bc9,85,2488620,NO,2024-08-13
a7382495-b5c0-4516-af44-619579b9f3ed,86,960090,NO,2024-08-13
e959a7aa-dfed-4132-9a56-e1867a538820,87,2366980,NO,2024-08-13
27734550-1c12-42e2-a29b-79211ae39f9d,88,805550,NO,2024-08-13
28d2ec86-80f0-459c-8b11-a55eda6cc91a,89,413150,NO,2024-08-13
58d97afc-1e21-457e-bafc-68b83b880054,90,1716740,NO,2024-08-13
a87f9f1c-804f-45a3-936f-7ca372b9572c,91,13013,NO,2024-08-13
0f4e5e4d-8fb6-4316-bee5-13ab7c6389b5,92,686810,NO,2024-08-13
28e97478-6e48-433c-9b48-dd6d8d0753cb,93,648800,NO,2024-08-13
f27056fe-672d-417b-bf7c-17c80fb017de,94,546560,NO,2024-08-13
9dbe0534-2082-4232-b2f7-cbe6af044f70,95,438100,NO,2024-08-13
cb9503dd-6d9a-4d95-a65f-c348d94f7d88,96,1286680,NO,2024-08-13
3a535251-bc9b-4db2-8237-28785818fef5,97,18007,NO,2024-08-13
c582fbe4-cfb4-40d4-9b04-97273886230b,98,703080,NO,2024-08-13
67ed6132-8000-40ff-8dfd-3b252054604e,99,2300320,NO,2024-08-13
4e4a5e8a-cf5e-472e-bb75-73e55fff9e3c,100,1232580,NO,2024-08-13
d6e6b8d7-b841-408a-a9c3-b9a300049e43,1,730,DE,2024-08-13
b2d5c917-a55a-4ac3-a8a2-915eb01c583d,2,1675200,DE,2024-08-13
e7a2b9b0-c6cd-4e71-86b3-75fd6d0961d2,3,2074920,DE,2024-08-13
3e2d4f79-e3b6-4151-a33b-344b304c3a2c,4,236390,DE,2024-08-13
01dd0360-4b10-4994-87c9-31ae56d820d0,5,1857090,DE,2024-08-13
2452e69f-091f-44cb-b5df-a63608a331b9,6,393080,DE,2024-08-13
5c0d9645-0047-41e3-a43b-473d5415a240,7,1313140,DE,2024-08-13
e0d733f4-dbf0-4030-b94d-215c27e9606b,8,578080,DE,2024-08-13
528fa4f5-4d39-4569-82dd-792813ffef61,9,306130,DE,2024-08-13
d323b5a2-78cd-4071-bfb5-130570bccf11,10,32470,DE,2024-08-13
f0607c00-d843-46d8-a6ba-16333a05c0af,11,1091500,DE,2024-08-13
13787106-f271-4621-a5ae-df2e84e9e173,12,2183900,DE,2024-08-13
9b6c815c-c885-4b2b-ba7d-1d4626ea079d,13,1599340,DE,2024-08-13
442cf429-0a2f-4ae2-8683-423ac9e54bd8,14,2933620,DE,2024-08-13
30d9bcb5-132c-467d-942a-1042232c8a7f,15,238960,DE,2024-08-13
732e0ae0-1c4e-400b-b4c9-e46791f77706,16,1222670,DE,2024-08-13
5b4a7ead-b8cb-4c5b-b18c-c03c0dc33b40,17,1086940,DE,2024-08-13
9a405e2e-376d-46ee-aea3-864b647c3a37,18,2139460,DE,2024-08-13
d13243f9-d0ba-4577-83e8-f5ad9476908f,19,2669320,DE,2024-08-13
21f0ff78-f902-4d7d-8589-95f9144f5486,20,33369,DE,2024-08-13
68839a34-8dc6-4cd1-9478-dac194dee8d6,21,1245620,DE,2024-08-13
dc515797-2859-4387-b9cb-ad5102cb8168,22,397540,DE,2024-08-13
b2ff9628-17c5-464c-8ab1-558eb5311b6d,23,1593500,DE,2024-08-13
fb5416d1-2e59-484a-940d-610696898381,24,381210,DE,2024-08-13
bf65d195-3dea-4eef-beba-8c9974737b9a,25,2840770,DE,2024-08-13
546f28ef-7c97-46b8-a49f-da4b67fc6a42,26,39210,DE,2024-08-13
e262108f-3652-4193-a28a-33f8640e2884,27,271590,DE,2024-08-13
a57abb51-55bd-4076-985f-8ba6d0bb09a5,28,2358720,DE,2024-08-13
77f7956c-2b08-4cb6-bd40-ff756812f35a,29,230410,DE,2024-08-13
bc90e6a6-3c03-4f30-bb0c-f0f23cb20ab8,30,2567870,DE,2024-08-13
2ec1d021-0399-4459-8388-4495af0ac9fe,31,553850,DE,2024-08-13
817a9a7c-a95d-45b5-8839-fcdc0baf2fca,32,2142790,DE,2024-08-13
d4da932e-d95f-46d9-9cd6-028029097270,33,1449850,DE,2024-08-13
8769a95a-fb18-40bd-8d5b-144f0b08fcc6,34,32110,DE,2024-08-13
4072c630-0c59-43d3-a301-01d2c958f1c2,35,1017180,DE,2024-08-13
ccc697f2-8a45-41a6-8170-b42b9795fec9,36,5700,DE,2024-08-13
954040ee-4981-424c-a800-319f87164bd0,37,570,DE,2024-08-13
265703b3-3fc3-4cba-a370-2a3520f683c0,38,2890190,DE,2024-08-13
2c05194e-c908-4949-b0af-c8d8c6602491,39,1151340,DE,2024-08-13
6135b3e1-7af3-4795-bacf-cc70472bbb22,40,2461850,DE,2024-08-13
61c3782b-c313-4bc6-a28d-0f7b94d95b23,41,2778580,DE,2024-08-13
175892de-ced9-46a5-95bf-747843a35eb7,42,1059530,DE,2024-08-13
aee7719c-2a41-4827-a1b3-15ae6708223a,43,494840,DE,2024-08-13
664870bb-1989-4b23-a1b9-200c9c16fd62,44,2138330,DE,2024-08-13
626d4a6d-89e9-4545-a7ca-74ae890c0100,45,227300,DE,2024-08-13
b408ee03-3c82-4f7d-accf-53e0837dd12a,46,311210,DE,2024-08-13
34a936df-1937-4d49-94fa-ded04f1105d8,47,2344520,DE,2024-08-13
de400a7d-1500-4cf6-9c0b-6891d77f266f,48,2300320,DE,2024-08-13
44f4516c-ed24-4b66-b2bd-90d68a170a70,49,2161700,DE,2024-08-13
a5009973-6532-4085-a3ed-e529444c55b4,50,1172470,DE,2024-08-13
5eabc1a8-9b8c-4fae-9c9f-956c43f0733a,51,2638370,DE,2024-08-13
41bb7dc7-ced0-4d85-a272-9ebfdc51365b,52,354231,DE,2024-08-13
d2830fa7-db1b-49a6-98a3-ec9a12ff0664,53,15435,DE,2024-08-13
582235c2-825f-47b1-b129-a94c2dafe86c,54,2362300,DE,2024-08-13
a969e65c-26e9-46e0-aea0-5db3f111ec06,55,552990,DE,2024-08-13
aa3eee39-db47-4d12-8fd4-9f8bb3ab5159,56,377160,DE,2024-08-13
4b86e3ae-026a-4631-ace9-6a594de782ab,57,1687950,DE,2024-08-13
df0aef7e-3db9-42f2-9236-a343e06b6d29,58,489830,DE,2024-08-13
91ad775d-17e9-4e19-8565-ebf3f079baa3,59,359550,DE,2024-08-13
57519035-f839-4b0a-903a-2f53acab0ef3,60,1237970,DE,2024-08-13
c12f8595-d30f-4563-b299-6c34dbd03f89,61,1085660,DE,2024-08-13
9ad0c956-dab9-44a8-9cb1-9b35758527a9,62,440,DE,2024-08-13
0112c657-e121-4291-8f1d-f65018549a72,63,38150,DE,2024-08-13
2da80063-f6cc-42d8-978b-1394ba7d4448,64,2195250,DE,2024-08-13
bbae680b-38f2-498f-8fa9-30eb1d65cc4d,65,582660,DE,2024-08-13
d0ca970f-bc64-4dfb-bcf2-0555782d1796,66,1203620,DE,2024-08-13
095b7a54-773f-488f-b346-3bbdb00a5a5d,67,1622910,DE,2024-08-13
7f9e1067-b2c8-4011-8de2-237edf4e285c,68,252490,DE,2024-08-13
a23156b2-d2ca-41d8-bc54-8a781e2295c3,69,1158310,DE,2024-08-13
f584d9a3-30bd-4c97-81b8-adcb5535c7cd,70,1149460,DE,2024-08-13
acd6770f-232a-4c73-b2b6-6e820eeff364,71,1286680,DE,2024-08-13
2a722170-2441-4a16-bec1-e8893985db36,72,1326470,DE,2024-08-13
25490b05-9914-4458-9785-3cf121be5f79,73,782330,DE,2024-08-13
5c354625-fad0-4bfd-ad6f-87b3823e405a,74,1250410,DE,2024-08-13
a623c7f6-e1a2-4a89-a70d-1bd5f052cb15,75,199943,DE,2024-08-13
d6c4cb02-52b5-4703-bee3-f43583c1de26,76,594650,DE,2024-08-13
1f5b2864-7ebd-4fcf-bc34-8bba6c110618,77,2426960,DE,2024-08-13
4ddeef22-93aa-4fec-9b9a-e658eae06362,78,1232580,DE,2024-08-13
c4220580-227d-4e13-b3a5-75a9e5e85843,79,1818450,DE,2024-08-13
ada24e27-afda-4f91-921e-a9adfa0f0389,80,739630,DE,2024-08-13
1632800b-7051-499c-949c-c56fa35848ef,81,1407200,DE,2024-08-13
83397869-1745-4e64-9052-58011c2a7bf7,82,49520,DE,2024-08-13
cea8bf30-a940-41c0-b5c9-3e965e8d7c50,83,1286830,DE,2024-08-13
1d4e945e-9540-4063-9277-b3bc66e04354,84,1962663,DE,2024-08-13
c8201b01-0c00-4b15-a209-1b89a2d2c86d,85,1172620,DE,2024-08-13
5b02ff60-6275-44bb-a602-a49d7ab2bf2c,86,1716740,DE,2024-08-13
54404f48-0a05-4453-8dc8-549a57aa04a3,87,124923,DE,2024-08-13
22aa512b-fe31-40a7-a71d-7635eb9066c2,88,413150,DE,2024-08-13
33111bd3-84f5-4a0b-bb24-dec5ef84d8c3,89,202970,DE,2024-08-13
f7a52f7a-141c-48a4-a2d4-956d70eaa12d,90,2215430,DE,2024-08-13
31f3128a-aebb-42ee-ae0f-de646517eb36,91,2141910,DE,2024-08-13
471609e1-72f6-4ca3-8076-c5b159d8c9ed,92,2670630,DE,2024-08-13
3894ce99-6d55-4019-97ac-322a428b3075,93,546560,DE,2024-08-13
67287a6f-3c5c-4968-894a-64edc7b2a27d,94,1649080,DE,2024-08-13
7ee1da8a-df3a-475c-bf07-673fe0767946,95,1659040,DE,2024-08-13
c30ab086-2e41-46f5-b7af-7f0b82306ef8,96,394360,DE,2024-08-13
e31a0972-31e6-4d89-9179-ad00b8b560c9,97,1551360,DE,2024-08-13
ccb444d6-14b4-4011-9ec3-6f83a17926c5,98,444200,DE,2024-08-13
f87cafb6-b365-493f-848a-75a25ff02b57,99,294100,DE,2024-08-13
3a443ab1-eddc-4235-af24-dad8eea0b731,100,1248130,DE,2024-08-13
a591bd75-8eea-4e70-9d5b-339e164f4a66,1,730,SE,2024-08-13
2d3c9049-0e2c-4ef8-8ba2-529d05f427cc,2,1675200,SE,2024-08-13
1c46ae2b-ab0e-4c38-acc4-5bd1e476c5e1,3,238960,SE,2024-08-13
0472cece-c214-40e9-b195-8b5810ab5281,4,1059530,SE,2024-08-13
319e7a95-64e8-4474-bd27-9a8e6f3fbde8,5,354231,SE,2024-08-13
7a696105-490a-4e4b-96a3-cbe3952647aa,6,393080,SE,2024-08-13
6e002868-0cbb-4abc-aba5-47c8fdecf31c,7,1091500,SE,2024-08-13
efcc5de9-ec78-405f-a395-95a138229482,8,236390,SE,2024-08-13
f640c744-77a0-42f8-ac97-33a977263e5d,9,578080,SE,2024-08-13
c0c2cd1a-6ffa-4aed-a00d-b7eb9d3822e4,10,1245620,SE,2024-08-13
02d2acc8-dcbc-4246-8541-accdb4521224,11,32470,SE,2024-08-13
d7e56344-336f-4ea4-94e4-0fc852c94286,12,570,SE,2024-08-13
b7af5258-dcb7-45fa-9060-5caa689dd383,13,1313140,SE,2024-08-13
4faa53a4-97db-4745-9992-81ef9344f1c9,14,1086940,SE,2024-08-13
38c03100-f567-4b35-b282-07c5dc045242,15,2669320,SE,2024-08-13
695ae64d-665c-4804-85b9-326eceb4c57b,16,39210,SE,2024-08-13
8850e721-be61-4121-8062-ca54e00305d4,17,2183900,SE,2024-08-13
8b05ee9b-8e03-44de-88c0-eb462bec53e8,18,26447,SE,2024-08-13
da159bbf-83e0-4de8-a0f8-ae658929d717,19,271590,SE,2024-08-13
1e291ba7-c4d2-46f5-b33a-deebc9bbb32e,20,37891,SE,2024-08-13
861165f8-697f-4a44-bb66-ff567e755cbc,21,230410,SE,2024-08-13
186b4cfb-faa6-4186-bf22-18c6acbff6c4,22,2074920,SE,2024-08-13
0cfe7c20-74d6-4aed-91f2-4911dcaf86fe,23,553850,SE,2024-08-13
69656232-096a-4ef8-b741-14576032df4a,24,2161700,SE,2024-08-13
8e6d317f-663b-43ce-bd9f-22e5445bc495,25,2778580,SE,2024-08-13
cf68e892-a6c2-467d-8229-73c8dadb6e23,26,1593500,SE,2024-08-13
75622c41-a234-4f93-972f-fe19628f37fa,27,41922,SE,2024-08-13
a6a96204-e281-4fd7-81f9-7af4c9736bdc,28,397540,SE,2024-08-13
695aac53-f638-4fe7-a433-7d99de9aa4ec,29,2358720,SE,2024-08-13
32fc0897-f58f-49aa-9592-1681d6e56cbf,30,2567870,SE,2024-08-13
e1bee2eb-c888-4ac0-947b-84641a45451d,31,381210,SE,2024-08-13
1a1677b9-78ca-4719-a682-bc182a1540e6,32,2933620,SE,2024-08-13
97f8b948-6877-41a4-b9dc-feb60b2fb7c5,33,2139460,SE,2024-08-13
dceaea19-391b-4cfb-af91-e218d4f464f8,34,1222670,SE,2024-08-13
782cd826-4d84-4140-99f0-ed4fe59d6885,35,5700,SE,2024-08-13
b336bf76-ea21-4764-bc6b-87d1e7192509,36,252490,SE,2024-08-13
bd0c55d1-db7d-4a04-a880-91a065d73c3f,37,33369,SE,2024-08-13
1004e080-e1d2-433c-8709-dd9f0119dfdf,38,1599340,SE,2024-08-13
cdf522f2-3dd5-453e-8223-d3a65d84217c,39,1085660,SE,2024-08-13
29a63f1b-9dde-4c48-9b76-da3a2e065e8f,40,2138330,SE,2024-08-13
23cdacbb-27a0-40b1-9da6-98204f0a65dd,41,1172470,SE,2024-08-13
2198d7cf-a0fc-4be8-a0ca-65e3ef82242e,42,306130,SE,2024-08-13
eaebcd5c-9d65-4d72-b7bd-d44b2ed1695d,43,440,SE,2024-08-13
f7bcb359-2d0e-4a61-a227-47d319be4f71,44,359550,SE,2024-08-13
fd917216-b108-4c3f-bd3b-f29c0f7e3ba7,45,489830,SE,2024-08-13
f41ed00c-bde1-495b-980b-d3600623d216,46,377160,SE,2024-08-13
66be1c5d-edaf-4fbf-a360-469b8c4f6cad,47,2142790,SE,2024-08-13
6f8466d4-b1df-4799-bb51-d21a20c3eee1,48,311210,SE,2024-08-13
36a64f4c-7104-4f67-900c-2a2c704fe6f8,49,1172620,SE,2024-08-13
ebde97c4-faf6-4d24-9674-30c4001d57bd,50,1687950,SE,2024-08-13
a2bd7270-25d6-47ce-bcda-710ab2e2c7e6,51,2840770,SE,2024-08-13
e81e23d4-359a-4946-83c5-b529d9602757,52,38150,SE,2024-08-13
63b1a7cf-f8df-42ac-a832-1c74801e0a59,53,427410,SE,2024-08-13
42c4a21c-4840-471e-b70e-fbfd9e58df29,54,1151340,SE,2024-08-13
46f8e357-8295-419d-adac-96081db44ad8,55,739630,SE,2024-08-13
bd1c7811-bb38-4669-a61c-bc7692418fcf,56,236850,SE,2024-08-13
9f45a9b0-1808-49ce-afe8-dc421cb8c184,57,2461850,SE,2024-08-13
ff8c86e0-40fb-42dc-ae80-8c6e6a9bd00d,58,2195250,SE,2024-08-13
bc17b0e0-acb2-4490-96ef-3029d986c55d,59,1622910,SE,2024-08-13
e770e0ce-c3f2-4a51-9a8d-d3d68d89b1b0,60,1286680,SE,2024-08-13
329c730e-e6c1-4897-be95-905f47c0f1da,61,2141910,SE,2024-08-13
9a843b1d-d171-4217-95e1-608e73472bba,62,124923,SE,2024-08-13
76e647ef-6316-4281-b980-f9da09249404,63,2890190,SE,2024-08-13
6937b716-a225-466f-8594-4255b9174ef1,64,1232580,SE,2024-08-13
409b54f3-69d3-40e9-a648-5066b40efcc1,65,782330,SE,2024-08-13
908c76d6-9c32-4f97-9015-7ec061f06bfd,66,2638370,SE,2024-08-13
f10290ac-ec4e-4be6-a245-e2d39f7ad078,67,2488620,SE,2024-08-13
26f9f1b6-3e4d-4083-8f1a-2630b26783ad,68,284160,SE,2024-08-13
f8affccf-72b8-4445-a0b5-b7c29e76b887,69,24029,SE,2024-08-13
c9cb8807-4dd6-4571-8e15-d7c0d56075c8,70,386180,SE,2024-08-13
5c9fd587-a8d8-4167-8274-cabac4716c60,71,32110,SE,2024-08-13
279bdaba-7e80-46c2-a093-329e4a7305bc,72,1326470,SE,2024-08-13
3d7ffc3c-60ed-4aa6-ac0a-6b46e8fd6ee5,73,394360,SE,2024-08-13
d72061fb-c594-4bc5-83a5-9c6e269e9d5c,74,292030,SE,2024-08-13
ed39c801-56a6-49cb-b143-57de9d4235e8,75,1778820,SE,2024-08-13
f1212d50-f191-478f-8679-ded7b2ad1532,76,39394,SE,2024-08-13
725f866a-032d-4884-a6a1-0bc35d57030c,77,2366980,SE,2024-08-13
436e77d2-c368-48d7-b520-92de121a75bb,78,1158310,SE,2024-08-13
dd8cf99b-7425-440d-a382-df356cacdcf1,79,413150,SE,2024-08-13
1e50ad68-3057-4022-a08e-1a1b30c1ff2c,80,1174180,SE,2024-08-13
06d0f15d-1571-47ce-918d-e6cad6cf5fb7,81,2396240,SE,2024-08-13
7a0919e4-b57c-4033-a7bb-523a121a1c48,82,548430,SE,2024-08-13
a3a47d3c-0a0f-4669-ae9b-a4c9f509be2f,83,686810,SE,2024-08-13
eb53ab7c-a207-48e7-8b6d-24068054deb7,84,582660,SE,2024-08-13
edd2177c-6baa-45ed-9a41-3828aba18faa,85,1808680,SE,2024-08-13
2b462130-e58a-4dc3-8023-3991f51f458c,86,294100,SE,2024-08-13
71778073-589f-4701-b7f1-e1dbfda5ee0e,87,227300,SE,2024-08-13
0181964f-c0a2-49b6-a3be-6135e4ac06d5,88,1237970,SE,2024-08-13
571df597-a63d-47a3-80b0-d2f33a84b287,89,1659040,SE,2024-08-13
c42c46b1-4805-42fa-9909-694b8448d333,90,281990,SE,2024-08-13
a2d16f0c-4908-49c5-bf97-9d0c9faf2be2,91,1790600,SE,2024-08-13
20e4abad-83ed-4937-9dce-bc29ed75f84e,92,2336880,SE,2024-08-13
75e29d25-bfaa-4b90-aa8d-0f0921a6a93d,93,380600,SE,2024-08-13
2e56c39f-77bd-4a49-9ad3-5ad733c1a82c,94,2016590,SE,2024-08-13
8db928b2-e45a-4368-a6c7-901ad01455f4,95,43419,SE,2024-08-13
3a462e00-cede-4ad1-bfa4-fc9d43d51705,96,2252570,SE,2024-08-13
5d703a12-45b6-4123-be77-f600b4ab52b9,97,21105,SE,2024-08-13
57ae1fe3-b0af-47e6-abe3-720c5140cdf6,98,2751000,SE,2024-08-13
42a58ba3-ee8d-453e-aa2d-2d2792176a8e,99,858210,SE,2024-08-13
ebdd434b-5063-41e4-9e37-0883d2d96d6a,100,1144200,SE,2024-08-13
96ef046d-d74b-4e73-b4ef-db92075fbe85,1,578080,ES,2024-08-13
09c35218-4830-4c65-b41c-4e71dadc8b0c,2,730,ES,2024-08-13
c556a887-6620-4169-bffd-4da8be757ecb,3,1675200,ES,2024-08-13
f8431357-2cac-4fdd-9ea1-853a6126ae5d,4,393080,ES,2024-08-13
f18c0e9c-2263-4fb0-8881-dd87b4976066,5,1313140,ES,2024-08-13
a341dc93-a492-487f-b008-40ae48d04458,6,311210,ES,2024-08-13
3f744d99-50c7-4668-a480-24adde535f16,7,2669320,ES,2024-08-13
8acfb30b-024e-4faf-a6f1-cc949084b61b,8,33369,ES,2024-08-13
43e0780a-72c4-431a-9192-545d5ad5a41e,9,2933620,ES,2024-08-13
02163bf3-6c61-4253-9af7-cb7738c79167,10,1091500,ES,2024-08-13
31968c14-e3f7-49b4-8350-692dca4742ee,11,2349820,ES,2024-08-13
353b57bc-e493-4bb8-9a3f-452f46955350,12,1593500,ES,2024-08-13
48972d4d-73a3-4066-ab87-cf9bfcf88137,13,397540,ES,2024-08-13
cd3008af-ed5d-4e3d-a098-b6e5245a02ed,14,1245620,ES,2024-08-13
b014facd-9b08-4a1b-8486-f7d8e58d14f0,15,1086940,ES,2024-08-13
86f10cec-83d0-4a6c-9e25-4f49860be468,16,32470,ES,2024-08-13
28f0dafe-655d-413f-82f8-bfec9c787999,17,1687950,ES,2024-08-13
1f4ecc7c-65a5-40d3-8f31-05e389256bd5,18,2358720,ES,2024-08-13
12f484f9-9f46-4083-bf70-214904a088f4,19,1599340,ES,2024-08-13
efaeb8c7-3895-4a33-81de-412d36bd2148,20,252490,ES,2024-08-13
b55f5290-40ac-4c61-8ee0-1a9fa06bd0a2,21,1203220,ES,2024-08-13
c5c40c1b-723b-4edc-8f38-0c2f5ee6c950,22,230410,ES,2024-08-13
03d23aab-d684-43e3-9f40-a8a63234f59d,23,381210,ES,2024-08-13
a48dd05e-6ed2-44ad-a0f9-b79f8b4acd15,24,2183900,ES,2024-08-13
e15ed6f4-753f-4206-b092-d134177804eb,25,2161700,ES,2024-08-13
0448cfcd-bb19-4721-b203-a3df590e469c,26,2638370,ES,2024-08-13
a9c7dbfd-d81f-4049-a7ef-371b7b5ac3ad,27,1237970,ES,2024-08-13
f9b5fe50-d9f7-4d17-9990-9e6df9918b07,28,271590,ES,2024-08-13
02b0f2cb-d1b4-4281-8a91-0b16456e50e1,29,782330,ES,2024-08-13
76098dce-a828-47e6-804e-79a717ddd84e,30,32110,ES,2024-08-13
6e0e9b22-6c22-476b-8275-5e77024d7c54,31,2139460,ES,2024-08-13
b0356c89-eed4-4c4e-9d79-204c4a3839ff,32,2142790,ES,2024-08-13
ff42b08c-6c9a-4461-94ca-739a91eeca60,33,739630,ES,2024-08-13
b6f10389-1b37-4221-affe-f51f6772ad2d,34,2778580,ES,2024-08-13
f9b13288-98e2-4faa-a85d-4633be9e5d8b,35,2074920,ES,2024-08-13
188f57ba-b193-4146-bda9-9104b0b12eca,36,2890190,ES,2024-08-13
8e699908-16f3-4e9a-920c-6676874354c1,37,5700,ES,2024-08-13
75b6f70b-7d2b-42d4-871c-9567cf46b272,38,413150,ES,2024-08-13
80885dd3-97a5-499f-9922-74e575bb1372,39,2751000,ES,2024-08-13
3a67295d-c4de-45c6-83c6-23a3b65778ca,40,2840770,ES,2024-08-13
d35709b3-dd63-4ecf-a3b4-fa47e9c32525,41,2344520,ES,2024-08-13
714b07b5-49b0-4b98-98c8-60ce2f2965da,42,489830,ES,2024-08-13
334d8fa7-e92d-45ff-a9d1-38ad3e9461ad,43,1665460,ES,2024-08-13
5058b719-10a7-4630-beee-05f5bcbb64ad,44,546560,ES,2024-08-13
e3f3d1c7-96fc-4a24-bb7b-d1536002903f,45,2138330,ES,2024-08-13
8405022e-280d-4c4d-a4ed-95f2986c8441,46,553850,ES,2024-08-13
b8581071-bacb-48bf-bd7b-3800cfc649e8,47,35030,ES,2024-08-13
765399cf-0fd1-4c8b-a022-14aa66b050af,48,570,ES,2024-08-13
4ae01bcb-51ab-4c33-9ea9-64c2f34a4984,49,199943,ES,2024-08-13
fa5fd609-51d6-4947-b75d-0e379c111c87,50,377160,ES,2024-08-13
14f17e1b-267e-410a-8a6c-12e1df95cc38,51,306130,ES,2024-08-13
ae5f4526-d636-4db6-b40a-6246bef52753,52,49520,ES,2024-08-13
7ea32ef9-fabc-485f-8720-c4ecf763fb51,53,202970,ES,2024-08-13
20b6ecbd-3a8e-4ee3-90fa-c98acda6b110,54,2141910,ES,2024-08-13
932f3d9e-9d54-4f41-9eb6-db050e7a9237,55,38150,ES,2024-08-13
7a02a1ac-4cd9-4f58-b9a7-97437cb46d73,56,1985810,ES,2024-08-13
783eaeea-7e21-4232-b6a1-47fc890f0ad8,57,227300,ES,2024-08-13
11dab7ea-5e30-455f-bb46-9172bb990b1d,58,2016590,ES,2024-08-13
422ee625-5e59-4cb7-ac23-abeb28e92128,59,124923,ES,2024-08-13
b3756a91-9002-4388-97f7-72a6946ae490,60,238960,ES,2024-08-13
4f0fd556-9b3f-4b3b-86e4-4d1c21fcacc9,61,1151340,ES,2024-08-13
68c4bfb2-946f-420d-9da5-8ea369c5db72,62,1085660,ES,2024-08-13
3c7e2662-42fa-4df6-a62a-9df740d30cbf,63,1286680,ES,2024-08-13
b0304ef3-a001-4c7a-ad01-114ef84ddd14,64,2492430,ES,2024-08-13
96b35a76-5b12-4c1f-b8aa-07062a662145,65,1222670,ES,2024-08-13
8e6972e4-0fda-4185-bb9b-f99a1b109c1f,66,6115,ES,2024-08-13
137406fb-b1d6-48dd-aeb2-b7297c2d545b,67,582010,ES,2024-08-13
5511e779-106b-460e-b35c-35df5f9db792,68,292030,ES,2024-08-13
8a1f58f3-14a4-4a22-9ddd-1758a1dbdf98,69,30424,ES,2024-08-13
924db07c-a5c8-436b-a619-b2cd65275927,70,1113000,ES,2024-08-13
7fe02f89-5bbb-4e86-9507-f1056319c7fe,71,2203070,ES,2024-08-13
c7f4988d-bf69-4c7b-9426-ca568c3b482f,72,2808930,ES,2024-08-13
dd5a0c23-0f1c-4103-9a1f-2c9dd0eff8cf,73,359550,ES,2024-08-13
baee6d84-4f00-494c-bf2b-468ef4cd1df2,74,236390,ES,2024-08-13
eabad447-4783-4be7-adb3-d7b40bc81e7b,75,2567870,ES,2024-08-13
a1a87c19-3aab-44bf-95aa-2e0d09a786f3,76,582660,ES,2024-08-13
57c579a6-0549-4a0b-a828-6e7777411e7a,77,2878980,ES,2024-08-13
57952a7d-3368-4e53-a4a2-eee2a8086ea6,78,1158310,ES,2024-08-13
124cad09-24e4-4d06-8bad-250263802c28,79,436150,ES,2024-08-13
6fb86547-ac56-4f8a-b092-146529088033,80,1966720,ES,2024-08-13
5de53812-f5ac-475b-b7bf-aae453a3ced6,81,1790600,ES,2024-08-13
00f98efc-b6d9-4eac-8697-851a08d6e550,82,2461850,ES,2024-08-13
5b020287-2247-44c0-b57c-7003b7f314eb,83,1846380,ES,2024-08-13
2b0033e6-a4ae-410d-8d7a-0570e8663068,84,274520,ES,2024-08-13
cd9334dd-b0d8-47c9-a7c6-848e64cbb9b4,85,1716740,ES,2024-08-13
51d64cab-ac03-4d11-94b6-c3251d77c1d3,86,2215430,ES,2024-08-13
6534fc14-a71c-4158-8f97-8857186cec78,87,1934680,ES,2024-08-13
d338dfa0-bbc6-4a7c-8094-e6f4e5b4f915,88,39210,ES,2024-08-13
ffe4729e-11e2-47f6-98ef-ec7e822607c0,89,304390,ES,2024-08-13
e9bbe5d6-daf3-4aae-877e-b97d980645dc,90,1649080,ES,2024-08-13
88b6a01b-af6d-4de9-9412-12f333baaa90,91,266410,ES,2024-08-13
ebbe79ba-ab9a-4f82-a540-0c5eb7e70cc8,92,244210,ES,2024-08-13
018b54a4-79fd-4d32-9b61-739a6204ab94,93,1517290,ES,2024-08-13
7045d497-c0c3-462e-97c4-668278e70c47,94,1774580,ES,2024-08-13
b1fb2f9f-d40d-444d-a750-fc4518a82a9d,95,2399830,ES,2024-08-13
7dc20831-8518-4987-b0f5-d6e0033b4bf2,96,1326470,ES,2024-08-13
bf476f7a-8e27-4af1-a032-c6e59445e648,97,1145350,ES,2024-08-13
248ddb32-c423-41e5-aea8-20fcaf352616,98,2195250,ES,2024-08-13
b0563ec8-94e4-4e01-aee7-eaebe7aef210,99,261640,ES,2024-08-13
daeb9026-b40b-4fff-8ef9-17d8edfbbc17,100,15435,ES,2024-08-13
c8a3522f-5577-4ea0-9135-6d72c2d04a07,1,730,FI,2024-08-13
830f80a9-8284-4a03-9cc4-ae14907b9e1c,2,1675200,FI,2024-08-13
55c76d46-1945-4a25-9022-fe1397a265e3,3,393080,FI,2024-08-13
b94d2378-4403-4e91-9e52-279424a46c13,4,578080,FI,2024-08-13
72235e97-840d-474f-ac14-9123ec653fe9,5,238960,FI,2024-08-13
fccf9dd1-ac73-46a9-aa5a-01abec0e861e,6,306130,FI,2024-08-13
b1ca6060-7507-4df1-aa06-14bae1a3e0ef,7,1091500,FI,2024-08-13
1923520c-4806-4fb7-954f-6941cf842988,8,236390,FI,2024-08-13
3324293b-7fa8-4785-8183-a3816453169f,9,230410,FI,2024-08-13
306a6c08-33b8-4df5-ae8c-6a973e1b4bf1,10,2074920,FI,2024-08-13
e5803926-823f-4d88-b57c-941b231577dc,11,1313140,FI,2024-08-13
93deef27-8d18-4022-b661-c0a9a9f747f4,12,1222670,FI,2024-08-13
651007c0-012d-4503-96b0-5ad3584bb68e,13,2933620,FI,2024-08-13
6b37ee71-a0b0-437f-ac10-5318a9fccf0b,14,39210,FI,2024-08-13
ab8a9282-1273-43a7-9a53-b3d0428e0748,15,32470,FI,2024-08-13
3c429338-9f9d-48ab-a5f9-aabe3d29bcfa,16,2161700,FI,2024-08-13
e3c16a3c-d108-4516-91e1-e5054c32b03d,17,1593500,FI,2024-08-13
a84c2a33-ecb5-4f93-8518-2399a33d31e8,18,570,FI,2024-08-13
80318adc-6862-4af4-853c-4a04ad901ec6,19,2183900,FI,2024-08-13
7055ab2a-12c5-4cce-bcac-a04990d96d9e,20,1086940,FI,2024-08-13
1fa48d26-e7c8-454b-9d28-971f448b21eb,21,33369,FI,2024-08-13
48d7a9f8-4472-40d4-a536-a52413e053f3,22,397540,FI,2024-08-13
60d109ee-4b2e-45a5-b5a3-c903fcc73b11,23,271590,FI,2024-08-13
45c60c9f-1639-45db-ba12-8bb83b2211fa,24,1687950,FI,2024-08-13
23db90b1-23c3-450e-a960-1613f53936fc,25,1245620,FI,2024-08-13
18e2c436-1661-406f-81f4-59f275a2152c,26,440,FI,2024-08-13
420dcb3b-8407-4f59-bcbb-adc5972d5c70,27,2669320,FI,2024-08-13
00f44009-38f0-4a83-beb0-b038cdf7d6a8,28,553850,FI,2024-08-13
242b0d44-4d6d-4400-af24-356aabab65d8,29,1808680,FI,2024-08-13
eda7973b-4cec-42cf-ad73-8fdfa431a99f,30,32110,FI,2024-08-13
1c4ab382-13fe-4ec3-8cfd-2380d2d8e1d4,31,359550,FI,2024-08-13
d52feb18-d855-48be-93dc-583ae50d2ef5,32,582660,FI,2024-08-13
61841073-0d0c-4acd-b87b-72ce603cd04c,33,1172470,FI,2024-08-13
afc8ec26-1ad3-4fdd-8142-48cf48c7e787,34,1599340,FI,2024-08-13
a488de0b-6194-460f-9984-8997561966d9,35,377160,FI,2024-08-13
5eeb2304-6aed-4b45-926d-fa68ce9b6f2a,36,2138330,FI,2024-08-13
025b4101-b930-4f42-b4ef-142bea1edcf6,37,5700,FI,2024-08-13
49e46a04-8923-45f8-93ab-585c2fc6b267,38,1232580,FI,2024-08-13
818a7656-1c5b-44f5-8108-0275d5d73059,39,38150,FI,2024-08-13
4164ad6b-028c-4351-bed2-a174c85ad1df,40,546560,FI,2024-08-13
cfcda638-40b0-4d5f-9e6a-670c4661a43e,41,2778580,FI,2024-08-13
8e2c80ac-b156-4087-ab9d-a69b3af5092b,42,2840770,FI,2024-08-13
b72eb87e-f116-4e98-966a-6f98bc49c862,43,311210,FI,2024-08-13
d518c7b0-e220-4fca-9501-20f462d0c130,44,2358720,FI,2024-08-13
45dbc819-9885-4c0a-a85e-9cca53878e41,45,2142790,FI,2024-08-13
2bf2b6a5-0ea3-446a-a582-2e4b810f8b97,46,2139460,FI,2024-08-13
c6e4f3cf-c1dd-4954-8395-c1ccc70e2ab3,47,2890190,FI,2024-08-13
9f9ed8b0-0420-4c53-850c-b97ec7c1c3bf,48,489830,FI,2024-08-13
931b54fc-fe38-4b53-a958-8ea29c6ad432,49,1286680,FI,2024-08-13
d26e4c03-e573-45e9-94de-5d9a609a9d43,50,2567870,FI,2024-08-13
1141eb23-94a8-4d86-8b78-fffaa88ac368,51,37745,FI,2024-08-13
7ebdc857-67fb-4558-98fb-3a5824fa3d07,52,427410,FI,2024-08-13
3b15ca8e-ed6b-4e0a-84d2-5c09669a4c1a,53,1085660,FI,2024-08-13
a48b63a3-4e2f-41c6-a9ba-963aab42db0b,54,516750,FI,2024-08-13
f23ffcd8-5423-43ed-9987-e3c71b721211,55,252490,FI,2024-08-13
6f1f55d1-6af4-49a3-96f6-94ac798df271,56,2461850,FI,2024-08-13
beade9ac-e1ed-4ef6-9dd8-22f0c6dd1c17,57,34209,FI,2024-08-13
6a023b7a-f0cb-4101-be0d-baa17d9f373f,58,3736,FI,2024-08-13
139ec724-29c5-42ed-a7f5-f714d43dcf3b,59,1144200,FI,2024-08-13
934312f3-26cb-4e09-b77a-878fe3efed86,60,2215430,FI,2024-08-13
74849e4c-07dc-445d-be0f-19eed4fb4327,61,1716740,FI,2024-08-13
0a463619-a90b-4f7c-9380-6d81089b7a37,62,1237970,FI,2024-08-13
e1118aac-c18f-474e-bab9-ddfb6e908c7e,63,1151340,FI,2024-08-13
867787e3-caad-4111-a1f2-2895071f5663,64,1332010,FI,2024-08-13
e71d1a4f-15a6-490a-b376-3929182c0bb2,65,381210,FI,2024-08-13
695eccb3-f8f8-4b3c-a9d7-49452f7c0256,66,1849250,FI,2024-08-13
11248319-ede6-4d37-81ef-a09f18decb61,67,739630,FI,2024-08-13
e72da2a8-450b-4400-8b09-06c1edaf3633,68,43373,FI,2024-08-13
3af32e44-7927-4b6f-8bf6-9dd154ac7e81,69,2396240,FI,2024-08-13
f5f81ed7-3062-4a73-80dc-1b0761e1788b,70,1059550,FI,2024-08-13
b2c66cfb-09e9-418e-82aa-a37b673ff0c3,71,782330,FI,2024-08-13
215c45d6-15a1-457a-bf79-e29597eeb82f,72,2638370,FI,2024-08-13
7a40b0d2-c6bd-4dd8-86fb-5175b8518296,73,1622910,FI,2024-08-13
04392c2d-f4ab-4e94-af26-fbb81a74bcb4,74,202970,FI,2024-08-13
8d498c8e-c2e7-466e-9234-53e2be456db7,75,1476970,FI,2024-08-13
a8689bd5-91d0-487e-8184-347b6e30643d,76,244210,FI,2024-08-13
d426d2d3-fb8c-4c27-b307-4490276c901b,77,2016590,FI,2024-08-13
fd476a1f-68db-4888-8fdc-13ae9b1fed65,78,1659040,FI,2024-08-13
486ee3a8-d8e6-4dfc-a112-83ee4eb0a788,79,27500,FI,2024-08-13
afc2d2d1-baeb-4aaf-b3cb-0ecb702f157c,80,49520,FI,2024-08-13
17479a8e-4b02-424e-a72c-ba2a654049c7,81,1629520,FI,2024-08-13
debc7fde-f480-4c66-958b-d1ba746fa588,82,2400510,FI,2024-08-13
e7836ad7-c44b-41eb-b4c2-77f4c5e75ee6,83,686810,FI,2024-08-13
e0e92d46-e727-4c28-ae7d-46530fed6c8e,84,431240,FI,2024-08-13
ad98b6d5-f878-4024-b287-8b7409de34d2,85,1172620,FI,2024-08-13
466ad9f7-da5c-442a-b35b-36b09eb6ac19,86,1343400,FI,2024-08-13
d91f3c6a-fc1b-4cdd-b091-c0518d48460a,87,199943,FI,2024-08-13
fadcfafa-4fa0-4d51-b68e-9cc33619f861,88,413150,FI,2024-08-13
dd02c07e-110b-452a-9ea1-d88953427f10,89,548430,FI,2024-08-13
6acedee5-f099-48ec-861b-fecfed29ee70,90,494840,FI,2024-08-13
87346cac-2673-496d-8d33-9475019ca47b,91,1551360,FI,2024-08-13
b47fa92a-76b9-4d50-93ed-381ae17f3b14,92,32794,FI,2024-08-13
66425fbe-638b-4e26-bd0e-cfc74da1f080,93,2379780,FI,2024-08-13
518b795c-73c5-4ce6-ac08-2e15859f9909,94,1643320,FI,2024-08-13
02403cf1-5e16-4bf4-adb9-d332d5414bad,95,1974050,FI,2024-08-13
5b1b2019-c343-404d-a172-ecb25f93b2c3,96,15234,FI,2024-08-13
7ae46977-33c5-493c-a492-e70173e665c0,97,1284210,FI,2024-08-13
140fdf2d-ce2d-4b97-a9bd-060d45c481a9,98,227300,FI,2024-08-13
0c3ae619-824d-4252-96de-54051a94fb40,99,1966720,FI,2024-08-13
b71cbd25-4a15-40d9-84f4-848eb7883825,100,1238810,FI,2024-08-13
1782e750-7d12-4f1c-ae1d-0b9d0307050b,1,1675200,FR,2024-08-13
e3c20aab-135b-4386-8fa7-13fb5c7ecd91,2,2074920,FR,2024-08-13
f7e628eb-cab7-48d9-93be-f805b9b1ccde,3,2933620,FR,2024-08-13
3373299b-2648-4470-89c9-04707c81f84e,4,1313140,FR,2024-08-13
b8aa312b-2f4b-44cc-927b-0bc2a4cebf0e,5,1091500,FR,2024-08-13
8922a4d0-4415-489c-978e-0b15e595df61,6,1086940,FR,2024-08-13
8066ca2e-0ef9-419c-9a1b-de588243b625,7,730,FR,2024-08-13
6f66d56d-a0e0-4e86-9bca-6c2f0c314482,8,393080,FR,2024-08-13
a6cd5b31-160f-4b67-8a45-02ac32807eb1,9,397540,FR,2024-08-13
de0b98c4-0aa9-41cd-9f55-ccfea87ef934,10,236390,FR,2024-08-13
4cf15591-54bf-4367-943c-7f4f60547cdb,11,33369,FR,2024-08-13
4877c39e-70d4-4469-832e-51cc27d77a51,12,311210,FR,2024-08-13
7eaed3f8-3b8a-41c5-b12e-849bc0ccf22f,13,32470,FR,2024-08-13
f841a10b-21a5-48d8-a0d5-443ccf3b8e25,14,1245620,FR,2024-08-13
4f2e81f3-5446-40ac-a1e3-0596adc38dd6,15,2426960,FR,2024-08-13
66a8e804-8d29-45aa-ba8a-fe176031ad18,16,2183900,FR,2024-08-13
10d66d4e-23dc-4f19-9400-5c773881098f,17,306130,FR,2024-08-13
146f8f96-9244-4940-b594-9b1cbf04b8bf,18,230410,FR,2024-08-13
cdc05558-061d-40b9-9529-b0abae0f5d84,19,1222670,FR,2024-08-13
2358dcc1-51fe-4989-a7f3-57b87dd2145f,20,32110,FR,2024-08-13
c94a289d-33e5-4f17-8909-e1b8e3cb0ded,21,238960,FR,2024-08-13
7eb50900-a8ba-477f-b185-26002721c8e9,22,39210,FR,2024-08-13
98ada560-0eb6-4b55-a5f8-c3eaa76611ae,23,2840770,FR,2024-08-13
61843920-b4ba-452e-a3a8-4cc56d39bd80,24,1593500,FR,2024-08-13
4b8fac3e-d3b4-4bda-a1bf-b2f30332297e,25,2139460,FR,2024-08-13
209c3f1c-caa6-492a-9214-344da0f630fe,26,1599340,FR,2024-08-13
6ea470c4-becb-48e0-b2f7-fe25f8595ace,27,1172470,FR,2024-08-13
82a30f94-361d-4d16-bf25-759ae4f267ad,28,271590,FR,2024-08-13
086fced9-003a-4451-9ee8-4ca4227c5891,29,1172620,FR,2024-08-13
e30890e4-7762-4b9f-925b-3b8d9c6a4649,30,381210,FR,2024-08-13
9f731413-143d-4c57-8814-499dc4ba384e,31,2161700,FR,2024-08-13
7f9a3343-060b-4c63-be46-ea9a4c29a071,32,2138330,FR,2024-08-13
1af91784-49ad-4eec-97ee-76ad9728c99f,33,553850,FR,2024-08-13
4b6fb3fe-cb54-4281-b805-0b5dace67e0a,34,227300,FR,2024-08-13
5cd735e9-5575-453b-95f6-442ecb9fbd96,35,2638370,FR,2024-08-13
9fbae759-cc36-4d76-9b44-a1a8158e37e3,36,5700,FR,2024-08-13
a92e2ef0-fc25-498e-9322-27b71d786824,37,2669320,FR,2024-08-13
3d50e208-a487-49c3-9a92-cf3cd2b7af37,38,2778580,FR,2024-08-13
87946155-619a-4851-a775-1ab7a2df6e40,39,2890190,FR,2024-08-13
13126b09-e3a5-47fb-81cf-555a25bdd842,40,1449850,FR,2024-08-13
154647fa-1d8a-4ba1-b5b3-f22c29e2b38f,41,1085660,FR,2024-08-13
5b91bff1-884e-4db2-9b98-d761b8a040ad,42,1687950,FR,2024-08-13
ca4b6a42-c22c-490b-ac16-fdfe6c1ca3f0,43,49520,FR,2024-08-13
0d16a38d-60d5-4363-b544-59c46cd24473,44,202970,FR,2024-08-13
ec51a28c-bc04-4460-b2db-3c35694f5690,45,2567870,FR,2024-08-13
d7ddd979-435d-489a-9149-66e8788b34a8,46,37787,FR,2024-08-13
82e11743-7fab-442d-bd7d-3f991e5e24a1,47,489830,FR,2024-08-13
4bc30227-e8b9-4a96-9e37-d4d838750ff7,48,1790600,FR,2024-08-13
4d2c64d8-b14a-4b1f-99ae-62e8906ad4b1,49,1331550,FR,2024-08-13
2115d57e-d946-428d-a6c7-85ed2b279748,50,2358720,FR,2024-08-13
7741fe03-bc43-4198-83f4-fe2a69eac029,51,2142790,FR,2024-08-13
8d7b6c4c-6f03-4c0c-9350-b4401cc05637,52,252490,FR,2024-08-13
12a84610-d4da-492c-baf7-f49cd33ab7d9,53,377160,FR,2024-08-13
6ddeea2a-5870-4386-9744-25002120f4fb,54,739630,FR,2024-08-13
27482cee-cba2-40e0-9082-2d57be06aeee,55,2400510,FR,2024-08-13
18d3ae81-ec30-4391-9049-e010d2ae421f,56,2526380,FR,2024-08-13
c1847407-60ca-4f0f-9a94-84b052193355,57,1623730,FR,2024-08-13
330a7f35-c5c8-4540-9b94-6aae8656e858,58,1962663,FR,2024-08-13
c46806d4-bdf4-4d0c-98a6-cf2796c7e766,59,1158310,FR,2024-08-13
51c1644f-83a3-465f-950c-1e22cf541a81,60,1151340,FR,2024-08-13
a1d5ee8c-a8c0-4f65-a2e5-5507f793b700,61,782330,FR,2024-08-13
34e6d294-5473-4def-be3d-5a7421c402c5,62,30424,FR,2024-08-13
53b1a8fd-44fe-439d-b921-3b17d7e2c690,63,2461850,FR,2024-08-13
707b0ee9-5b2c-4aa6-b78f-267f0bc5f6f7,64,2808930,FR,2024-08-13
2e3413f9-e8cc-4399-95e1-87231c768545,65,2488620,FR,2024-08-13
d008d557-1376-45e2-bd20-78f6a521d3f1,66,413150,FR,2024-08-13
3e507283-cd3d-4281-8d30-68650f6d6a7e,67,582660,FR,2024-08-13
34e23819-5ae2-4164-b36e-301ed08a9536,68,2344520,FR,2024-08-13
b8b616dd-1362-4ade-b405-956c38828338,69,1985810,FR,2024-08-13
b6058a9c-b780-4b5a-baff-c03969bbe37b,70,2751000,FR,2024-08-13
e2afddb6-4d53-4bef-9d85-be0c46376c8b,71,578080,FR,2024-08-13
858fadd0-c106-49e9-8d05-2d6193945600,72,2224640,FR,2024-08-13
f305f157-802a-4677-a042-c0d3c89a5c3e,73,124923,FR,2024-08-13
87fb93f4-3e49-45fa-87c3-d5897f13df03,74,292030,FR,2024-08-13
52caf4a5-84e6-4301-b4a2-3c088a14a826,75,1286680,FR,2024-08-13
e8b46e12-8905-4aba-ac00-9a21f8cb4f2d,76,1237970,FR,2024-08-13
7d8b4355-4883-4795-8f83-3f41a5776f5e,77,648800,FR,2024-08-13
408cfcb2-6d83-4420-97e0-be75534686bd,78,1938090,FR,2024-08-13
f2b2aae7-b796-4a35-b8d8-801860ecb896,79,1934680,FR,2024-08-13
50ac0720-1714-4fdc-9c7d-e5e6e977f545,80,1203620,FR,2024-08-13
925a2f2d-2315-4b4d-a073-3f43b003bfa2,81,1145350,FR,2024-08-13
000fc462-e52f-45ea-b444-da0cb3a7734b,82,1966720,FR,2024-08-13
01b4120a-30ae-4c3e-95d4-c650efb1a558,83,1326470,FR,2024-08-13
9c0315a2-48bd-4e82-a9be-6d371f520d35,84,359550,FR,2024-08-13
162bce6b-aaa2-46bd-aac0-720913073bb3,85,1551360,FR,2024-08-13
86e6dd8d-d013-44c2-a22c-5e2a1602d29f,86,2215430,FR,2024-08-13
8fffe152-fca4-430e-ad35-5f92ba1f717b,87,570,FR,2024-08-13
58c1a53c-fdc0-4418-807a-c53acd8186f2,88,1716740,FR,2024-08-13
73dcafe2-c3c8-4b9f-92c2-689fb8f9cc5b,89,548430,FR,2024-08-13
0815ff72-b867-4ba6-b616-d7bf1bcfdede,90,2195250,FR,2024-08-13
460af95a-2f83-4b34-9897-af736db28c98,91,38150,FR,2024-08-13
f111cf86-0fa0-42ed-9890-af1cfa02478b,92,1771980,FR,2024-08-13
024fbd3a-a3d8-4d4b-a381-588032b08f86,93,199943,FR,2024-08-13
cd4e1349-3f4f-419c-a849-6a46c8f41be5,94,2670630,FR,2024-08-13
c04e573d-57fd-4267-bc63-b6578a0ae9eb,95,15435,FR,2024-08-13
add27da2-8470-4532-a757-e50d967d93ca,96,2379780,FR,2024-08-13
d78f20d5-5817-4c59-808b-6e21674b4707,97,1659040,FR,2024-08-13
0b451ba9-e5f5-42e0-bacc-d401da1173d1,98,261640,FR,2024-08-13
3081145d-ec12-4dc8-a65a-e2b59e6bcf8f,99,1649080,FR,2024-08-13
1430a5e8-b1d5-416f-afbf-183c261a84a1,100,380600,FR,2024-08-13
7f4b209d-d5a7-49f8-bc2e-0ab4e71cde1d,1,578080,KR,2024-08-13
3d094841-d913-4558-a629-ef5e0f352f36,2,32470,KR,2024-08-13
b54c0670-5c54-4e96-8cb2-42c66d463bdf,3,2074920,KR,2024-08-13
93bd4515-911a-431b-b555-ef081d2e9b78,4,1049590,KR,2024-08-13
2a7bd8c0-b4be-46e8-9e9d-aacfbf8e6071,5,1091500,KR,2024-08-13
5539b1ef-3526-4f6b-ba0f-d55424be531c,6,2139460,KR,2024-08-13
8ffa57cc-7884-4cfd-8a89-acc70025df72,7,1859910,KR,2024-08-13
454fea4f-16dc-492f-b8f0-5e950eddc206,8,1449850,KR,2024-08-13
d72f115f-9be7-4fbf-b26e-26478991c26e,9,2161700,KR,2024-08-13
6abf9f69-c08a-46a9-ab33-d87fcbcd9b71,10,2344520,KR,2024-08-13
4614e71e-8307-4310-a47d-4dc73afa1414,11,271590,KR,2024-08-13
55d95b82-01d2-4ee7-86cd-3079a9baf328,12,2138330,KR,2024-08-13
5921cf1a-4754-48e4-9e13-54de8e1723aa,13,5700,KR,2024-08-13
05921cf0-bb56-4852-b051-811c5899e866,14,1687950,KR,2024-08-13
59a33c8b-1eee-46cf-a428-98aa4bea25d5,15,1593500,KR,2024-08-13
44cbdc55-3ae3-4ab9-98a9-b0aab30c1412,16,2933620,KR,2024-08-13
562400e2-37e0-4e73-9ec2-f7ab5e882a89,17,2567870,KR,2024-08-13
14798775-6e57-4056-af2f-26a0aadfc4e4,18,2183900,KR,2024-08-13
6e0391b2-8a08-465d-b4dd-a45e4492985b,19,1245620,KR,2024-08-13
4e675053-a829-405e-a97a-5a39c5e7ec1b,20,692569,KR,2024-08-13
fc5669b7-4e92-440c-b797-bf4d8ce497f9,21,730,KR,2024-08-13
ee186528-58e1-4f00-9d78-96ce9f73a86b,22,1313140,KR,2024-08-13
db1c4504-f889-461a-9df2-7200c3bd1725,23,985810,KR,2024-08-13
1bbbe91a-514e-479f-8094-2c5906a20555,24,2358720,KR,2024-08-13
6999cc41-9877-4f1e-a600-9db2c8220478,25,32110,KR,2024-08-13
3ceb01ec-0a1f-4da6-8966-fae48b2b634c,26,413150,KR,2024-08-13
6298e8ed-a91b-4b2d-bf26-31b0c4ae1431,27,1085660,KR,2024-08-13
b848025d-6979-46f3-8c71-3ae4d9cbf7b5,28,582010,KR,2024-08-13
c33ddf85-0a11-432c-98a9-deadfbf07621,29,2526380,KR,2024-08-13
7699ad11-6c27-4ba7-8d0d-5c139a55adbc,30,108600,KR,2024-08-13
3f1a8bf1-fb87-4cac-95ad-5e8b64fe2642,31,1629520,KR,2024-08-13
86ccf368-8c1d-4898-9a48-90ae4a2ee361,32,230410,KR,2024-08-13
e46aba08-eea3-43bc-8f64-2337e175eb07,33,814380,KR,2024-08-13
993c7afe-b086-43f9-96cc-99a692256282,34,1222670,KR,2024-08-13
366219d2-3f03-4739-9a88-db0255fb8805,35,2289650,KR,2024-08-13
80c93ce9-ac9f-4440-93d8-21e34b7ee40a,36,1973530,KR,2024-08-13
ed82db17-d688-4d27-a07d-19221d52ab77,37,1086940,KR,2024-08-13
2b86727c-92f3-4a51-8d2e-65b626658cec,38,1623730,KR,2024-08-13
febfb3bc-e2d0-4762-ba64-9daaaf482275,39,1446780,KR,2024-08-13
d81949cc-99f3-40e5-9736-708e180c1f8f,40,1089090,KR,2024-08-13
4ed56ad3-a4bd-4f6d-9c9c-8d96cb950410,41,13014,KR,2024-08-13
28423313-82e6-41f9-96f4-ae8d7840f063,42,2778580,KR,2024-08-13
7fcefc57-38c8-4f3b-9ca1-800ca7baabf8,43,236390,KR,2024-08-13
01423d1d-22ca-4816-8cb5-7e60c8a4bb00,44,1665460,KR,2024-08-13
698356ec-90dd-437a-93bc-2c8d9d6c9ef3,45,1172470,KR,2024-08-13
1b862be5-c127-40c1-80b5-dd6efb8b24b3,46,2349820,KR,2024-08-13
8851fc02-715d-46c9-8b34-a13ab86ca99a,47,1966720,KR,2024-08-13
53b1f999-a462-4309-946b-b835e7d42c4c,48,13013,KR,2024-08-13
fe264e51-b380-4b5b-b74c-ada276f0198c,49,381210,KR,2024-08-13
6753fe1c-81e3-4b49-adc6-b90e5c978477,50,124923,KR,2024-08-13
a900b0fa-6505-4a6c-b853-940c947bf985,51,960170,KR,2024-08-13
f5d775af-7679-4ee6-b059-9bf805b7f83f,52,1118010,KR,2024-08-13
7991cf06-b786-46df-b01b-4dcbd19f65ff,53,2668080,KR,2024-08-13
4cbb5180-078a-4101-8c6c-0a71f64961c7,54,6998,KR,2024-08-13
7ca5de1c-c8f4-43ce-ab99-3ce6ca03f042,55,2669320,KR,2024-08-13
53428f1e-64f9-4faf-9693-4a73d5b191c9,56,35030,KR,2024-08-13
1974eb3d-e26d-47ec-b53f-51a8b65a234e,57,2963870,KR,2024-08-13
aa3fde8f-6de1-44bf-a557-b9fdff17de14,58,2336880,KR,2024-08-13
c50fb1fc-4061-4018-af95-8e53c243f85a,59,2252570,KR,2024-08-13
b8a39fcd-2391-45d5-85c0-6f81ae386e18,60,359550,KR,2024-08-13
2547387e-6db5-458b-9da7-c1922cf80b64,61,1985960,KR,2024-08-13
3a85ce69-9610-4463-9c47-d2fd1843571f,62,1778820,KR,2024-08-13
ac541c07-43ff-40e3-be9e-4ac74b79fb8c,63,2670630,KR,2024-08-13
c2ba1e6f-130a-4539-9e07-053aca83836a,64,397540,KR,2024-08-13
16c857c2-3c6b-487c-bc8e-57d8c100dd64,65,648800,KR,2024-08-13
f0cb3051-9bf9-402f-ab7b-e3aca379495a,66,250900,KR,2024-08-13
d1043d93-f4a7-4275-81ad-4732bff4f877,67,673750,KR,2024-08-13
05ced10e-e502-4c9e-8dc5-7ce7c7b22344,68,294100,KR,2024-08-13
88073a6e-1469-4931-b17d-9ea9f4dfd95a,69,1973710,KR,2024-08-13
09b5b5d2-409a-46aa-9683-6722a31e9129,70,570,KR,2024-08-13
f155c82c-b7c2-4d0a-944e-64882cd74daf,71,2405,KR,2024-08-13
3d1d2fe7-e17b-4edc-b882-fed9460cc5e9,72,958260,KR,2024-08-13
47cab499-2d01-43c7-b910-f83b18272153,73,199943,KR,2024-08-13
b4658673-e3ea-46f0-be7f-8bc7cc55b09c,74,1943950,KR,2024-08-13
b7483c42-6e0a-4822-a9ae-ef909c5ee3a9,75,1954420,KR,2024-08-13
351fe878-49cf-483f-84bf-a6fdc5c43d97,76,553850,KR,2024-08-13
8baa99bd-9013-4f44-a2f6-d5dd55ab479f,77,1551360,KR,2024-08-13
bcb17148-d3bc-4c41-95ad-df38c920a0fd,78,377160,KR,2024-08-13
3809178d-cfa2-4fd6-8442-c5de82273d68,79,2000950,KR,2024-08-13
822f6ead-1f6d-42dd-b5c4-5c758deaedcd,80,2215430,KR,2024-08-13
b09c8d2f-176c-4e36-9361-5a11ef4c5d09,81,1282100,KR,2024-08-13
07f20844-540b-4d40-9c0f-38b4a30035d4,82,1237970,KR,2024-08-13
f789ca63-f03f-4f3c-9217-9c84f7777cd3,83,1144200,KR,2024-08-13
c0e841fa-56de-45da-ac6c-34b4c92845ff,84,2646460,KR,2024-08-13
517899e6-1248-4e82-9209-034e593c18e1,85,1203220,KR,2024-08-13
dac18b66-2f6e-4ac2-9c1a-4ce567284160,86,2195250,KR,2024-08-13
c338322f-df19-4d56-b426-7dab2b3d274b,87,43117,KR,2024-08-13
ec105467-6e19-4ee4-bc43-c1546396e054,88,835570,KR,2024-08-13
43d2ff9a-4926-49a5-ba9c-2c36b9c26979,89,1203620,KR,2024-08-13
df48a35d-5b11-4f0d-808b-8b08a72723a0,90,702320,KR,2024-08-13
629694e0-8d37-4193-ace9-4f1fe5728936,91,2854170,KR,2024-08-13
9fa216b9-2143-4e94-98cf-98a986bb3a64,92,292030,KR,2024-08-13
cf247e2e-23e6-48fb-a073-f645042fc4cc,93,1382330,KR,2024-08-13
ed85a6f3-0582-461c-97f3-edd729c654e4,94,1326470,KR,2024-08-13
7410724d-7f03-4eeb-9b7c-50812cd09c79,95,489830,KR,2024-08-13
a877049c-8da5-4cdb-9955-666b1853ab7d,96,2881650,KR,2024-08-13
3d7e8b96-15cd-44b4-9486-074955460d13,97,552990,KR,2024-08-13
812e56c7-910c-40f9-910e-7af2fd65abd7,98,1333350,KR,2024-08-13
6da912cf-9f1c-400d-9fbc-60abe185bd61,99,739630,KR,2024-08-13
3c9828c1-0935-4d88-b700-268a3cd8cede,100,1232580,KR,2024-08-13
d8625dbe-4d26-4da7-a520-28836c4feca9,1,2358720,CN,2024-08-13
b4f0b1a4-844c-47d0-a4db-0aa0d1b26aac,2,578080,CN,2024-08-13
8615e958-6e9c-4a4c-b4b9-929b9a9a2d9e,3,730,CN,2024-08-13
98459f8a-cdb6-4a0b-9d43-267408748409,4,32470,CN,2024-08-13
ee5d0d52-e5ad-4ccb-8e2b-3f292ca734b8,5,1203220,CN,2024-08-13
b4c1b5b4-88bb-4618-9751-5b6e68924295,6,1091500,CN,2024-08-13
148de9d5-7728-4d8d-b590-ca65829707c0,7,1687950,CN,2024-08-13
af7682c5-43dc-47f9-bb9b-42d4b4a8089d,8,431960,CN,2024-08-13
e888042a-fd02-4883-b50e-5a8c675411b1,9,1237970,CN,2024-08-13
0985b14e-95fe-498a-8aab-f3204ff992da,10,413150,CN,2024-08-13
6a75028d-c970-4b2a-a7bd-696f6c6e89d4,11,2138330,CN,2024-08-13
90b766e1-93c4-4236-bb1e-60fcb57b90a9,12,1593500,CN,2024-08-13
496c3b15-bc36-48c9-80bb-cab77b980fe5,13,2183900,CN,2024-08-13
c48f895b-d377-40f4-a57a-146e99cab216,14,271590,CN,2024-08-13
56894f91-7214-41aa-bcac-cd58072d40e0,15,814380,CN,2024-08-13
11a3f254-8c82-47b9-95eb-4a7acd4ebb50,16,1238810,CN,2024-08-13
303bbe15-3d94-4158-bd78-51be0f5f0432,17,124923,CN,2024-08-13
b0e8e648-ed73-4c62-88cb-0136921c0d6e,18,5700,CN,2024-08-13
7cf5a3e6-1679-4241-a31c-8b0f4fa310f4,19,2344520,CN,2024-08-13
1b242375-2d44-41ac-bfe1-7104311ecec6,20,2161700,CN,2024-08-13
3071bf9f-b21b-46e7-bb55-4da09819ce83,21,397540,CN,2024-08-13
426b3781-29b2-4970-8a83-4dd990432705,22,582010,CN,2024-08-13
a592395a-b07a-468a-8863-ee42502e26f7,23,1172470,CN,2024-08-13
db2ad874-9b4d-4068-9b01-8a95aa058352,24,2672610,CN,2024-08-13
35e28dda-6cba-44d4-8dd3-3d1aad24021c,25,13013,CN,2024-08-13
a4739bf5-9feb-4721-ac35-5a9ff268c3cb,26,570,CN,2024-08-13
4491f68a-8a7f-47e2-a3db-b696b62acddd,27,992300,CN,2024-08-13
a4d70c5e-76da-4d03-861c-7f3c90ccdc03,28,1313140,CN,2024-08-13
535faa58-ce49-4ed3-9135-585169cb2227,29,230410,CN,2024-08-13
5fa51fc1-e886-45dd-b132-83ced2a8422c,30,33369,CN,2024-08-13
7b47938a-57f6-48f2-8b8a-ac23edb2c52c,31,1245620,CN,2024-08-13
39083cbd-24b9-4cfa-8070-76a5a7782d9e,32,2074920,CN,2024-08-13
0d57ea47-de81-409d-bb80-76f0f06d319b,33,39039,CN,2024-08-13
ddfd49ca-3bda-439a-9433-c41b7361859d,34,292030,CN,2024-08-13
8ea7fd73-6991-4b1b-8907-1471aca1f67a,35,2933620,CN,2024-08-13
37437afc-15bf-456f-a64e-78f239c2fcd9,36,552990,CN,2024-08-13
d9ff671a-dcfb-4f0a-a620-111d42327dbc,37,2139460,CN,2024-08-13
3e177dbb-d0cd-4370-a676-7e5df651c2d4,38,2567870,CN,2024-08-13
ae311034-52f3-4f95-b571-838af4a50dab,39,1446780,CN,2024-08-13
72f851a9-7a89-4bf3-8160-87995ed2c9ff,40,32110,CN,2024-08-13
3f99e0c1-b8cc-48ec-a817-bcbaeaf6190e,41,1477070,CN,2024-08-13
be9a6fa4-3eea-4024-ad44-b8e5b21fe791,42,1118010,CN,2024-08-13
452a8762-07f9-4a71-af66-0bfdb9b42f63,43,1364780,CN,2024-08-13
217b7242-9d31-456c-a726-8a2636b188d7,44,1517290,CN,2024-08-13
8d122c49-ff69-4836-add5-fbfc52ca7d74,45,306130,CN,2024-08-13
2d52d493-24fd-489c-8a12-462f4d11fb38,46,2875140,CN,2024-08-13
4c117120-2bfe-4ad9-8d71-cee9ce1d7946,47,692569,CN,2024-08-13
7f61f834-bb6a-4517-8256-bf2304e84390,48,1180320,CN,2024-08-13
3e51f53d-2e5b-46d3-bda4-5a6eb6180480,49,440,CN,2024-08-13
96b0d63e-6d83-4f69-af34-bca393bc1c87,50,2669320,CN,2024-08-13
fb8d9e06-da09-4baf-af1e-a29488df904f,51,381210,CN,2024-08-13
0576f348-b985-4fb4-8f7a-018cc55734f7,52,322330,CN,2024-08-13
9cbe44db-4453-4089-8792-59fa1fee0d82,53,13560,CN,2024-08-13
1bc01314-355a-4a7e-81aa-8824fc5fddfe,54,1086940,CN,2024-08-13
6cf4b774-064e-4f0d-8343-6d5ca5879b9d,55,2878980,CN,2024-08-13
c4aac51c-13cc-4682-b62e-185e13823c5d,56,548430,CN,2024-08-13
9f6b101a-df8e-4558-be46-f9ec80a08c0d,57,673750,CN,2024-08-13
a0742548-afa6-42da-a696-7e1291e3de6f,58,1329410,CN,2024-08-13
2afee22f-bc70-43fe-9f13-2b6481cfcf62,59,359550,CN,2024-08-13
2116aa79-7e98-43b7-aeb4-24e49fcb7375,60,1238840,CN,2024-08-13
1c8e8030-bab4-417e-902e-d86053629701,61,1551360,CN,2024-08-13
ca8197d4-528e-4605-9947-6c540e9a194a,62,736190,CN,2024-08-13
85501d43-d05f-47d9-af03-6173466c363e,63,1649080,CN,2024-08-13
bc66671f-ded7-476e-bd62-fea080b0290b,64,2778580,CN,2024-08-13
cda11d11-aa85-486e-b385-b5ed64ea8de7,65,1938090,CN,2024-08-13
c0722ed1-6509-4379-b225-910c437ae0ae,66,739630,CN,2024-08-13
9b81771a-4262-4025-8603-c4ec2c41bed5,67,1954420,CN,2024-08-13
272ebf53-6244-4d24-8fca-323532b92f0f,68,105600,CN,2024-08-13
fa257696-5943-4ff7-89c0-ed2c0012d9c2,69,28628,CN,2024-08-13
285b9651-bb20-4646-a2d1-9dbd58bceb9b,70,1085660,CN,2024-08-13
1cc728d2-bf14-407b-905f-3dd0f3c1441e,71,2881650,CN,2024-08-13
4a4ba7d0-06fe-4679-8f17-d1fcf0bb1b9b,72,2000950,CN,2024-08-13
475b215b-f724-4951-9556-c451d13ce56d,73,2195250,CN,2024-08-13
b6548492-3313-46f1-80da-2b34f0c25daf,74,2995920,CN,2024-08-13
6b6520a2-ecc4-4333-a5cc-230b18a5a1ff,75,2445690,CN,2024-08-13
32ef3947-ae50-4b6a-9286-523e6619acf2,76,1962663,CN,2024-08-13
a3151772-2ff7-49bc-8984-f89f13421e7e,77,1092790,CN,2024-08-13
43ab6e27-3311-4ea2-9c60-997db1654412,78,13014,CN,2024-08-13
68d67144-366b-4b26-a97d-9a8f8b089aa1,79,236390,CN,2024-08-13
cd8ddd80-ed81-44d1-bfe8-4245f0df7125,80,1520470,CN,2024-08-13
35981cf2-2315-4f2b-b6c9-82788ad9b866,81,1943950,CN,2024-08-13
816677e8-852c-4c59-8cb5-aa533df113cc,82,1174180,CN,2024-08-13
b024af3b-c06d-48b1-8313-8923a0f9cacd,83,346110,CN,2024-08-13
21491bd9-8760-477b-b915-475d3ac06537,84,1623730,CN,2024-08-13
595a89e9-80d8-429f-8874-cd8a5113a2bf,85,1222670,CN,2024-08-13
6fab1dfe-64c0-42a5-b56b-5f5312e27b98,86,1973530,CN,2024-08-13
15d12689-b283-4039-9217-621b92bb8c69,87,1426210,CN,2024-08-13
185f4e9d-624b-4640-8851-59251e233ad3,88,2338770,CN,2024-08-13
8cdb7ec7-4935-4a0e-9fd4-d54a9561ade4,89,1382330,CN,2024-08-13
5211ea60-b36b-4cc8-a12c-1d92abf2ec69,90,1113000,CN,2024-08-13
310d75f3-1e13-463c-8c69-e2dcebad0bed,91,2849080,CN,2024-08-13
2bbdd8fd-6470-4844-a551-8037ba5067ca,92,33357,CN,2024-08-13
a9d0e546-8eae-491e-acb3-4f4ed8406a1b,93,1222700,CN,2024-08-13
0bf1628c-a3a7-464c-b1ae-62570e21ed06,94,2016590,CN,2024-08-13
68c1d00a-e059-4c9f-a10d-f42a6cc744a8,95,2593370,CN,2024-08-13
0dd83d95-d329-43bf-a5e0-97c33ca35dff,96,1277400,CN,2024-08-13
6b76624e-7e4e-40a6-aff9-3b3170a2e130,97,1293830,CN,2024-08-13
661dd0fe-9304-475b-90f7-1805a53e2e0d,98,1985810,CN,2024-08-13
204eb8b9-a5e4-46dc-9a64-4fe454c78230,99,648800,CN,2024-08-13
741b6d5d-93fb-4ea0-9f6f-e6bdd46dec75,100,1909840,CN,2024-08-13
8360396d-c3ef-448c-ae2e-8ce1b2e7fba1,1,730,CH,2024-08-13
d02c39f7-385a-43b5-b5d8-0df30a15b41f,2,2074920,CH,2024-08-13
282b74cc-3f5e-4db4-9845-0261602a6271,3,578080,CH,2024-08-13
3a6e9b3c-f35b-470a-be08-fe4b45e844ff,4,2933620,CH,2024-08-13
65a311b1-056f-4c33-8e8c-95aa081884f1,5,236390,CH,2024-08-13
9f9190e6-7c26-44b5-8b30-1cc8f0f61a47,6,1313140,CH,2024-08-13
638eb1da-6928-471f-b6b7-5f491e2c1214,7,32470,CH,2024-08-13
85ddcb5e-1de1-42dc-9563-7dff4ad575b8,8,38887,CH,2024-08-13
62e1dae2-deb2-428a-b116-1a7964c19cb4,9,2183900,CH,2024-08-13
cdcde263-9689-4333-a503-8451bd7b1673,10,1091500,CH,2024-08-13
164c2ec2-327f-421b-a546-4577771e5cf5,11,1245620,CH,2024-08-13
f301a839-233a-41d3-a40c-c871736fd16f,12,38130,CH,2024-08-13
f1164c98-ab2b-4641-8226-abe360171204,13,1599340,CH,2024-08-13
5c5177db-c245-4fd8-926f-03ce0e6619d4,14,393080,CH,2024-08-13
6d1166ca-cb1f-423e-b818-1e80bf0720d3,15,2358720,CH,2024-08-13
4c80722c-a61b-421a-9fb2-56c0e04634fb,16,32110,CH,2024-08-13
0c488b60-f55a-4908-8b80-f9919c5a7b4d,17,1857090,CH,2024-08-13
2621f9b4-66d4-4a98-934c-cb9f5dae12ed,18,306130,CH,2024-08-13
b6403e18-86d8-4a07-a82c-ba4fbd39c7ac,19,2139460,CH,2024-08-13
88f7e4e5-ca17-4eb5-a0ef-24b851323259,20,230410,CH,2024-08-13
755bfccf-dc22-4911-92ed-0d85756a3c0c,21,33369,CH,2024-08-13
34d11852-374a-4a3c-a1af-74583a7a3b82,22,397540,CH,2024-08-13
bc7aba27-1485-4fec-971e-ba0f68f20a65,23,38036,CH,2024-08-13
44b4e9a3-590f-4071-8dc3-3b7dddd65ff4,24,553850,CH,2024-08-13
ae88fa25-82bf-4742-806d-b5bce16df972,25,39210,CH,2024-08-13
b3bc396c-ecb5-40a6-a41d-3fec70435152,26,1593500,CH,2024-08-13
c1367653-e188-41be-8467-bd2397b2145a,27,43679,CH,2024-08-13
c91617de-0c7d-4a6f-b961-c9bb74f28792,28,15225,CH,2024-08-13
5163adbc-fbed-4a9c-b3ac-d7bd8b2425f8,29,1086940,CH,2024-08-13
2f101f14-0902-4142-88b8-e7ebb9fb0cff,30,1449850,CH,2024-08-13
0566a298-57ef-4158-aa1f-ccd0a84baef0,31,2567870,CH,2024-08-13
37c2c88e-7f9d-4bf3-aaed-c25996045054,32,2669320,CH,2024-08-13
c9149193-406f-41ba-95d0-ba98cbe43179,33,2840770,CH,2024-08-13
6f9fda95-7566-425e-9265-3f857248cf66,34,28204,CH,2024-08-13
99649e25-683a-48fa-b55b-06ab178b0929,35,1172470,CH,2024-08-13
788fb3a1-b729-4234-bf36-4c9e2083e49e,36,1222670,CH,2024-08-13
7e05f384-c06a-4616-9bb3-a03bb47c54d3,37,8032,CH,2024-08-13
8045096e-2efa-46c0-bfe6-64cd2991dc3c,38,2161700,CH,2024-08-13
0fa3562d-35be-45b2-a243-baaf64d5363c,39,271590,CH,2024-08-13
c6628eb6-aaa2-4ed8-9dc0-c8a30ef527f3,40,238960,CH,2024-08-13
e7f3cb53-de27-4a60-b9ee-7ece9c79a05d,41,311210,CH,2024-08-13
caeb1de3-6da9-488f-8862-1aee229d1fd3,42,42684,CH,2024-08-13
a018ec54-e0c4-4118-9569-2422a541dbf6,43,359550,CH,2024-08-13
f70ca545-ed1f-4d48-a3a6-6bcb013b9ae6,44,2138330,CH,2024-08-13
6f10bd1b-550d-4e0c-8d30-c00e122ec302,45,381210,CH,2024-08-13
da29a6d1-6122-4c3e-b456-f2c1f459bc16,46,15824,CH,2024-08-13
76e13b7e-3115-4518-af72-ed27f06f00af,47,1250410,CH,2024-08-13
178828da-8bb9-4478-bce5-585599576b89,48,377160,CH,2024-08-13
8a71ac21-6c81-41f5-a017-c0103cb97ea5,49,1687950,CH,2024-08-13
6a55fc73-011a-4b85-b4c6-d101f6234534,50,552990,CH,2024-08-13
c80816d8-227e-455a-a2f7-dfb1e2b5b77d,51,1144200,CH,2024-08-13
53d3d6b0-89bc-4d6d-a851-22300670d9b1,52,2426960,CH,2024-08-13
ba2943ac-3901-4142-b596-7b8913c91bfa,53,39012,CH,2024-08-13
c6976a2a-68c8-46af-91c3-7a3703b88a62,54,489830,CH,2024-08-13
e69c4307-a6c8-464b-9def-a5608ba3fe65,55,805550,CH,2024-08-13
931dcf66-eeeb-406d-8aab-70ddab1f180a,56,2638370,CH,2024-08-13
66d5f410-b2a1-4496-b8ec-19be1c8e019a,57,14169,CH,2024-08-13
1781e3ac-c3b0-4ab8-aa97-70eca92ebef7,58,570,CH,2024-08-13
0cdebe57-ba8e-4f40-acba-e6947bafc421,59,2300320,CH,2024-08-13
a2d58305-9879-40f7-ae35-b6e2f141d3a5,60,949230,CH,2024-08-13
01eeb1f7-8690-492c-aea7-e213d4739789,61,2362300,CH,2024-08-13
f937a080-0e9c-44c9-9b82-69079cb48e07,62,2461850,CH,2024-08-13
2e623779-bcc6-4130-aa3e-b383d8fdab04,63,1326470,CH,2024-08-13
db58ff7f-cd9a-4bf4-a970-81ba8732eaf7,64,582660,CH,2024-08-13
81a69374-302f-4a32-843b-0b939c62b40d,65,1158310,CH,2024-08-13
cb72983d-a0af-4fbe-83be-24c3631d9bf4,66,1232580,CH,2024-08-13
5b77c167-aa19-4ebd-ba32-5d65cf74cc9c,67,2488620,CH,2024-08-13
5195b953-751c-4a95-a1f6-1c5fb6c9a871,68,1659040,CH,2024-08-13
af5aedd3-6903-48db-9a18-39197f188aae,69,2195250,CH,2024-08-13
459e4d97-c3fd-4bdb-b411-4be53a9e9b85,70,252530,CH,2024-08-13
ce5a27f7-2951-4afa-b0bf-4563250840bc,71,1249970,CH,2024-08-13
c89718df-ff3e-4085-a80a-9daf21fbda4e,72,2778580,CH,2024-08-13
9a6fe7e3-33de-4f95-b9e4-e43d24c2dd68,73,2142790,CH,2024-08-13
754062c0-d20b-4e43-8df8-f1824404fade,74,2890190,CH,2024-08-13
3871e8f4-c2b3-48bd-8905-18d94161ab67,75,1962663,CH,2024-08-13
901b58c1-7be9-4edc-9a32-4899629be913,76,2252570,CH,2024-08-13
92613fbd-7f6b-4ac9-a787-f77c09158ff2,77,5700,CH,2024-08-13
681b35ed-24e8-4765-9757-1dc727b9527b,78,37883,CH,2024-08-13
f1592f5e-3ed9-41b5-8e9c-d5a0d5fdbe36,79,284160,CH,2024-08-13
510c2fc1-01b1-4267-a7d2-233b845aca27,80,1085660,CH,2024-08-13
e39749db-6eb3-41e5-af47-7dab3e13070a,81,782330,CH,2024-08-13
87095e27-fe51-44b9-9e09-0a38725cb811,82,1284210,CH,2024-08-13
5497d228-2b73-415e-a1f0-3e5d2d1ceb59,83,49520,CH,2024-08-13
f2daf6bf-ab2e-4736-ae96-898855c857ff,84,199943,CH,2024-08-13
acd28e68-e309-45f5-8737-9aa50f0f4055,85,413150,CH,2024-08-13
cc02bc3a-1a5a-4b96-8207-516025c775f9,86,1203620,CH,2024-08-13
0079d8e0-608a-496d-ba6f-b5def7a1c7a3,87,1985810,CH,2024-08-13
011d208e-f2bb-4f03-999d-e791aefc9f7c,88,2399830,CH,2024-08-13
2e9a232b-5f3e-4b41-b23b-8de16da151b8,89,1286830,CH,2024-08-13
88acc549-0c26-4672-91fc-829b28ad6809,90,6998,CH,2024-08-13
4d286e06-c73e-4d97-a5ff-110d848f38a7,91,227300,CH,2024-08-13
2aa64fdd-198c-4a58-b5d3-72e751f7f55f,92,2808930,CH,2024-08-13
71745c51-3e45-43bd-ad32-8a12bcc3b764,93,594650,CH,2024-08-13
988d3b8b-74da-420f-845f-af7d5e3a966f,94,14949,CH,2024-08-13
1fdb8021-e4ce-4d17-81d8-c437218181d6,95,1017180,CH,2024-08-13
32ca4cde-f453-4b67-8b9d-f27293aa5e02,96,546560,CH,2024-08-13
531bd552-c2af-49c5-a23e-e0a64f1eec4e,97,28574,CH,2024-08-13
02bb0e66-ec79-437a-b5d0-1247b07ffef2,98,1551360,CH,2024-08-13
79645f4e-5ec7-48e9-ad35-a32f0d00df59,99,427520,CH,2024-08-13
871fc8bf-8311-482e-bf62-93b5314daed5,100,1687670,CH,2024-08-13
1f929858-ff63-4e59-a210-7ddf1fbf811d,1,570,TH,2024-08-13
ad92b02a-e2c6-4341-b83e-e2517d0f179f,2,993090,TH,2024-08-13
4dbb295b-ad37-4683-b5d8-22da494fbc53,3,578080,TH,2024-08-13
14772515-512f-44f2-b7f6-cf21e3eecd41,4,2139460,TH,2024-08-13
2865aa3c-5794-4ddd-b784-6081cebedd76,5,730,TH,2024-08-13
77e9076c-26cc-4db3-96f5-b9de0bc677c5,6,1203220,TH,2024-08-13
6b0b0560-74d2-413e-81a0-9ef2ab8035e6,7,2074920,TH,2024-08-13
4dffa35d-ed3a-4312-a936-2edc09f34749,8,1593500,TH,2024-08-13
5bd18ccb-70b5-43a2-b109-22dae33658cc,9,5700,TH,2024-08-13
b606ec76-04c6-4812-abe2-3d55efd128d9,10,1222670,TH,2024-08-13
19466b69-d419-471e-81d9-c6e0b8572403,11,1245620,TH,2024-08-13
415d6031-e328-4dab-944b-48e3303ee998,12,271590,TH,2024-08-13
d7e3d9e3-cea7-4a35-9f53-4ab4e1d24219,13,2669320,TH,2024-08-13
dbb39189-ac1f-4317-8fef-1edea7c7de51,14,814380,TH,2024-08-13
05f4b9e7-a29b-4c8a-8586-2959c5d5a653,15,238960,TH,2024-08-13
9657a66a-9ce6-4d98-ae4f-bb6973f957fb,16,381210,TH,2024-08-13
dfc19a94-4968-47e8-b7b2-79c65f710f20,17,1313140,TH,2024-08-13
dbc7d69b-411f-4f77-98e1-aaebf4462ac7,18,32470,TH,2024-08-13
642c2b4c-4d5f-4521-9588-bd7e030a1095,19,1687950,TH,2024-08-13
865bb76d-cf4c-4c54-ba12-c097ae475586,20,39394,TH,2024-08-13
39261b1d-108a-402d-bedc-d9e16dd5fd46,21,2358720,TH,2024-08-13
c75bdeba-cbe2-4b0f-ab9f-e3a758a7d30d,22,1091500,TH,2024-08-13
2bb0981b-64c1-4601-a97d-c00703add890,23,1665460,TH,2024-08-13
92d3637f-0bc4-4a9f-a7a2-05db617e64b0,24,124923,TH,2024-08-13
541df80f-cf23-4457-9a5c-4d346dbb5c4f,25,413150,TH,2024-08-13
58fd1c42-68aa-4170-85f3-721d60873999,26,2183900,TH,2024-08-13
c5e3842d-eafa-44f5-ac0f-1ade06ff81d4,27,2778580,TH,2024-08-13
5a9da927-9785-4cd6-8e73-2380448bc780,28,28628,TH,2024-08-13
9a7667d9-690f-4247-92f5-c03f0c2ca9a9,29,582010,TH,2024-08-13
c38ec92c-3f41-4ab5-b7bb-b42da0037b75,30,1158160,TH,2024-08-13
0aa8314f-4cee-4dd2-a1b2-9001a8b858d5,31,553850,TH,2024-08-13
f6185e5a-a596-4507-bc3d-bf860abae832,32,2526380,TH,2024-08-13
263b5ce6-4248-4078-bd72-fc34ef1b4582,33,2215430,TH,2024-08-13
d76cdd2b-68b3-4055-b4fd-9c79b53ecc0c,34,692569,TH,2024-08-13
f18741aa-e932-4bdc-95a1-556de820f743,35,2161700,TH,2024-08-13
c74a5a34-96b4-40ff-9f6f-1000a8682cf5,36,1089090,TH,2024-08-13
e9faa5a5-0bc0-45fd-b366-155d30cb90df,37,13013,TH,2024-08-13
7315accb-7b49-48f8-be5a-b5004aee6309,38,1172470,TH,2024-08-13
5ce3d5c2-b5f3-46c7-889c-6d1319a74884,39,1222680,TH,2024-08-13
b991291d-7155-47a2-90a3-5c4d9a0d0593,40,1086940,TH,2024-08-13
f9a36d06-08bc-4e94-8396-270832e15176,41,1237970,TH,2024-08-13
1866b04f-8411-41e9-8c2d-00da7c600823,42,230410,TH,2024-08-13
f29fb07d-9049-44a6-b18f-b17851ce173d,43,1118010,TH,2024-08-13
2c214a44-7140-4d12-8abc-b972206325a9,44,2567870,TH,2024-08-13
9dbd3728-0777-41db-a729-061c943f6c98,45,397540,TH,2024-08-13
e94b64ea-a6ad-479b-9487-abedb7b45bb4,46,33608,TH,2024-08-13
b9c26235-dade-42cd-8165-115a02243f01,47,2426960,TH,2024-08-13
13e95ccf-9f26-45a0-aa64-2a8081fdbec6,48,1672500,TH,2024-08-13
04df56ca-4d96-4f08-a8c0-15ac55923180,49,1446780,TH,2024-08-13
64272e0d-858c-4077-8e96-c150224b780a,50,1846380,TH,2024-08-13
6478cc52-83fc-4de3-a5b9-afc0f8358c8d,51,27915,TH,2024-08-13
759d75dc-cae3-4912-ab43-5c9e0046471d,52,2000950,TH,2024-08-13
1438d7eb-0ffd-4e5f-9858-5e40764d27f2,53,582660,TH,2024-08-13
8baf7de4-3800-4381-9149-47de79fa44fe,54,2195250,TH,2024-08-13
5385a4fb-fce5-4e67-bb81-0582f6645043,55,1238810,TH,2024-08-13
bc60a072-2d20-4887-9fd2-434ca6972900,56,489830,TH,2024-08-13
1494c0d8-96c1-4fdd-98c7-7e0fafc2b328,57,431960,TH,2024-08-13
dc68e444-d654-4f4b-b9d7-b500dfaafaf7,58,1649080,TH,2024-08-13
690e89de-f147-48e9-94e5-bb822df3c1c8,59,2857890,TH,2024-08-13
0ddd9db0-0012-4698-a942-dc4601d30c9e,60,292030,TH,2024-08-13
9f71fc09-3212-4362-98fe-4a651bb40328,61,2073850,TH,2024-08-13
4b74e40d-1c9e-4408-9bb6-aba6cb958754,62,32110,TH,2024-08-13
9b7fc6d8-f8d1-4ae4-9e08-478f13e3bb07,63,359550,TH,2024-08-13
a90e750f-cd56-404d-86be-ca71c6be99b3,64,782330,TH,2024-08-13
d708dfdc-0a29-490d-a977-5273477cf9fa,65,2346550,TH,2024-08-13
10d180e5-160e-462f-bd54-79590a87a5be,66,1517290,TH,2024-08-13
2f79f86a-b990-4d24-8624-ab17206ecf12,67,377160,TH,2024-08-13
3fe920d9-8a91-4130-9b40-06be54e39bf1,68,2840770,TH,2024-08-13
a92dddb9-f7f1-40cc-ab52-8f41fbce4b01,69,1938090,TH,2024-08-13
19dd4287-5990-4ace-8b14-9edbc940c4d7,70,1962663,TH,2024-08-13
81629987-bc23-4fc1-bbc2-af9f1a300dc3,71,1551360,TH,2024-08-13
bb63868b-c2b8-4622-85ce-33390c1ec2a8,72,236390,TH,2024-08-13
de9ecf60-89ab-4163-b951-b3a2ba94c31e,73,1623730,TH,2024-08-13
876e9645-7f67-4026-b896-677c03f45804,74,1282100,TH,2024-08-13
776ee9dd-c3df-4360-b7d1-957be4d5ce17,75,2138330,TH,2024-08-13
99b563fe-8446-47c6-b6a8-b13b3a5545fc,76,2315690,TH,2024-08-13
e66619ba-e606-4f03-bc89-f2d62bc08025,77,535930,TH,2024-08-13
9aec0c21-ad49-47d0-b977-92a3949eecb0,78,33369,TH,2024-08-13
cf305157-9c30-462a-b09f-59e778de7cb1,79,2973540,TH,2024-08-13
b5d366e5-b945-4a46-9e7b-4bdcd206f98b,80,3079420,TH,2024-08-13
9894e924-cbd7-4a61-8c4e-1d305ce16496,81,2142790,TH,2024-08-13
3607a3f4-705c-4d09-a952-2049f820f2fb,82,346110,TH,2024-08-13
e1e6732b-298c-4490-aa84-df8624b4915b,83,739630,TH,2024-08-13
6440b4c3-e522-46f9-b9c7-d2d282266212,84,389730,TH,2024-08-13
6af3a701-8d45-4a0d-baa5-f585fc256f27,85,2488620,TH,2024-08-13
64926518-1b0a-4187-99db-eb67efda938a,86,1174180,TH,2024-08-13
d417dc87-2e1e-4174-a74e-d6b8da55b058,87,33357,TH,2024-08-13
9fce6bc3-eefe-4eae-a10d-05fdb3712794,88,985810,TH,2024-08-13
4b7193b4-a4f2-4cfc-824f-ad96623f1bac,89,261550,TH,2024-08-13
80b71dc3-7e06-4d7f-a466-872fe331ed54,90,440,TH,2024-08-13
b93e73e3-0159-4d79-b3ca-93046c793692,91,2670630,TH,2024-08-13
2d2b36ba-6374-4faa-aa23-8ea8878f9e37,92,132479,TH,2024-08-13
c23a2224-03ae-44e7-a019-9ed8e12b434a,93,1881420,TH,2024-08-13
b2ea99ea-73b0-4e19-99bc-3f6ef21857f2,94,2338770,TH,2024-08-13
14c90a01-e4eb-4787-b27c-cbb7ec325864,95,2458860,TH,2024-08-13
19579ef7-99a2-4050-ae21-59e319b2bf3f,96,244210,TH,2024-08-13
1d8479d1-80d3-4d96-9f31-2f74a231329e,97,678960,TH,2024-08-13
078f477a-177f-47db-a063-4e543b4deee7,98,1056640,TH,2024-08-13
c37c5a6b-2bd3-4a96-84d2-d3e92eddd38b,99,761830,TH,2024-08-13
3eaf3b55-471a-4d41-8288-6d40b18ab0c9,100,5699,TH,2024-08-13
1fb9ad1d-e2a9-4f85-8392-14d1e9fa2ad0,1,2358720,HK,2024-08-13
281c42ed-dc41-4c7b-8c89-3ee1c24a4108,2,578080,HK,2024-08-13
dfc95381-695f-4bf7-ae46-0a77a2abec6d,3,730,HK,2024-08-13
eb8bef0c-087c-4f34-a52a-09fe861c4342,4,1203220,HK,2024-08-13
09552fee-6cde-4bd3-9b6d-336f1e940dd3,5,2074920,HK,2024-08-13
420b6a6f-ecb6-4b4d-aed0-22971d0a462f,6,2897760,HK,2024-08-13
1e28668d-9cb9-44eb-9324-7b2def4874fb,7,2139460,HK,2024-08-13
2a3e0999-e358-4587-b992-2d3119b7be46,8,32470,HK,2024-08-13
38c44993-26f3-4a18-9afb-5f3da1f3891f,9,2183900,HK,2024-08-13
8a2ec14f-5e62-4190-aa3e-ca4f308e22b6,10,2458860,HK,2024-08-13
8fd5760b-6784-4c0d-92d3-56e683caf9e3,11,2161700,HK,2024-08-13
700df844-1a57-4493-b575-6ef3e3c7cf34,12,1449850,HK,2024-08-13
659792f8-b7ec-47f6-8ea9-b1420707633f,13,1091500,HK,2024-08-13
f716d328-9051-4200-b640-76b95c4d106d,14,949230,HK,2024-08-13
7fa8778f-21e8-41e5-8e4f-4c2a1633ab61,15,1687950,HK,2024-08-13
80747a68-283c-4ed8-a24c-983a8708536c,16,552990,HK,2024-08-13
ab3056db-e177-4425-8c99-880a1d834f17,17,2808930,HK,2024-08-13
76e56746-9fc2-405c-8ac5-543e62e1096e,18,230410,HK,2024-08-13
e45176df-a41d-4e1a-b116-a5aa5f3b9f0a,19,2344520,HK,2024-08-13
9df358b0-6013-4515-86e8-da7154a0e4a6,20,992300,HK,2024-08-13
544d2d22-b1d4-40ff-82d5-1f54aebef13a,21,1665460,HK,2024-08-13
3c8d1813-c1bc-414b-9b45-ec5504d20040,22,2739590,HK,2024-08-13
a8a32062-b568-4d54-bb02-f0d76b917074,23,5700,HK,2024-08-13
586dc217-da20-4b7b-b55e-790ff807837f,24,1593500,HK,2024-08-13
c5dc9904-5b6f-4af4-a08a-3c5ba1ade497,25,359550,HK,2024-08-13
7b3276c8-1540-4616-963b-6eb450750afb,26,271590,HK,2024-08-13
dfd89a32-2410-4b01-9c98-56ce834f138e,27,1973710,HK,2024-08-13
b77320d4-2ce0-40fd-8ff2-d84a45504006,28,32110,HK,2024-08-13
50a297c3-c280-4668-968e-29744ef0e705,29,1313140,HK,2024-08-13
45785610-c7a6-4c7f-8bbe-4c8cbfe82e00,30,431960,HK,2024-08-13
7b1a0af2-b5b5-4fa2-821f-f36c0b98b098,31,2701210,HK,2024-08-13
911f0ed4-bed1-4458-b485-235add2cc09a,32,33369,HK,2024-08-13
039745c8-2f29-4572-8ade-d38bc5d4da73,33,2669320,HK,2024-08-13
55d8f61f-4dd4-406c-942e-6b276e95de83,34,1172470,HK,2024-08-13
c938e19b-8ac8-4c1e-84e4-d34f1cad13d6,35,236390,HK,2024-08-13
8b590251-569f-41c2-9c27-8ef9a762b95e,36,1237970,HK,2024-08-13
565a3236-9c59-4218-8730-553e95c96a46,37,1364780,HK,2024-08-13
1cfd845e-6ec2-4842-be0e-46516bd0c26e,38,1245620,HK,2024-08-13
485eee60-ba1e-46e5-81b9-39f9171a01e9,39,306130,HK,2024-08-13
d6258075-736f-4629-ad9f-88cc70266c14,40,397540,HK,2024-08-13
c68c17d7-fce0-47cb-a957-362374f6f484,41,2668080,HK,2024-08-13
3c791c7a-cc46-4a5f-9bee-7c6ad82d13e5,42,1086940,HK,2024-08-13
49034d81-f0a4-4730-972c-7d481d48c98c,43,1520470,HK,2024-08-13
465327e1-2c4a-4ff5-aab6-b8784df4eaa9,44,582010,HK,2024-08-13
01cb575b-a053-43b5-97d9-fe143ab16f59,45,2854170,HK,2024-08-13
7c39d910-03cd-4a48-9458-560de5047eb4,46,570,HK,2024-08-13
6a7b0245-4d8a-47ae-9e3e-a44e659513f1,47,413150,HK,2024-08-13
59f7b3ca-dba8-494f-bada-5a262296ad51,48,1962663,HK,2024-08-13
a4041532-ddd0-424f-8295-9999c3d5b9b8,49,1672500,HK,2024-08-13
ee2f1169-1e6e-4246-9d38-3503b78792a2,50,3011560,HK,2024-08-13
60cb6a9f-01c9-4ab5-9d13-c9aaf7105270,51,2138330,HK,2024-08-13
06654e8d-bc84-4f90-9732-e1dd72bc99a6,52,13013,HK,2024-08-13
fa8a253a-da58-4667-8033-db4412e0a6cd,53,394360,HK,2024-08-13
30704c1d-f928-430c-ade1-ae5bd3ca8cdd,54,2109460,HK,2024-08-13
192a4454-cfee-4719-b1ff-dfe011d240cc,55,40698,HK,2024-08-13
3a5c128e-bd4e-4648-af64-0f448bbbfbaa,56,1477070,HK,2024-08-13
47e25aad-2f56-49dd-9f6a-2d04a4e277d2,57,3067200,HK,2024-08-13
6f0f3d97-6fd5-43d8-927c-a6677b14d244,58,551170,HK,2024-08-13
1dbdb9a0-1f9f-4fac-9312-5f9bba2901e7,59,814380,HK,2024-08-13
9c9566d9-538c-40ab-927a-d17c42addcd6,60,1659040,HK,2024-08-13
71daaf78-66b4-475f-bdbf-bf36548efdf3,61,1551360,HK,2024-08-13
13c7998e-831b-4992-bef1-6b820d152803,62,805550,HK,2024-08-13
dd0fe291-eb04-412e-970a-3c7bc7b4ba37,63,1954420,HK,2024-08-13
dc1e186d-bbb1-4a52-a421-57b6ad6c5afc,64,1222670,HK,2024-08-13
e320f9ef-5bc1-44b9-8088-0611c9023d49,65,2567870,HK,2024-08-13
944fd325-f27e-43dd-a144-dc5d97d5b419,66,2875140,HK,2024-08-13
21e8ffa8-823a-486c-9567-1c26c9153c77,67,1238810,HK,2024-08-13
e70c389d-b4e1-414b-8d81-e90f2a1d8111,68,2778580,HK,2024-08-13
5a6582da-3e6d-4fb9-ae62-58a43b66fac4,69,38045,HK,2024-08-13
cd83817c-a15b-403c-bcbb-8505d4d228bd,70,2273420,HK,2024-08-13
8ff7167b-6604-46cf-9d74-f1098b39d251,71,2190290,HK,2024-08-13
634e653d-5252-4437-ac80-d2568ad87e2a,72,2396980,HK,2024-08-13
c97ecdab-9f07-4573-906b-f85a42e90ecf,73,377160,HK,2024-08-13
d30ac667-6eac-4a3c-a7f6-56cdc6b0c68f,74,28204,HK,2024-08-13
48a52988-064a-4c80-bfd2-0eaebf296949,75,1446780,HK,2024-08-13
5f55a701-1c1d-4e75-a05d-1e2d1b1661eb,76,1649080,HK,2024-08-13
026ad23a-97b4-42d3-ae66-c38bb3b166f7,77,1623730,HK,2024-08-13
ce4d25cd-ed34-4979-9cd3-f53e2266f724,78,381210,HK,2024-08-13
3ce050ef-a68a-4b56-93bb-34b41cb444d5,79,1517290,HK,2024-08-13
43e8021b-6550-4e76-9b69-c29154e78c42,80,858210,HK,2024-08-13
739f5965-794c-4bb6-a331-cf3bf8d12bfa,81,2448970,HK,2024-08-13
21615983-e2e7-4d37-9e07-ea865215f522,82,1282100,HK,2024-08-13
52b25ad2-344f-42f3-8979-0ff215108b74,83,553850,HK,2024-08-13
46841730-3acc-44e8-8190-3e9e11c4cd64,84,2053940,HK,2024-08-13
c156c5e4-2151-4c5d-b36e-da3cb83d7f6c,85,1118010,HK,2024-08-13
47c453ff-6755-469c-b630-36ccffd16e1c,86,1250410,HK,2024-08-13
0c970f4a-96e8-4a91-b91e-7bf845f443f9,87,22708,HK,2024-08-13
fe30467c-7b31-462d-94c4-9bf1041b0ad4,88,199943,HK,2024-08-13
ddb88b4b-f6b8-4709-8ba9-2dcfd573a644,89,2310160,HK,2024-08-13
dc649dc1-30c2-4dcc-9d58-ab745edd8f1b,90,1350650,HK,2024-08-13
cc5239eb-3f0d-4b31-9460-05013d01ed30,91,2195250,HK,2024-08-13
275761d1-463f-4b23-921d-4020adcdb2b3,92,1909840,HK,2024-08-13
238d262c-c6f8-4175-8ee5-0cfc0398a334,93,294100,HK,2024-08-13
6692e986-adfb-44e2-9e92-64d0f19a0eb2,94,2602770,HK,2024-08-13
1a410e29-5314-4761-91be-c03a664a9d3e,95,251570,HK,2024-08-13
dbc39da2-8891-498f-9aee-772d2fdd1a15,96,12231,HK,2024-08-13
6205d148-979a-418b-9813-3b3340225ef5,97,2672610,HK,2024-08-13
165a1822-9e53-4d0e-8aa1-ca27b9441ae9,98,1144200,HK,2024-08-13
35cf512b-c663-4dc7-b1c0-4832533e609a,99,985810,HK,2024-08-13
7ba8575c-d9b5-452d-b12f-39ef27469325,100,1049590,HK,2024-08-13
3ece19f1-a24d-443a-bcb9-a7c4394823b5,1,1985810,SG,2024-08-13
976f1194-7c5d-4bae-ae2e-a3381ee687d6,2,2357570,SG,2024-08-13
d83fbcdc-03d6-43c2-a32b-dcd4e0ccc99f,3,2358720,SG,2024-08-13
6176a283-b3fb-4b3e-a53d-126db4b533bd,4,578080,SG,2024-08-13
ca7cedc0-07e6-4149-9c93-e5879030f16a,5,730,SG,2024-08-13
c96a3feb-62b2-42c6-89c6-e3a4e77eab83,6,570,SG,2024-08-13
deace67b-96bb-43fa-9987-6ac3c2eadd01,7,32470,SG,2024-08-13
fcc2c5a8-0af8-4c45-9498-8659f767f015,8,1938090,SG,2024-08-13
667ae002-68e0-4e9b-8611-95d2ff8c16c1,9,2519060,SG,2024-08-13
e50665b7-37c6-46b8-a742-a1e72c222f06,10,1687950,SG,2024-08-13
9eedffa2-dcee-423e-9823-aee608266303,11,2074920,SG,2024-08-13
65b2c50a-63b0-410d-970e-a056e58a948e,12,238960,SG,2024-08-13
6e4bccef-b971-4619-8648-02075a23e997,13,1985820,SG,2024-08-13
f566ec06-8d16-4208-b2f1-b25c34c56768,14,2183900,SG,2024-08-13
de01ae71-ea4f-4302-87f0-ea4e7ec29d27,15,230410,SG,2024-08-13
b525301c-09d7-42fb-87fc-31ec706cd285,16,1091500,SG,2024-08-13
52eadbe9-9187-47aa-8738-9758bb5dab08,17,2790720,SG,2024-08-13
f3425144-98b4-45e8-841b-46415d70bcb6,18,2161700,SG,2024-08-13
879347b2-3a52-4b71-8a6f-ac7c90096d99,19,2289298,SG,2024-08-13
0751bb44-b87a-48fe-b248-4a4551c5772d,20,1203220,SG,2024-08-13
216f6392-bd87-40e3-bfaa-ebaf2f112726,21,1962660,SG,2024-08-13
3dd4d23c-8c7d-4c45-8c6c-0d665c7f41a7,22,1085660,SG,2024-08-13
c2ecb613-a708-4109-8367-6caf931d119f,23,2808930,SG,2024-08-13
9a621640-1724-408d-9c0d-eb890747e1f5,24,582010,SG,2024-08-13
fc1dfc1a-6da4-41d9-8855-a3f01a9f5f02,25,1086940,SG,2024-08-13
93677320-8c9c-4658-9176-5d69211a4e49,26,1313140,SG,2024-08-13
ab248fbd-fb94-4af5-9093-201c42796262,27,1672500,SG,2024-08-13
d1555abd-c235-4cd0-9c6d-29e654d82d5d,28,2138330,SG,2024-08-13
c1175bac-e788-46a0-b4c9-152cdc3dcb5c,29,2526380,SG,2024-08-13
b567cb2b-a290-4ac6-bf34-a489be260350,30,1284210,SG,2024-08-13
849a1cd1-363b-4d9d-ad0c-f5b45e70d6d0,31,2139460,SG,2024-08-13
508f5ff8-c4d4-47ed-9eb6-fb7139adc3d1,32,13014,SG,2024-08-13
dc373ca8-9f4e-4b51-adf8-2abe62dbaab6,33,1593500,SG,2024-08-13
fff44d40-c2ac-4f36-9f37-faf2225828e0,34,39210,SG,2024-08-13
baa1cced-5d9e-4b80-b8d2-8c84ed81cc31,35,397540,SG,2024-08-13
1540f132-e5c2-4cfd-8a5a-6839caa6955e,36,2289294,SG,2024-08-13
3ed3c6e2-c019-4d0c-ac0b-acaddd594449,37,2289293,SG,2024-08-13
a3742642-511e-4860-9d05-e0f22d0df987,38,2289296,SG,2024-08-13
9b1f2756-0fcc-44bd-aa1a-e4ce124e4c65,39,2289297,SG,2024-08-13
b7c88629-bd69-42e2-8b8c-0283a3348afa,40,2215430,SG,2024-08-13
d7dcf2fa-7951-4aa3-9779-9351ec2fedb8,41,1118010,SG,2024-08-13
20846064-292d-45fa-8f63-60076aa14c12,42,2142790,SG,2024-08-13
1ae9c633-3bfd-4dee-929a-281ad594f048,43,2195250,SG,2024-08-13
b9570ae5-fb12-44dc-828c-de163e0d543a,44,1245620,SG,2024-08-13
e908b967-bef1-4f37-9a6b-f11e2b08c564,45,1250410,SG,2024-08-13
784d7585-963a-41a9-83dc-f7515f468a29,46,553850,SG,2024-08-13
6deba1b7-f039-41f3-896b-4fb7a0bd0e81,47,41922,SG,2024-08-13
b47f0de0-b8db-4ade-afc0-09714a7e43fc,48,1172470,SG,2024-08-13
53a162ae-7135-4dcf-bc4c-49e1262f9769,49,2488620,SG,2024-08-13
a3fc714f-afe7-491f-8f63-0097ddbf4609,50,13013,SG,2024-08-13
5538515b-7d27-4c63-a65e-624fe91a0b19,51,377160,SG,2024-08-13
3dc79725-0d32-4e44-a5a6-a43454ebea26,52,2718190,SG,2024-08-13
52c426d8-2b7b-48d1-8703-27c507eda441,53,2669320,SG,2024-08-13
b45b802b-c82d-4347-8dfa-1d75f19e214b,54,814380,SG,2024-08-13
a8d945a1-8711-44f5-bc64-96ce328339b7,55,381210,SG,2024-08-13
e22b4442-dcd6-4dbd-91e4-675dffab6099,56,24386,SG,2024-08-13
141f57ca-2f90-423c-bf4f-cb147f4a1430,57,2625050,SG,2024-08-13
749f9a54-a3ef-4ba6-884d-3653bbfc2118,58,124923,SG,2024-08-13
7781b55b-ed60-4afb-92bc-94a609a4f50f,59,2840770,SG,2024-08-13
5075dc5b-abae-4d26-93bb-613185f058bd,60,2731850,SG,2024-08-13
9b768d83-0527-4fdb-a91d-e62299b3050d,61,2878980,SG,2024-08-13
b10ab99c-0ea8-4024-867d-94e0c674490c,62,958260,SG,2024-08-13
3e7dd7ea-eccd-4a69-8a44-660fd9d002f8,63,35030,SG,2024-08-13
46f1cc69-ebd7-4a07-96dd-7d0381a3fe52,64,1745440,SG,2024-08-13
7be39b45-fb53-4289-a978-524e1438f95d,65,2933620,SG,2024-08-13
2942f4ca-721f-40e2-8ac4-7b923ac08f89,66,582660,SG,2024-08-13
b0001925-9807-4019-bb7f-d28f21ec4e67,67,2289415,SG,2024-08-13
5c773335-31d3-4044-9d7b-64d1a3ff0d93,68,2218003,SG,2024-08-13
e64d6533-49a3-4a71-81c0-7542e5e4904d,69,489830,SG,2024-08-13
40748c84-a221-4fbc-872f-7b29d049c804,70,2344520,SG,2024-08-13
800dee76-3f39-4fc6-ae85-76d10ed99540,71,236390,SG,2024-08-13
0d372652-a458-4622-a340-e87091e46370,72,552520,SG,2024-08-13
c54a2e12-83f4-4072-bce2-c1baeb30a96f,73,6998,SG,2024-08-13
add292f3-d1d2-40bd-9d1b-3f67cf25ea57,74,2686650,SG,2024-08-13
d11381f8-de0d-49fc-857b-a13ef61449f8,75,1530160,SG,2024-08-13
95085faa-5d8d-46ce-a918-897c6a0b6e24,76,2322010,SG,2024-08-13
5cef01e3-288d-45b7-8d9b-7a74134641c5,77,2567870,SG,2024-08-13
097bb86a-25b3-4a98-afd8-082782d15717,78,1649080,SG,2024-08-13
e797cf8a-bdf7-45f8-b16e-aaccb6eb79e9,79,1382330,SG,2024-08-13
9ec2ae58-6597-4cb1-9b52-24720d01d4e5,80,2783780,SG,2024-08-13
6f63f9e9-5474-4b62-a284-730d4317aa01,81,805550,SG,2024-08-13
99dfc446-47d0-4892-b2b7-dc1240af35c5,82,2534810,SG,2024-08-13
f8553b14-787b-49cc-aafb-b0fe2a54060a,83,2775840,SG,2024-08-13
9713a84e-ce1a-418c-a744-4ac220012b85,84,1569630,SG,2024-08-13
8a7034be-9750-444f-94f8-83535d333383,85,199943,SG,2024-08-13
51525990-387f-4ddc-9f2f-8d24da5f1efb,86,1144200,SG,2024-08-13
75d5696c-b419-4e72-add6-cbf8668a9da5,87,1237970,SG,2024-08-13
0421f2a2-435f-4c2c-b84e-207782c8c111,88,306130,SG,2024-08-13
b07eee8c-634f-4532-a30a-ae97c9aa7c23,89,1282100,SG,2024-08-13
16b7e158-4fee-4a9f-89a3-7684c004b32a,90,271590,SG,2024-08-13
aa86c7fd-b287-467a-ae21-fc42153068a7,91,2778580,SG,2024-08-13
8d1f5fa8-b4a3-4038-bed7-05c401392317,92,2890190,SG,2024-08-13
8ad34da3-bcf5-4a50-8378-14d99872db7b,93,2790670,SG,2024-08-13
64245f94-02a9-4776-bd58-cd26708936af,94,1476970,SG,2024-08-13
37de3d2c-10f7-427a-b6c0-84b7b1e75cdb,95,292030,SG,2024-08-13
62a1939f-c282-4e65-a292-e80ac6edc534,96,32110,SG,2024-08-13
ba0f8977-ffe2-45d2-bc24-10cb5a7b3da5,97,1286680,SG,2024-08-13
4f025886-f41c-4630-b1c9-00d1713c6624,98,30424,SG,2024-08-13
b891a15e-c279-4cef-8f8f-c1c86dbe9fe8,99,413150,SG,2024-08-13
faaf771b-1213-4424-909b-3ef1d0ba2381,100,1659040,SG,2024-08-13
0ee0631d-93d1-4f87-87c4-23df6de83c31,1,570,RU,2024-08-13
fa5af940-133d-456a-bb23-55f0dca7d7b0,2,730,RU,2024-08-13
4a6dafad-ab9e-459e-afa5-030061da2603,3,578080,RU,2024-08-13
4d4f978b-799b-479d-98d3-1cab5d3b063e,4,1313140,RU,2024-08-13
6a158c66-3fc8-4a54-a46a-d792438bcf6e,5,2183900,RU,2024-08-13
d1c8cf13-a64f-44a9-a61b-eefd7920b95c,6,32110,RU,2024-08-13
108d3847-9aa4-4ffb-b1de-8cca51a0150d,7,1316680,RU,2024-08-13
2cf32a3e-e56c-468e-ad5b-87ea3bc1b3b2,8,252490,RU,2024-08-13
ddb12694-41e9-4ba6-9b33-814e812b4a8f,9,2358720,RU,2024-08-13
3194043a-3c1c-4670-9a82-9551dc80c537,10,739630,RU,2024-08-13
01085b14-ec25-4ae3-92d9-cf53e6af4347,11,2808930,RU,2024-08-13
f45ec3e4-a9c1-4e9c-8761-0c2689f355b0,12,1245620,RU,2024-08-13
2b1c2b9c-869b-4758-9cd5-0d1da95d90d4,13,2074920,RU,2024-08-13
54b5eef0-93d1-408b-aa95-c3ad2cd4713e,14,1086940,RU,2024-08-13
a70dbbeb-5430-402c-b587-a297b26b0486,15,238960,RU,2024-08-13
27be9ce4-497f-440e-ba82-dcec5205ac3f,16,1818450,RU,2024-08-13
c9ca3cd7-0479-4fec-8de6-b86b9886e640,17,2881650,RU,2024-08-13
a932e8bc-2a0e-4543-a28d-050b39803c42,18,440,RU,2024-08-13
86fd0e80-2483-40a8-a3f4-f58e92f75ad9,19,548430,RU,2024-08-13
67559de8-c11b-4750-b2d6-b4f53bea80d1,20,1282100,RU,2024-08-13
92de923b-3636-42a3-a5ae-01c2a4d8a2f7,21,2567870,RU,2024-08-13
00dac18a-0a1d-4c1c-863e-3d12d40d98b6,22,546560,RU,2024-08-13
3f025248-eb61-4eab-9c94-2db717c4056d,23,2890190,RU,2024-08-13
4b497e47-6a45-4919-a400-5ff5238f8391,24,2638370,RU,2024-08-13
2a1d5b8f-875c-40aa-9067-c738d3124c31,25,427410,RU,2024-08-13
fd6b8489-85ef-44fa-81cd-7d280c7f9cdc,26,227300,RU,2024-08-13
729ad13a-bca9-433b-8e93-fc3c87c3cc0f,27,1665460,RU,2024-08-13
7344684e-510e-4fe4-8952-2f4f62f796c5,28,431960,RU,2024-08-13
227454f1-380b-45b1-b86a-0f200dbc54e6,29,221100,RU,2024-08-13
6434316b-7209-4034-addd-71cc5ad1d7d2,30,326360,RU,2024-08-13
7f6c3e6b-bdd7-49d7-9890-360e11be2b2c,31,766570,RU,2024-08-13
f54ba23b-8bb4-46f9-a4f3-13fd164c471b,32,2139460,RU,2024-08-13
2d3b2daf-4423-40ba-93ea-027957a677f4,33,2405,RU,2024-08-13
20205414-cc58-4ea6-bc50-f4c07830faa5,34,393380,RU,2024-08-13
0dd97864-895b-40a8-9b3e-edcb9630fcbe,35,1232580,RU,2024-08-13
7b1cca55-ddd7-404a-b9d8-4e35a17e6db8,36,413150,RU,2024-08-13
be817ccc-0971-4ad6-a634-843f9567139b,37,233860,RU,2024-08-13
01463108-06ba-44b5-9af7-c928d0d99138,38,594650,RU,2024-08-13
6c552447-5fe1-4bb7-9b1d-0ec8091c9598,39,2778580,RU,2024-08-13
a1cc0314-ae08-40b9-a48e-54c5c28ff278,40,1149460,RU,2024-08-13
8c0f3c84-bd27-46c2-9408-10cedc414a90,41,1966720,RU,2024-08-13
d552b34e-2488-4e77-8eef-56a6310e8489,42,1326470,RU,2024-08-13
65b6ab6a-3390-4908-b786-635d6c6b7089,43,284160,RU,2024-08-13
48ab93bf-20ff-4e6b-8ee3-556f29c814ee,44,1622910,RU,2024-08-13
57aa8f98-61ff-4d52-9c50-22c6f4e1969d,45,294100,RU,2024-08-13
ea401ff4-bebb-449a-8b22-dc8c36835206,46,2016590,RU,2024-08-13
24b9b069-c750-4641-a476-19fdc31cb328,47,250900,RU,2024-08-13
fd9828eb-6ea8-4033-8a9d-a0e9bbdf67e0,48,105600,RU,2024-08-13
fdcc73f3-a0a5-41ec-96c5-dd0c0907cfcf,49,648800,RU,2024-08-13
0c655c75-167e-4ac2-b8f8-5ebdd9efa30f,50,1119730,RU,2024-08-13
414ec0fa-e9d9-4cb3-9ec1-2a631ab8ab5d,51,1144200,RU,2024-08-13
34536521-2980-44d9-9ba8-62c3428801f2,52,761890,RU,2024-08-13
80b8e82b-3dd1-4cdf-82cd-9a0858782d00,53,4000,RU,2024-08-13
90422280-686a-42aa-b3d5-bc5ca5a1720b,54,1332010,RU,2024-08-13
e441f59a-1fb1-477b-a8dd-d299fa13f628,55,244210,RU,2024-08-13
5d6e2255-c78b-4a4b-b4ce-9542c3badfdf,56,892970,RU,2024-08-13
244c7012-182f-457e-9aba-35f7e71aa569,57,346110,RU,2024-08-13
632aea1f-64ed-4c91-ba45-ea07c9edb23d,58,494840,RU,2024-08-13
8731d04e-d008-41ef-9675-c915c46b2389,59,767560,RU,2024-08-13
63d8ce65-440b-4bdc-8171-61915ecdcec9,60,41962,RU,2024-08-13
9798a508-73c2-420c-add0-a3b492493256,61,2406770,RU,2024-08-13
84dc7641-6292-496b-a514-9d833aca4e88,62,2073850,RU,2024-08-13
50d713fd-4396-48a7-ae75-b70fd9cb1f32,63,678960,RU,2024-08-13
498d864f-2909-4cc1-b753-3d513e77ee1b,64,394360,RU,2024-08-13
9c74236e-6f06-4b02-ac33-40b8c1c9e0ed,65,34119,RU,2024-08-13
a26f17b6-88d4-4f96-9c72-f74af788ee98,66,1874880,RU,2024-08-13
c90d0512-ac79-463a-bec4-27ab3ef5ba1c,67,427520,RU,2024-08-13
f363aadf-5733-48e1-a89f-b852a3f0d6dd,68,108600,RU,2024-08-13
e7826036-1613-471b-a510-f421c30bebbe,69,629520,RU,2024-08-13
6632e5c7-84d5-458b-bf2f-5ddcc2cedd79,70,582660,RU,2024-08-13
ec0fa011-dc49-4dfa-8262-910bcc632b69,71,805550,RU,2024-08-13
a7a2d647-acb8-41cb-a055-ee8ebb51da20,72,475150,RU,2024-08-13
e1e0282a-cdfe-412c-bfe1-735509c9bbf2,73,268910,RU,2024-08-13
be8c12f0-239c-453a-8591-2053bed8ce41,74,1943950,RU,2024-08-13
48de8aab-a5a2-4b3d-948d-de18a2c3aaf3,75,2835570,RU,2024-08-13
b0d0ab6d-83da-474f-bd2b-e62d6aea03b8,76,322330,RU,2024-08-13
3720c726-b9c7-4049-a2a6-a7f915e397af,77,1092790,RU,2024-08-13
cc863c77-ad5f-42c0-a8aa-dc19cdfe3d2a,78,1158310,RU,2024-08-13
bde85883-13d3-4e99-bed4-ef2639f33276,79,242760,RU,2024-08-13
0637f7f6-ef57-4b2d-9d24-3d0bc2aec107,80,2305840,RU,2024-08-13
addb7e7f-612b-472d-8934-c41055b69511,81,28590,RU,2024-08-13
202b4b5e-df09-481a-946b-935e8282f2b2,82,251570,RU,2024-08-13
244d7a81-65f1-49f3-b115-e50a71a5c305,83,1203220,RU,2024-08-13
8420c8fa-db10-4e8d-a68f-c3658eceab8a,84,870780,RU,2024-08-13
72031f45-7458-4931-97be-a89dfc80a117,85,21999,RU,2024-08-13
f3a97d5b-bd8c-4d9c-addd-da79929af969,86,218620,RU,2024-08-13
12c9944d-55c9-451e-b8d1-9da23b638427,87,673750,RU,2024-08-13
69735778-632c-4b15-a4a3-2c5dccd68a68,88,42950,RU,2024-08-13
fd76d9df-c23b-40ea-8f18-d8d74bb56d2e,89,236390,RU,2024-08-13
bc15acf6-aef3-4696-ba81-658f83664e37,90,1659040,RU,2024-08-13
bc9ba2bb-f32b-487f-813b-0201f0603f64,91,597820,RU,2024-08-13
4c7e6394-0e5b-4877-b660-b25dd2dfb219,92,6998,RU,2024-08-13
299c547f-01cb-4f29-a42a-2bdd4aca2c79,93,1203620,RU,2024-08-13
e4e6515f-8f49-4d35-a119-6a63d8e36249,94,803330,RU,2024-08-13
be990f7d-a2f7-40fe-98b4-6cbd711b5f35,95,281990,RU,2024-08-13
00838b62-2cee-4144-8770-b1d4a5d670cf,96,1601580,RU,2024-08-13
96e22eb4-2b51-4794-94fa-e411ee8406a3,97,1304930,RU,2024-08-13
771fb06e-439e-4ddb-8748-66421434f958,98,2646130,RU,2024-08-13
277aeda9-607e-4c76-8080-710ce85004db,99,606280,RU,2024-08-13
b23d45bc-211a-4505-bb61-9f400dd68423,100,270880,RU,2024-08-13
0b89f572-ff18-43bd-98b9-268a69da6fdc,1,578080,TW,2024-08-13
db7caf8c-cefd-4f89-aebe-21ebb8918284,2,2139460,TW,2024-08-13
08655f1f-7b66-472a-b0ae-23782164b210,3,2358720,TW,2024-08-13
2764d0ed-6624-493d-bc36-7e8282c31c6a,4,32470,TW,2024-08-13
e791f2ea-7d82-49d4-a096-f06f039340d2,5,1203220,TW,2024-08-13
4bdf5f1a-ca3f-480b-ac61-aec7cbac4f07,6,2074920,TW,2024-08-13
cb58a095-1ad3-41e2-80b7-f0399cf9da80,7,730,TW,2024-08-13
de7c48ef-0d8a-428a-b392-3049884aa2f5,8,2855560,TW,2024-08-13
1fc8d5b0-c03c-49e6-a465-f8dac557e926,9,1091500,TW,2024-08-13
8d8725e2-1835-4e7a-8d51-ccb029dab1b9,10,2183900,TW,2024-08-13
58a1019d-da70-4baf-944f-1839df72b703,11,1593500,TW,2024-08-13
0f344a0d-0855-4440-b354-9c7d9f2e1ff2,12,32110,TW,2024-08-13
2f12718a-f293-476e-aebb-cefbb434e64b,13,1313140,TW,2024-08-13
11ff07d0-d67d-44bc-b1a1-fbf220985d1c,14,13013,TW,2024-08-13
4b68143a-352e-483c-81c1-32ecdd2adc5c,15,1172470,TW,2024-08-13
fd983137-422a-411d-b69d-98752f2540dd,16,2202,TW,2024-08-13
6d55a3f0-06f0-4824-b8ce-e92b27947904,17,582010,TW,2024-08-13
cd2d2f44-0f3c-4ab1-96a5-daaab6395750,18,1245620,TW,2024-08-13
0aee89ad-f16b-41ea-aefe-fb15e67f3241,19,692569,TW,2024-08-13
03494abb-080d-41aa-a269-1eb902fabe46,20,1859910,TW,2024-08-13
afa94ff4-58e0-4e4e-991f-1d810ed1f193,21,1449850,TW,2024-08-13
455aecf8-16db-456c-b5f9-44ebcaff35a6,22,230410,TW,2024-08-13
1fd22da6-9306-4f89-8d12-6148da40ee86,23,1687950,TW,2024-08-13
19f77748-5e52-4eb0-9414-35057ba4d313,24,2344520,TW,2024-08-13
9f235099-f152-4d54-bb27-1c5ce510625c,25,1446780,TW,2024-08-13
b8272c50-35d3-454e-865c-e7cf79ea3b21,26,1118010,TW,2024-08-13
85755f8c-fa16-4964-88d2-65dc1d3e3fb9,27,814380,TW,2024-08-13
a42ab88a-5d0d-4813-a238-4f8388ad994d,28,2138330,TW,2024-08-13
11cf5e48-664a-4245-bee8-db919191adc7,29,2349820,TW,2024-08-13
fbc9a4a2-764f-48cf-810d-a0b69323ca1c,30,271590,TW,2024-08-13
c0a31adf-155e-4221-a310-17783dd9638f,31,1089090,TW,2024-08-13
600a44c0-8b17-49ec-97d9-a13c604c9063,32,33369,TW,2024-08-13
6bb505a8-33e9-48c8-8f9c-ccba9ccd9f0e,33,1222670,TW,2024-08-13
e13a94c7-16ed-4d9b-857a-5d922ce90284,34,38130,TW,2024-08-13
cb11b5c0-40a4-4151-9388-3731878b47ea,35,2668080,TW,2024-08-13
6cad04c3-7543-4379-9722-0bf850ec49b5,36,553850,TW,2024-08-13
7c69d878-60e6-443e-87e1-24a48e300998,37,2161700,TW,2024-08-13
d814cdbe-d310-413b-a0f8-b268780e15f7,38,1610440,TW,2024-08-13
341e572b-2b58-4b4b-a453-a7f7e325cbe0,39,1336980,TW,2024-08-13
a0a8fc4d-efed-421a-9732-7349396ac9ca,40,397540,TW,2024-08-13
3b2dff87-1ecc-44b0-aec0-24792bef122d,41,6998,TW,2024-08-13
b700dcdb-2e02-4667-b385-835988a170a6,42,835570,TW,2024-08-13
2c77274c-e02f-4862-ba04-3069c3dbc80d,43,1909840,TW,2024-08-13
6963ac25-ade8-4ec2-bdcd-6bd7029976ed,44,251570,TW,2024-08-13
2d4666f5-826c-4b83-bf1b-2cae8c48969e,45,1237970,TW,2024-08-13
453d9db3-ebad-4eb1-90da-0614133bba17,46,992300,TW,2024-08-13
bca77293-607f-4547-9b07-943937d9b5c6,47,13014,TW,2024-08-13
105e8f0d-7cb7-465d-9a32-f3b9d69d0d79,48,2778580,TW,2024-08-13
34c6943f-ad54-49af-a6df-a8a972af0e81,49,1085660,TW,2024-08-13
c7bbf908-7dfc-4f7e-8aaf-a671209ef1e6,50,2338770,TW,2024-08-13
39a64eb7-0c87-48eb-9caa-75b4a3df9566,51,255710,TW,2024-08-13
0f67bd8c-98f0-41cd-81ef-6199e9022b4a,52,1049590,TW,2024-08-13
151dcd98-ff28-4f3f-aea2-546a2352be7d,53,36586,TW,2024-08-13
af38e14a-8620-411b-8fa8-49697d018659,54,1086940,TW,2024-08-13
b8eab5c4-597d-4597-aba7-dd57094e2e2f,55,413150,TW,2024-08-13
52f7b3f3-e446-4a2d-96ed-0b748df92b5e,56,227300,TW,2024-08-13
1e656747-b1df-4863-a9e1-c9d78a4836d3,57,5700,TW,2024-08-13
94fffe2d-2650-43ad-b92e-65ea79159f8b,58,2458860,TW,2024-08-13
6a83347a-91cc-4dae-ba68-212fbeb6cc16,59,958260,TW,2024-08-13
ba15f7d5-267f-4063-a8c2-832460c58148,60,2972990,TW,2024-08-13
718e8529-8963-4cb2-8a46-9089f42694d4,61,28326,TW,2024-08-13
b9c9a542-2b3f-4585-a693-d39f30eed068,62,805550,TW,2024-08-13
c589f4d3-7c2f-42c1-b6ff-47517466dcf3,63,1477070,TW,2024-08-13
4ed217e9-c70c-47d9-88e1-f0b0411c2758,64,2933620,TW,2024-08-13
f828c65a-4bb2-4419-b3e0-c320d0addc25,65,2897760,TW,2024-08-13
48764053-22ee-4331-b893-a733b5c5ef9b,66,489830,TW,2024-08-13
ee02c4a8-217b-4f7d-b733-54b8c14355ee,67,22708,TW,2024-08-13
420573af-f1c4-41f9-a112-236334303313,68,236390,TW,2024-08-13
41d1b70a-3196-46f2-b98c-3e9aaea1ba94,69,3067200,TW,2024-08-13
022c51cf-5ec2-4f64-a5ec-815e5cac62de,70,2878980,TW,2024-08-13
672831ea-9a4a-44d8-93a1-f4e86ae4a60f,71,13560,TW,2024-08-13
7db43c81-d6fa-453e-ba4e-86d8115295c8,72,1623730,TW,2024-08-13
5978a96b-128d-4a7f-97d7-3655044555bd,73,985810,TW,2024-08-13
a0e12d10-8822-439f-94c8-64f6bb58c787,74,1364780,TW,2024-08-13
50d486e1-9fa7-442d-887f-e9d450bbcd34,75,381210,TW,2024-08-13
71fb833e-a18d-4d08-bce4-7674ac27c9d7,76,124923,TW,2024-08-13
3de20e47-659b-4ec9-b06f-37cc8ff4224a,77,2567870,TW,2024-08-13
2ebbb28e-0c4d-4e43-91e7-eb568988e1d6,78,1973710,TW,2024-08-13
29865152-edb0-4b05-aea8-9e46837cdc16,79,39394,TW,2024-08-13
2a427be3-ef89-4b09-b1c4-3cff908ff3e1,80,1551360,TW,2024-08-13
69bb4102-9d94-445b-b7a8-672dd6677be8,81,2346550,TW,2024-08-13
e075c058-39ea-485c-8b36-6e41f35addb4,82,1329410,TW,2024-08-13
72247769-7bcf-4a03-a47b-29a89450b48c,83,1416920,TW,2024-08-13
23ce911b-25b4-44b2-9941-80fcd3ff7d7b,84,30424,TW,2024-08-13
b7f872d7-5337-4dab-a287-97aea8865955,85,2445690,TW,2024-08-13
c94a4987-0aa2-453b-b629-b38a92a92152,86,2016590,TW,2024-08-13
12ed94f0-97bd-47a1-b770-79c48ff4c5af,87,28628,TW,2024-08-13
f93c6258-4290-4fdc-b9c2-ff09784f46bf,88,2890190,TW,2024-08-13
d5aeabcc-8e9f-4a1d-8aa9-ba692a73ec71,89,1382330,TW,2024-08-13
9466cb21-f323-4aad-a515-3d7840a6d7c7,90,813780,TW,2024-08-13
2836498f-0ce7-4b0e-b7bf-6cfd5eb200a9,91,744900,TW,2024-08-13
b1d8b1bf-3e4a-4dee-978d-3e6749c05c69,92,1151340,TW,2024-08-13
4471b29d-6899-484e-ba4f-ca32989625c3,93,858210,TW,2024-08-13
827046b9-2388-4231-a37e-1bb88bed9833,94,377160,TW,2024-08-13
4f05d96a-1298-4276-9248-cb27b443012c,95,427410,TW,2024-08-13
62097180-a536-444b-8b07-58c97cce6fcd,96,42950,TW,2024-08-13
3e51a9fe-2a94-4cc4-b041-1384df9d95f1,97,1260320,TW,2024-08-13
4d4d556f-722b-4c6f-8eec-5c69b0c56583,98,898750,TW,2024-08-13
72db1f5f-b6b8-469c-986e-a74ecfc3bc68,99,359550,TW,2024-08-13
338240ea-444c-4fc6-b764-50d5810d8df7,100,199943,TW,2024-08-13
e94c2e1d-7405-4406-bf01-3c2910fc63ba,1,1675200,BE,2024-08-13
b2eacb03-6c3b-4f22-9960-b051e2b8b763,2,2933620,BE,2024-08-13
a5155cdf-7b25-4867-8616-aa0b9d370792,3,2183900,BE,2024-08-13
fc6387fd-c7a2-4b13-a8ad-89c70a9925a2,4,33369,BE,2024-08-13
4d2ea83f-6535-4348-bf9b-9f7f4afe88f0,5,393080,BE,2024-08-13
26fb4e6b-82df-4d3e-860c-d8ebed3b4860,6,2074920,BE,2024-08-13
2b268915-84a6-43c0-8241-9b25007636a9,7,236390,BE,2024-08-13
637d8f45-285b-445b-928a-a88ca66b09ae,8,1222670,BE,2024-08-13
d9dd56d9-62d7-4943-8e05-12b6d4cd5a98,9,1313140,BE,2024-08-13
f45c8931-edb3-450e-9028-56f9f0c99157,10,397540,BE,2024-08-13
76dd64f2-2d74-49d5-92b3-caeb76448b58,11,1091500,BE,2024-08-13
e2a5b056-fa0a-4131-b2a3-8e4ba50a2c50,12,2840770,BE,2024-08-13
827d5aad-ee2e-4379-acd3-5bc527a002f7,13,311210,BE,2024-08-13
55e7c26c-9a6c-4aba-823c-5c5ef27c2c8d,14,230410,BE,2024-08-13
3cc434fe-76b8-4ecc-9db9-da0a578cb3ac,15,32470,BE,2024-08-13
07441c24-114b-4c51-b694-6e6ea2fa98fa,16,306130,BE,2024-08-13
0e81552a-627e-46f6-91aa-cf7dd0881238,17,1086940,BE,2024-08-13
6d6970d1-8173-4306-ba44-4eae6fcfe773,18,2139460,BE,2024-08-13
44aa4792-c93d-4e61-8ae5-ca506a740c9d,19,271590,BE,2024-08-13
e2fa27f4-41c5-4f32-b23d-7f30c6ade105,20,1245620,BE,2024-08-13
12e94b0a-d193-4c9b-befa-5f349723db7f,21,33761,BE,2024-08-13
c8fcf79a-67c2-4bcf-ad50-a6d78bf44946,22,39210,BE,2024-08-13
3429f831-2f20-4bbd-bb31-a05ed596cc5d,23,40956,BE,2024-08-13
aed689cf-5d81-4636-ab76-66196badc21d,24,238960,BE,2024-08-13
5b6508f1-0561-4190-9d10-70d6f530f398,25,1962663,BE,2024-08-13
6727eb28-6e03-4e8f-b4c4-69a38c1268d5,26,5700,BE,2024-08-13
33cbd22c-00bf-4a1e-bd34-ab4ddb49b5db,27,2808930,BE,2024-08-13
c64612bc-dc9f-4d59-a129-34aeef25731c,28,1593500,BE,2024-08-13
f860f2d1-aa27-4cd2-913b-e2eba2621713,29,2358720,BE,2024-08-13
e456b609-8e7d-471f-b347-d3a3d6f6bb31,30,10991,BE,2024-08-13
00e96c93-0ad4-4dc6-b80f-7ddd805aac53,31,2638370,BE,2024-08-13
bff2dcb4-1376-4c50-9ebe-07b3ea15ea86,32,33022,BE,2024-08-13
9caa3a9f-61ac-4652-b6df-621b81cb65e7,33,2488620,BE,2024-08-13
b970f4c9-d867-49c0-b20c-2f3296d8bad7,34,805550,BE,2024-08-13
8aae8056-0ad0-4558-a457-9f8dd5100307,35,29794,BE,2024-08-13
cfe3db6a-a041-452e-8992-7520a924a976,36,2142790,BE,2024-08-13
321a1d38-b14c-48b5-8ed7-534c840713a0,37,381210,BE,2024-08-13
01950a9e-1d35-4bdd-976b-16a538533f0f,38,22708,BE,2024-08-13
d437cb71-ffdd-4d21-b70e-413da84e5a1c,39,1172470,BE,2024-08-13
b48f46a1-92b8-46a7-a560-45eb189cfabe,40,2161700,BE,2024-08-13
4725c952-9fb4-4e49-b498-d7cfac6d4773,41,2567870,BE,2024-08-13
b8a62985-156b-448d-9f18-4ce8954309b0,42,1172620,BE,2024-08-13
c377ef03-9bd7-46c4-ad00-ae3e097c70ff,43,489830,BE,2024-08-13
55e7f0e6-fb0c-44cd-9f2a-8759d537e7df,44,380600,BE,2024-08-13
ce2666e2-b200-4253-9ac6-6589ec9a7ae3,45,553850,BE,2024-08-13
8379618e-2316-439d-87a6-112f0773f822,46,16140,BE,2024-08-13
6e219c50-08cf-430d-a2fe-d8ddf7a98384,47,227300,BE,2024-08-13
09a00a2f-7ae8-4db5-98fc-73a8b94f9a95,48,49520,BE,2024-08-13
c3db1698-222c-4d2b-9eca-ebe06ea9c5c2,49,18935,BE,2024-08-13
88760a2c-36e7-4a76-88de-dae33c6dbcf2,50,2426960,BE,2024-08-13
363677a7-4e49-455f-b9f1-8bf10a5807d6,51,782330,BE,2024-08-13
608a7223-3161-4882-bc97-413faff7f564,52,39887,BE,2024-08-13
188c4ed9-837a-4bda-8bc9-6fdf503a070d,53,1232580,BE,2024-08-13
6c90618a-86ec-44f3-9c58-2af53a42188c,54,2890190,BE,2024-08-13
1a601d17-4006-4978-90c3-a564fec01437,55,40889,BE,2024-08-13
355e18a4-ce09-4c90-93ea-6b57e66bedb6,56,1687950,BE,2024-08-13
331534bf-7f1a-4037-bfc0-51d2544bdcc4,57,25271,BE,2024-08-13
9b290db8-1105-4364-bfd4-8d030b9eb7bc,58,1623730,BE,2024-08-13
d85f865c-f0a8-45b3-9a37-fd882b43f6df,59,377160,BE,2024-08-13
128af588-9963-47fc-8594-8e3201c04f01,60,1151340,BE,2024-08-13
26a6a340-20fa-4ff2-bbd1-ba63bf4e7b98,61,33357,BE,2024-08-13
4c159aea-3384-419e-babd-6163cb3d0c57,62,1985810,BE,2024-08-13
90144489-ae70-4e4c-85ce-12e2c3e32027,63,32110,BE,2024-08-13
5348f317-d1e8-434b-bca7-c8631a659433,64,1363080,BE,2024-08-13
3d2236f2-c97d-4c36-ac76-94f31c6dd1e9,65,1250410,BE,2024-08-13
4e2dd95d-8cc0-41c3-8ecf-b28e6a067594,66,730,BE,2024-08-13
e2c9a473-b622-4b8b-85ab-cbc84c92a360,67,359550,BE,2024-08-13
ed0ad437-54d9-4a65-bf02-8204600d6d4a,68,1407200,BE,2024-08-13
aff040f2-0b37-4783-ba72-bc6b666671cb,69,1248130,BE,2024-08-13
4b6374c2-7d66-4f39-ba96-c9bd64b68892,70,2400510,BE,2024-08-13
43b34027-4943-41d6-bcb4-fa57781849b0,71,124923,BE,2024-08-13
f4851d3f-9a8d-4d73-90a3-07902e5a7fac,72,2751000,BE,2024-08-13
976ee910-aef2-4a37-b5f1-9843077ecfae,73,42217,BE,2024-08-13
66ac6c6b-ea88-48f2-ac34-8046e7d90404,74,413150,BE,2024-08-13
bba354ab-3d06-48d8-84d5-69206dc8ed57,75,1934680,BE,2024-08-13
ad57262f-e2cd-4e16-b982-db01dcafefc5,76,1286680,BE,2024-08-13
dca655bb-4528-4466-99b3-18200d99d5fe,77,18245,BE,2024-08-13
51c41449-7663-4e57-8c7f-10446690e01d,78,2138330,BE,2024-08-13
03349848-8330-4f56-9d05-6bced2b2489b,79,15435,BE,2024-08-13
c622877c-6993-402f-9682-5137e9cb6667,80,739630,BE,2024-08-13
e2b08554-dd15-4363-9b34-e8264333976b,81,1237970,BE,2024-08-13
3b9f950a-9ff7-403e-8032-abcae1ec80e1,82,1326470,BE,2024-08-13
6c25aae0-9d52-463c-b796-73c627f985b9,83,252490,BE,2024-08-13
9f01b076-cee8-4e78-ae8a-ce3fdcc2182c,84,570,BE,2024-08-13
35ed71fe-607b-4e50-94ee-49b3f9746e66,85,292030,BE,2024-08-13
2d4f013d-275c-4e04-bf20-0806f7ddbd1a,86,1203220,BE,2024-08-13
869d7124-96b6-41c1-8868-93f5d1c08baa,87,6998,BE,2024-08-13
25609c6b-e69d-4aa6-9831-4ab71c451d71,88,202970,BE,2024-08-13
a85e0dd1-071b-41d3-974c-11e1e5481089,89,37363,BE,2024-08-13
c1e54d86-564c-4567-8dca-09bc52f7fb27,90,1649080,BE,2024-08-13
a8924c47-e287-4331-a5f2-75e3886f48c6,91,578080,BE,2024-08-13
cd0fd013-29d2-47f8-83a1-d84162630405,92,15366,BE,2024-08-13
324ca472-5a44-4781-b2c1-7b389f7a5b1c,93,14219,BE,2024-08-13
841a9de0-08b0-4118-acd8-5f7765084ba5,94,2300320,BE,2024-08-13
2f2b41ce-4199-45de-8ebd-efdbd17b5bad,95,2494350,BE,2024-08-13
78cb8773-9a98-4dcf-8ba6-00424aa92593,96,1085660,BE,2024-08-13
495c53d9-f209-499b-aeff-5ee5f354c5f0,97,5701,BE,2024-08-13
6db77f1e-5553-4736-af11-b34d60ee49ae,98,2344520,BE,2024-08-13
5ec3080f-9d51-40d4-92ab-697988913846,99,1517290,BE,2024-08-13
d5f23ccb-0c6c-4bd5-bf44-d4c7d713e89c,100,727,BE,2024-08-13
52fed299-3d51-49c5-82e7-ebd95608c5cb,1,1675200,NL,2024-08-13
ed9ac608-943e-49cd-b166-a2dfd30f4d6a,2,393080,NL,2024-08-13
3dfffe11-1e36-469f-99f7-a9b20563fd4b,3,1091500,NL,2024-08-13
7a5d4127-51c3-4097-b67e-e936cca8f975,4,1313140,NL,2024-08-13
98e9cd6b-69a6-40ba-815f-b92f17b29b08,5,33369,NL,2024-08-13
0ab034d8-5da0-4adf-8d86-10d300d90f14,6,236390,NL,2024-08-13
0ba208ea-a299-443a-a53c-c736fcf4a1fd,7,2933620,NL,2024-08-13
7a1e8924-d64a-4b50-8608-9e32b537a65b,8,2669320,NL,2024-08-13
97db9847-020c-467f-8504-2de66d3a713f,9,32470,NL,2024-08-13
ba04e81f-a7a6-4201-8975-dabd8f545f1b,10,397540,NL,2024-08-13
4d108059-1734-433f-aeb2-d8ba7a845da8,11,39210,NL,2024-08-13
bf4f457b-6588-4535-bd4b-1fbec34544be,12,2840770,NL,2024-08-13
f34c3778-5979-4bd3-a5da-da7d5629a8d2,13,306130,NL,2024-08-13
90d1951d-e39e-42d4-90bb-84008172b1ea,14,2183900,NL,2024-08-13
959b3476-2b32-43b9-8861-c45cdb0f1630,15,1245620,NL,2024-08-13
f6aa9c70-b0d2-4c79-a049-5b78cdf98cb8,16,1086940,NL,2024-08-13
46cfefb1-017c-4cb6-8b15-6290c07bc637,17,1593500,NL,2024-08-13
282ce9ac-48bb-481f-8831-46afaea2b436,18,2074920,NL,2024-08-13
15015c73-b919-4352-a77b-89124c5e26b4,19,2142790,NL,2024-08-13
9b8312e9-63e2-4bdf-9f04-733b32714598,20,1222670,NL,2024-08-13
412b4779-d239-49db-9878-5914ec40af22,21,1599340,NL,2024-08-13
06365367-a25a-4700-9ce2-23461a0d1d1f,22,238960,NL,2024-08-13
42479426-7165-42f7-8dd5-87a4007f27fb,23,311210,NL,2024-08-13
c320568b-6c7a-4f52-b39e-7f2882c747f0,24,1687950,NL,2024-08-13
a4175fd7-991c-47cb-981e-ce84c1ca0864,25,553850,NL,2024-08-13
df6b7bab-0420-4566-9866-ed9b41a4cb48,26,271590,NL,2024-08-13
10eaa361-fabc-49dc-85e8-8a1b5307f9a3,27,227300,NL,2024-08-13
22212473-7097-460e-8c69-7da63cf34376,28,41922,NL,2024-08-13
d93c4eff-5bc1-4fd6-b490-250ace86838f,29,570,NL,2024-08-13
2de75b85-c0a1-44d7-ac3c-61ce1b1dedcd,30,2195250,NL,2024-08-13
ead700d0-29da-4654-a534-b1bf6fca3b1c,31,1250410,NL,2024-08-13
9163b0c7-dfd6-44e8-9572-168b88f499d1,32,2139460,NL,2024-08-13
b323ac0f-bf1d-4653-a227-afaee54e648f,33,2138330,NL,2024-08-13
9cad09fe-b87f-463b-b444-765ad32cdd50,34,381210,NL,2024-08-13
84829726-95af-4f60-8568-2580117f9067,35,1085660,NL,2024-08-13
f2d9da8f-9cff-4908-ae0a-36d646587f8b,36,3782,NL,2024-08-13
75ed0124-8428-4524-8f82-f69944edc344,37,1172470,NL,2024-08-13
b44442ea-40d6-4283-baf8-82a14c33b489,38,230410,NL,2024-08-13
ca50b0af-9356-4826-b520-c5c6cb59c66f,39,359550,NL,2024-08-13
62cf10b3-3e40-4fda-951d-1a6020299366,40,1172620,NL,2024-08-13
a1049228-1753-4b00-9a7f-d0305d8406b9,41,2358720,NL,2024-08-13
247f4b24-a3ba-42de-9216-ea2008396023,42,2638370,NL,2024-08-13
82e91ad2-7884-431d-aad8-25c2a82d718a,43,32110,NL,2024-08-13
7bd4ca17-7bf7-4fab-9831-21d0b365a46d,44,2567870,NL,2024-08-13
94a72009-63b9-42bd-9269-d69d0767bbdc,45,5700,NL,2024-08-13
87503166-a254-4e91-a60a-560b45d98c78,46,252490,NL,2024-08-13
a425da49-bf50-49fd-9641-d0021fe6c576,47,1151340,NL,2024-08-13
6ac00448-5a4d-4827-bde8-e74672d5186d,48,377160,NL,2024-08-13
cbbe05fc-d156-4364-81d2-d42c43cf6b16,49,2161700,NL,2024-08-13
79730ecb-ee2b-49ec-9d65-dafdcdff8324,50,39887,NL,2024-08-13
21fcd887-793b-4e74-add8-b5f925df8acf,51,489830,NL,2024-08-13
8ca9287c-507e-48f6-9de2-79145b545ced,52,2890190,NL,2024-08-13
259d17ea-69e0-40da-83cb-5e6d98ffd605,53,2778580,NL,2024-08-13
cf8500bc-b2ab-47c5-a7cf-bcfc600afc33,54,1059530,NL,2024-08-13
66079431-78f2-44a8-898a-fcb567bcc3d4,55,49520,NL,2024-08-13
6815a065-3dfd-4f37-ac34-6bddaedf54c3,56,413150,NL,2024-08-13
21417949-57cd-4732-bd33-657adbf8b604,57,2300320,NL,2024-08-13
ce40f9a3-e015-4794-b7a6-38e38fa37efc,58,578080,NL,2024-08-13
81c04348-9160-4dae-ae24-6dbf7b73697e,59,427410,NL,2024-08-13
202b274c-d431-4e1d-a1e0-ed6841162579,60,2461850,NL,2024-08-13
b7de2e55-3ec6-4f02-8d8e-52b60df42a1c,61,294100,NL,2024-08-13
4d12a893-5c8f-43d9-bcd5-8c5abb68a94e,62,1622910,NL,2024-08-13
51234199-e337-440c-8ca2-21e09e8e307e,63,1696780,NL,2024-08-13
5105be91-37b0-418e-b783-3e8aed6341cc,64,1158310,NL,2024-08-13
17162fa6-68af-4f02-b90d-e6ef1ba547af,65,739630,NL,2024-08-13
e7024789-2ad6-46fe-acf6-769312534638,66,354231,NL,2024-08-13
6e5b65e1-8191-4c4e-8ebf-9083b670a22f,67,2961880,NL,2024-08-13
d0c3f812-c4cf-4b99-9e34-bdfe3984b225,68,124923,NL,2024-08-13
74ad976f-2b98-4347-94b6-93ab662448e8,69,2400510,NL,2024-08-13
244985ba-2374-4822-900b-061ea11218bb,70,292030,NL,2024-08-13
751034d0-ce55-4834-b928-0f191ea23bf0,71,1237970,NL,2024-08-13
7a8c199e-4724-41bf-a2bf-e881a667564e,72,380600,NL,2024-08-13
f2b8b0e7-cedc-4ba5-b7d7-b137d3fd43c0,73,782330,NL,2024-08-13
385d9d21-7bc3-4b07-a945-852ce1d4d958,74,2670630,NL,2024-08-13
9fee94fd-f0e4-4e05-9b51-2d0071e9626c,75,33357,NL,2024-08-13
f9f8a7a9-8db3-418e-9035-a6d0da7c15ea,76,1649080,NL,2024-08-13
cce1ca0e-c1ed-45ab-931f-3c6d5a316b4e,77,28867,NL,2024-08-13
a643944f-468f-424f-b578-f3c25392d8d3,78,1326470,NL,2024-08-13
77fbe819-60b8-4f3b-b9b5-75012911f222,79,1174180,NL,2024-08-13
53cbf178-05d8-4c3c-ade1-e2d22c0f6bd8,80,1759,NL,2024-08-13
7b517be5-f6ca-43da-a532-693824e68d17,81,2366980,NL,2024-08-13
a7cb9658-2c3d-4856-9dcf-180ad3a7fe8e,82,1449850,NL,2024-08-13
267692f0-e716-4ec0-8fd0-e7a2408503ba,83,28881,NL,2024-08-13
be7b8b6e-8f39-4654-bd3f-6eac3e00ca1c,84,703080,NL,2024-08-13
8ed6e05f-c318-416b-8cd1-556106cc7027,85,13368,NL,2024-08-13
e00d245b-bd51-429d-91cb-55b9927fc9dc,86,949230,NL,2024-08-13
2a370053-0903-4eae-9e54-b6518e1f71c2,87,12346,NL,2024-08-13
54113a00-abd3-49e7-8b7a-a420e85bd7f1,88,1286680,NL,2024-08-13
ae53cfa3-720b-4af3-997a-ffb42e531dba,89,582010,NL,2024-08-13
7bf56dbf-e6c5-4283-a741-3f01cfc2f24b,90,266410,NL,2024-08-13
c5bb3662-0b0f-4191-a415-33153a926ca3,91,730,NL,2024-08-13
c3e299fd-a653-4eb6-8f8a-bbb10aab39d8,92,255710,NL,2024-08-13
b7e11427-70f4-48a6-9ff4-9262bce398c8,93,281990,NL,2024-08-13
a9e3d977-8e3d-4844-9a88-02ac0a3aa605,94,1363080,NL,2024-08-13
71fab09a-970c-4ecb-bcef-1b68fb4fd75d,95,2344520,NL,2024-08-13
a3a057bd-ef38-4e15-89f0-b3770a033eb2,96,1232580,NL,2024-08-13
62e146d3-2019-403b-bd12-8c4cbf4fe62b,97,494840,NL,2024-08-13
e6341b5e-ef0d-4a0b-934b-46ffff908c92,98,1286830,NL,2024-08-13
d930ddf3-025e-4301-8e08-f630b79798e4,99,261640,NL,2024-08-13
6c34ff8b-3a08-4736-bed0-20278f29e2f9,100,1623730,NL,2024-08-13
4bdb19a5-b833-4e76-8895-1f5b8de8d4d1,1,1675200,GB,2024-08-13
b0406694-03ac-4056-8c74-bf30042cfd23,2,730,GB,2024-08-13
9bce37fa-6a1a-42a1-8b0e-ed3ec2ce5ed0,3,393080,GB,2024-08-13
557c7c74-bd56-48c6-a5eb-98345b880179,4,2183900,GB,2024-08-13
1809a0c5-50d7-455e-b565-18eecc59daee,5,1091500,GB,2024-08-13
83b258ea-160d-452d-b504-f29a76502c63,6,1313140,GB,2024-08-13
e521b4c9-006c-40d2-9ed7-7bc84e5af03d,7,2933620,GB,2024-08-13
455a03cf-e148-4851-ad6c-32808714437d,8,397540,GB,2024-08-13
bb4d0408-0679-4ec2-89c3-72bd005423a5,9,33369,GB,2024-08-13
65630126-c8b0-4b49-9d2f-4d21487a42b3,10,2161700,GB,2024-08-13
706b9d58-9121-421e-9b2e-af457524a4f8,11,311210,GB,2024-08-13
3452f3f1-31d7-48fd-a2f5-dc0544fad0ab,12,236390,GB,2024-08-13
a8351278-2ea2-49dc-a2a7-b27c786a1e47,13,230410,GB,2024-08-13
450b8f33-3dfb-4163-b688-9c12dd4e0be1,14,2074920,GB,2024-08-13
159becc2-fbfc-4dd5-8f2c-305d9253c540,15,32470,GB,2024-08-13
c9f03694-24b0-402a-b93b-0123b49097e0,16,2366980,GB,2024-08-13
8383eabe-e477-4433-b5ee-2186cffb9dce,17,1086940,GB,2024-08-13
cd338fe4-a8fb-4782-8f81-b14ed3c2bd04,18,306130,GB,2024-08-13
4e2b1b70-eb23-4b81-9e57-9562683caa2b,19,2669320,GB,2024-08-13
40f54ed6-6e55-4279-bff0-52336219bc34,20,39210,GB,2024-08-13
faa722d1-0c96-445c-9f33-481d450fdccb,21,381210,GB,2024-08-13
4dcea5bc-d7ce-4b04-93d6-2d4bb85d090b,22,2142790,GB,2024-08-13
21b2b3dd-833f-4582-aa28-2ad39924c847,23,1222670,GB,2024-08-13
d947f217-9018-4208-89a3-7a3013a0d58d,24,1245620,GB,2024-08-13
95bc5476-3025-46d1-9238-ecf210a6005c,25,553850,GB,2024-08-13
63846a66-9fe6-4a5b-b17f-d0bf36b22588,26,32110,GB,2024-08-13
673a586a-71d0-4ff4-920b-e7fd6048345b,27,2638370,GB,2024-08-13
69c8517c-a05b-4717-ab93-e17062ee0b1e,28,1687950,GB,2024-08-13
9db97583-51b2-4369-8c8f-38fa95994dc3,29,271590,GB,2024-08-13
fbbb9c0d-75f5-4c20-a86b-1aa6d759e247,30,440,GB,2024-08-13
4d1d17e0-60d3-4194-bb84-048a9db91397,31,2138330,GB,2024-08-13
cb4b8e64-1836-4084-8cb1-9d7f579cdc54,32,2139460,GB,2024-08-13
9a423002-a23a-47ab-a3f4-be75b2a93f55,33,2890190,GB,2024-08-13
495215a2-e11d-4db8-840d-f043e079b39e,34,377160,GB,2024-08-13
3dd6d4cd-df43-4237-a44d-07eaa5c74f02,35,1172470,GB,2024-08-13
4c35c861-db74-483c-89ba-414474fddbb3,36,359550,GB,2024-08-13
69844019-59f5-4427-b727-b4d935c27380,37,1151340,GB,2024-08-13
8c60af55-837b-4247-b401-7a3c1b59fe26,38,570,GB,2024-08-13
147f634a-2451-4dd0-9a07-174ef6a568de,39,1085660,GB,2024-08-13
9ca41c90-78a1-4b85-8e2f-34b0140ed6cf,40,252490,GB,2024-08-13
9e47fc90-b27d-4392-9e30-0c0bd917fdee,41,1593500,GB,2024-08-13
c86bf953-af50-4248-9dac-ba59d4d2058c,42,1059530,GB,2024-08-13
d85eaacc-795c-4c0a-8143-4dd0d07bf05c,43,238960,GB,2024-08-13
9cdce2cc-7d34-4a17-90e0-d005b7310761,44,2358720,GB,2024-08-13
6be0fd90-0fe2-483f-a073-cdd14514dc5e,45,49520,GB,2024-08-13
462e4d8a-750c-4b0a-bfed-0b8164649a68,46,1449850,GB,2024-08-13
cf5bcd32-b64a-4615-ab14-dca0324a21fa,47,2840770,GB,2024-08-13
404c0f59-ac16-4ff1-9b43-cd0ad773438d,48,489830,GB,2024-08-13
496beca9-a9e2-42d8-ab71-3020ff82222e,49,35030,GB,2024-08-13
72aaafbd-2b35-443e-9cb6-0954dac0167c,50,427410,GB,2024-08-13
e499792c-ba3d-4245-96d7-c0ba0c19bfa1,51,2195250,GB,2024-08-13
7057c67a-d139-4cb1-a36d-ef93dd4f9b38,52,2400510,GB,2024-08-13
111d63bb-1f5f-440f-ba98-2f16569fc8a7,53,199943,GB,2024-08-13
51853b21-6fa7-42ac-8eeb-6e19f3c074af,54,413150,GB,2024-08-13
a7431ba4-b2c3-460a-a7b4-ee8bb71def96,55,2567870,GB,2024-08-13
0257d10c-ab6e-479e-856e-d352f8b1b0e3,56,354231,GB,2024-08-13
46428de8-bb1b-4e20-9440-ddf061ddbee3,57,578080,GB,2024-08-13
3b993098-8d56-423d-879f-ab58ada84301,58,30424,GB,2024-08-13
192acfff-7c57-4b02-a50e-b95b36374b19,59,1622910,GB,2024-08-13
450f874b-bc09-4e34-ad43-252421327899,60,739630,GB,2024-08-13
9d1c33f8-dab8-49ab-92db-7ab6623b0c05,61,5700,GB,2024-08-13
7fbb299b-5410-4859-9dd7-0ecd12c2bc84,62,782330,GB,2024-08-13
08901cd4-6a8f-48ec-9e28-68a5df370be6,63,2778580,GB,2024-08-13
78da1ade-3909-476c-9e62-68e91f6fbdb0,64,1158310,GB,2024-08-13
cea815ac-8c75-4b89-acec-990c6ca8fe1f,65,1649080,GB,2024-08-13
4702fa86-50a7-41ae-89e8-a78957c28f5a,66,227300,GB,2024-08-13
3dadbb04-0d8f-4889-a54d-846a1be3172b,67,1286680,GB,2024-08-13
1b083e16-6c44-4ec3-b66e-96c65f56a1aa,68,546560,GB,2024-08-13
83a9ba4e-1f66-4ba0-b9b7-c868162d5a91,69,38150,GB,2024-08-13
db84e262-4698-43c4-8bb8-733fe0f689af,70,202970,GB,2024-08-13
f25af578-7655-423a-b850-c3353822002b,71,394360,GB,2024-08-13
977e6926-c189-4ea4-b346-4b37e6989b35,72,292730,GB,2024-08-13
3754a00e-1bc3-4432-aa90-9b01c1cf90f2,73,1237970,GB,2024-08-13
767335d1-e131-477c-a131-3bed4d3b25a0,74,2252570,GB,2024-08-13
627654c0-584c-4470-8784-4789f411ee86,75,2141910,GB,2024-08-13
69b42208-bc07-41b4-8c2b-2cd579fcd753,76,124923,GB,2024-08-13
e06f94df-b4f5-48b5-a01f-245958e91a77,77,2215430,GB,2024-08-13
488b8880-9998-4fed-b55f-e1a5fb91b289,78,1250410,GB,2024-08-13
d40c583f-0fe6-4675-aa0b-3460bb70cf6a,79,2670630,GB,2024-08-13
5490a52a-0cd6-4313-9d49-3bc21aaaef43,80,1289670,GB,2024-08-13
e423523a-ff3b-45f5-8098-4626be9bed70,81,1985810,GB,2024-08-13
2dd4f27c-0030-4e65-9496-22020475d4e8,82,294100,GB,2024-08-13
35b3ae28-c0e2-40db-8fdf-9a83524539ed,83,582010,GB,2024-08-13
4423314f-eb1b-447e-8d96-ad2f0081997b,84,2344520,GB,2024-08-13
ddec7d0c-15c9-46d7-861d-1305d622adf2,85,1659040,GB,2024-08-13
a07228de-f5d6-4194-b25a-a20be1a107cb,86,261640,GB,2024-08-13
b79ed444-5592-4ae4-8fe8-d9591bafd27b,87,858210,GB,2024-08-13
e4da1879-b981-441e-a144-281fdac52581,88,2357570,GB,2024-08-13
d86ee167-8746-4dbb-8255-4934169c20a4,89,692569,GB,2024-08-13
0af6c103-ba89-4ff5-9bd4-ceb29bfff4a4,90,1232580,GB,2024-08-13
f9a698ae-7104-49f4-b6b1-8af452103104,91,1599340,GB,2024-08-13
9418613d-6d75-409c-a5c9-f1cc967d7b23,92,292030,GB,2024-08-13
e146ef15-16ee-44fc-9729-bb8d2f6ae270,93,2461850,GB,2024-08-13
c074b5b5-ddda-4513-93ca-956626f1375a,94,1962663,GB,2024-08-13
461fced3-a196-4024-84fc-c4f1f7ecd1df,95,582660,GB,2024-08-13
0ded1dfa-a6b8-4191-8ded-25eba045da34,96,1172620,GB,2024-08-13
ccb84948-3aff-491d-96f2-191d5aaaad27,97,2751000,GB,2024-08-13
e20639c2-208f-4b28-be9b-80916f4cd459,98,1142710,GB,2024-08-13
0ecfba09-5dc2-41bd-abae-a71c806ed48f,99,281990,GB,2024-08-13
b7a96b8e-bfc6-44dc-9692-11a971145125,100,244210,GB,2024-08-13
1621abde-fdfa-45de-a1a7-3eb773f8388f,1,730,TR,2024-08-13
07336a80-1e02-4553-bdd3-6291d4e34a9b,2,578080,TR,2024-08-13
4ebb0df1-b6d9-41f0-bfc2-84a9a6453e67,3,2669320,TR,2024-08-13
0634097d-4a32-4136-8964-ea247ee39651,4,570,TR,2024-08-13
1af2ca93-82b7-437c-acd0-22d2413cba69,5,32470,TR,2024-08-13
f898190f-b6ac-461c-be15-60eb408918e8,6,413150,TR,2024-08-13
fabe326e-5581-4f5b-a5b7-d2a6c9170519,7,1091500,TR,2024-08-13
223d4026-80be-44ab-aac7-28bb91ca69a2,8,306130,TR,2024-08-13
f2fad0ca-4b8b-486a-9043-bd444bbcb0e5,9,1245620,TR,2024-08-13
7b303cc0-2791-4fd6-b22c-9642690300e3,10,1665460,TR,2024-08-13
f7b8160e-1a4d-48f7-9896-c6b80559c5e7,11,1593500,TR,2024-08-13
2cf74191-0d2a-4f28-a7c3-8dc42f14d3dc,12,271590,TR,2024-08-13
d306544f-1f06-49b5-b8ff-be11a2cc4005,13,227300,TR,2024-08-13
e64da5f2-bf80-467e-8190-eb96e3ccce0d,14,2567870,TR,2024-08-13
9c471524-0403-416d-9110-5d6d73dd86ba,15,236390,TR,2024-08-13
6739c1ad-e960-44cc-a225-d54d342e91fa,16,5700,TR,2024-08-13
ab429e55-617a-4cea-a22d-bf020b1ae6c0,17,389430,TR,2024-08-13
1e03726c-5c61-4617-85e3-edd5ef98ba47,18,582660,TR,2024-08-13
7c6a6165-7b4a-4346-9e55-348cb78b9c20,19,252490,TR,2024-08-13
8133204c-33cd-42a2-93f7-f66da50d491c,20,33369,TR,2024-08-13
7c755aea-5fa6-421d-934d-761721a95edb,21,1313140,TR,2024-08-13
4ced11f8-7875-4df9-b591-0bc2ea433623,22,1238840,TR,2024-08-13
e124c2e2-e574-45d9-97cf-e2abd7ddd96f,23,2183900,TR,2024-08-13
e48131d2-4267-4544-ba89-34d65ec31d20,24,2778580,TR,2024-08-13
5e0b8896-4122-41ca-8161-4400c355e376,25,381210,TR,2024-08-13
6f33dbe0-a780-4684-8cc4-2922ac59f6e2,26,2933620,TR,2024-08-13
9d5726b2-de8b-4fd1-be3c-9468ce5dee2e,27,2138330,TR,2024-08-13
8e8d55fd-f6b9-433f-951a-d4e1cd739498,28,2358720,TR,2024-08-13
5e4f074f-0467-4c51-a2c6-41c5f9dc6fdd,29,359550,TR,2024-08-13
4b89f4b7-08f6-4269-b452-72928c8809de,30,32110,TR,2024-08-13
3e00ebce-201b-4672-aa21-f8e90525cd7f,31,2322010,TR,2024-08-13
6071162e-08fb-4a43-8c14-7900ce0fcdbc,32,1086940,TR,2024-08-13
29e81d0f-3d3c-43e9-bc4b-6c01d5f79771,33,440,TR,2024-08-13
a4181b6d-85f1-416a-b3fc-7b62ddb5da62,34,1119730,TR,2024-08-13
5b034cd6-e42b-4735-9f16-3f16d10657ee,35,489830,TR,2024-08-13
e1acaacd-f9f5-4353-beab-9578fa116107,36,2344520,TR,2024-08-13
b8abb761-aaff-4204-a57d-7270ea6f2cd0,37,1687950,TR,2024-08-13
a9421292-c9b8-4869-8c20-15c94c9c7f1a,38,2195250,TR,2024-08-13
4e0c9d67-5710-4412-9a3f-bfc6a4a24b85,39,2000950,TR,2024-08-13
67335262-e00e-47ce-9dce-6a62fd7c5dc5,40,782330,TR,2024-08-13
521f302d-6505-4616-94e2-f123d6643073,41,1222670,TR,2024-08-13
c4edd3b7-9fcf-4f57-95cf-fe39607514a7,42,1289670,TR,2024-08-13
4310bea6-5ebe-47a8-aed4-ed0298a6f053,43,1551360,TR,2024-08-13
727d9d82-d835-40bd-bda7-49676b06db94,44,238960,TR,2024-08-13
d0cd0a20-88a3-4cdd-a7c2-577392c5a685,45,230410,TR,2024-08-13
0ec0e123-5277-4ef2-abb5-b17bf21509b9,46,2074920,TR,2024-08-13
264f40be-b79f-43fc-85b3-dcc5b08c9e21,47,244210,TR,2024-08-13
625e2346-b2da-40d9-9757-2c80ff2130e7,48,2161700,TR,2024-08-13
a98e1915-0c54-4146-b38b-b4b720e7dd3f,49,292030,TR,2024-08-13
706dd62b-05fc-4639-be75-c69b1704b4cc,50,739630,TR,2024-08-13
3e3c60d7-9de5-46b1-a9f5-625bed40381e,51,1517290,TR,2024-08-13
87793fa1-c13a-4b83-874b-b504ad1d4b58,52,377160,TR,2024-08-13
c51f7443-9679-4a8f-b695-78baa1631f0d,53,1237970,TR,2024-08-13
9b89b4ae-fc95-4769-88d6-41c5bc5e591e,54,2881650,TR,2024-08-13
a6bf25f2-0117-4699-908d-ca5661ec57a3,55,553850,TR,2024-08-13
faafc7d4-4eb0-40d4-8d2c-e21fc164988c,56,1943950,TR,2024-08-13
5e1b03d6-5613-4adb-acb7-d0f2161518ff,57,261550,TR,2024-08-13
214c6818-c2d3-4383-86bc-495ca33c392c,58,1599340,TR,2024-08-13
887dcfc8-575f-4e75-b8ae-8806d8d0ab42,59,35840,TR,2024-08-13
fc1fb926-17b6-475a-a1c5-f6eff0ff8ce5,60,431960,TR,2024-08-13
7154ca34-6091-4d2e-b258-568f13b0a58d,61,393080,TR,2024-08-13
9a7506c4-9ca2-4a7b-9e16-e47b3a90f016,62,993090,TR,2024-08-13
f2127ec4-5d54-480e-96b7-a04aec46194d,63,1172470,TR,2024-08-13
86894e1b-8f0d-4a84-b972-0a2705164da0,64,2215430,TR,2024-08-13
1b203ed3-3a02-4632-96d2-4dc6d26179b8,65,39210,TR,2024-08-13
6a735906-8406-4266-95f2-bb9af3eaf586,66,444200,TR,2024-08-13
cbbeb7aa-c9c3-4295-ba28-85880c685684,67,397540,TR,2024-08-13
d0b5eab6-2fc9-48ea-a438-b91fbc9ef7fd,68,124923,TR,2024-08-13
e892ce13-f751-4a5e-99af-6837572551ef,69,1716740,TR,2024-08-13
c15e955c-e9bd-45fb-b031-fa0dce597437,70,15435,TR,2024-08-13
5601aaf8-c3bc-4a18-ad7f-a4a7959fc5cb,71,714210,TR,2024-08-13
d5187599-8745-4e2f-8493-4b96ecf1e9a8,72,38150,TR,2024-08-13
52d06c6e-fbfd-41cf-9ec1-f0f278213b56,73,1222700,TR,2024-08-13
89098402-1450-430a-b801-32309111def8,74,236850,TR,2024-08-13
0127805b-c9e6-49b0-a3e1-fffa1d4dac01,75,1966720,TR,2024-08-13
de7b6407-5f3d-400c-b2c8-5b18a03be6ee,76,2638370,TR,2024-08-13
044ca50c-45d2-4f13-9839-11f4d18ccd37,77,2252570,TR,2024-08-13
04d86d01-ca56-43a3-8f75-32c1bb9e58fd,78,2139460,TR,2024-08-13
01899812-de10-4023-9faa-050c736b189e,79,552990,TR,2024-08-13
99e15c4a-a16c-48a9-9911-3253a781a02d,80,28204,TR,2024-08-13
ea020605-7e62-4ae1-ab22-f1e599f89859,81,1174180,TR,2024-08-13
fa6fe4cb-58b1-494d-a159-f2b374b19987,82,394360,TR,2024-08-13
c660f848-093e-4f76-9377-028d7c4c44e2,83,2461850,TR,2024-08-13
f3f62085-367e-410b-b8ce-158d76e36b83,84,534380,TR,2024-08-13
9265fe39-a566-4b49-a0a4-6255f892fa00,85,1938090,TR,2024-08-13
3b9c42cd-d453-4a8d-a511-a6fbe3f0b575,86,1962660,TR,2024-08-13
908b0b78-982e-43dc-a2e7-1c0bc4f6da5d,87,108600,TR,2024-08-13
988dcd03-905b-4718-ba30-53516764b6a2,88,1238810,TR,2024-08-13
bc0e062e-7e0a-4e04-9446-fde71fa47187,89,805550,TR,2024-08-13
f8b6c651-c2d8-4a3d-855f-0207a109f1ae,90,1962663,TR,2024-08-13
b2c9a6ac-8140-4485-8be1-53d2a5814c7a,91,1172620,TR,2024-08-13
51ff92a2-6b24-4f66-8c9d-a68f59e5e1a0,92,1203220,TR,2024-08-13
2f301a62-64dd-4b6e-bb22-2521c5eca5bc,93,761890,TR,2024-08-13
c6ac5b0d-7907-47a9-a348-20cca18f8512,94,284160,TR,2024-08-13
7a4a7931-6d13-4ad2-b400-c447a435cb3f,95,1985810,TR,2024-08-13
1a9f9c52-0b13-4ee3-8bbf-cbb741c5e730,96,2890190,TR,2024-08-13
6c541394-67d6-4f2e-b668-5017f5d476d4,97,1274570,TR,2024-08-13
f4c22d4c-649d-4f29-97b2-b3b7ea7f1cf9,98,2073850,TR,2024-08-13
9ef5e1fe-35a6-4612-96a8-ff35b1e999cf,99,2124490,TR,2024-08-13
fae3184c-0b88-4eef-a837-5589578e908e,100,1144200,TR,2024-08-13
